1.000000000000000000e+00
-1.218272681847079042e-01
-1.000000000000000000e+00
1.000000000000000000e+00
1.000000000000000000e+00
5.762618633603313612e-01
-8.524527820492515673e-01
-1.000000000000000000e+00
8.131635491904551927e-01
-3.658189080195471954e-01
-7.311256729848926161e-01
4.074240207677495285e-01
-8.710370414913025661e-01
1.000000000000000000e+00
3.106352018186597785e-02
-3.289510178963347409e-01
1.000000000000000000e+00
-5.891797032386978383e-01
-1.000000000000000000e+00
8.257184707485369923e-01
3.374269583950721962e-01
-5.557933614123604649e-01
1.000000000000000000e+00
-1.000000000000000000e+00
-9.047735794018387789e-01
1.000000000000000000e+00
-9.835043516032692112e-01
1.000000000000000000e+00
-9.827548906541712093e-01
1.000000000000000000e+00
-7.566044699451923705e-01
1.000000000000000000e+00
1.000000000000000000e+00
6.623888609140295980e-01
-1.000000000000000000e+00
-1.000000000000000000e+00
9.883754741438482982e-02
-1.000000000000000000e+00
-1.000000000000000000e+00
-4.000947345191501192e-01
2.432957762463677787e-01
-2.780276671699141167e-01
-3.157991692608179690e-01
1.000000000000000000e+00
-1.432553618410130625e-01
8.621662716233828849e-01
7.163215486304796986e-02
-2.825560665986787123e-01
-1.000000000000000000e+00
-8.458423803126913221e-02
9.833754350744425832e-01
-1.000000000000000000e+00
1.000000000000000000e+00
-1.000000000000000000e+00
-1.000000000000000000e+00
-1.000000000000000000e+00
1.000000000000000000e+00
-1.000000000000000000e+00
2.168587617459595274e-01
4.978895824746804033e-01
-1.000000000000000000e+00
-5.686354546353583617e-02
1.000000000000000000e+00
-1.000000000000000000e+00
-3.727189236168559905e-01
7.477803963889099181e-01
4.298031955732395382e-01
-1.938941257383401950e-01
-1.000000000000000000e+00
-1.000000000000000000e+00
9.735442375259932835e-01
1.000000000000000000e+00
9.054916143373683557e-01
4.731703496094483707e-01
-9.976082484775936621e-01
8.299480977504547496e-03
-6.338525198282385364e-01
-4.040506262166538853e-01
1.000000000000000000e+00
-1.000000000000000000e+00
-9.719059916310497371e-01
4.372526172243340614e-02
1.000000000000000000e+00
9.092113633673575279e-01
-6.009036825166198525e-01
-5.597917978293285302e-01
-4.506167605730293513e-01
-4.521575319603903242e-01
2.618660426357530824e-01
-1.000000000000000000e+00
1.000000000000000000e+00
1.000000000000000000e+00
-9.586118409664571294e-01
-3.335485116264228500e-01
-1.000000000000000000e+00
1.000000000000000000e+00
-3.832958269697637199e-01
-9.378299894003316872e-01
3.925942362024528176e-01
1.378560621933929142e-01
-1.000000000000000000e+00
1.000000000000000000e+00
-1.000000000000000000e+00
-8.818825235310879807e-01
-1.000000000000000000e+00
-1.000000000000000000e+00
-1.000000000000000000e+00
9.618090570459691957e-01
7.340264311896416149e-01
-5.673469299825608658e-01
-1.000000000000000000e+00
-1.000000000000000000e+00
4.179417322318412786e-03
3.817131594186531918e-01
-6.007536505079430489e-01
2.092789859529604612e-01
1.427967884383727348e-01
-2.770885504239565256e-01
-3.644560284472768696e-01
2.546717867951304726e-01
3.622807505360374769e-01
1.524608227899554302e-02
-3.934807178108146175e-01
1.000000000000000000e+00
2.590683132983212511e-01
-7.580280394525453769e-01
7.065274866676014565e-01
-5.778864617309088514e-01
8.603178860742515255e-01
-9.704012796371238592e-01
7.119166052197312133e-01
3.809459548654303696e-04
-1.687695826663372367e-01
7.833096072803323873e-01
-6.329351547862398508e-01
4.725873602373944493e-01
1.000000000000000000e+00
-5.454416034004290204e-01
1.000000000000000000e+00
8.443658922113790322e-01
-1.000000000000000000e+00
-1.000000000000000000e+00
-1.915844501268306743e-01
2.067820826989361649e-01
4.827301570064300718e-01
1.683239451891252458e-01
1.539950180516432288e-01
1.000000000000000000e+00
3.782659088375210921e-01
-1.000000000000000000e+00
5.667060147925997438e-01
-1.000000000000000000e+00
6.159576664425828740e-01
4.181437072387947373e-01
4.572470679506992486e-01
2.668049802161542861e-01
1.000000000000000000e+00
4.261942208563518353e-02
-1.000000000000000000e+00
-1.000000000000000000e+00
1.886952574959235296e-01
4.940584294407188715e-01
1.000000000000000000e+00
1.000000000000000000e+00
-1.000000000000000000e+00
-1.000000000000000000e+00
1.000000000000000000e+00
8.396166220261316315e-01
-8.798431469002194749e-01
6.976715206681474157e-01
7.379524529736982696e-01
-5.951802464917124169e-01
1.000000000000000000e+00
-1.000000000000000000e+00
6.518150629847758726e-01
-1.000000000000000000e+00
-1.000000000000000000e+00
-1.000000000000000000e+00
8.194639101915122126e-01
1.000000000000000000e+00
-1.000000000000000000e+00
1.000000000000000000e+00
3.675416534303035387e-01
2.578664617947032389e-01
-6.788195195681610006e-01
5.497835754282076604e-01
5.146179317455017443e-01
1.000000000000000000e+00
3.587658160858013812e-01
-5.772318465157403322e-01
-1.000000000000000000e+00
-1.000000000000000000e+00
1.000000000000000000e+00
1.000000000000000000e+00
7.855060196618528501e-01
2.690507235552757614e-01
-4.799770915377659097e-01
-5.457559057655247958e-01
-1.000000000000000000e+00
1.000000000000000000e+00
-1.000000000000000000e+00
-9.823545303351027824e-01
-9.528611547160988904e-01
-8.737722921603915394e-01
-6.474181084486068105e-01
3.304173472018305802e-01
-4.633949263619825398e-01
-4.754225038641675116e-01
-1.000000000000000000e+00
-2.088616634845024134e-01
-2.559674654428478746e-01
3.331206375276098974e-01
-4.809987293568440681e-01
-2.199388235289020666e-01
9.234610309178397092e-01
2.544663458894331765e-01
-3.727159778071100771e-01
-4.677290784169914062e-01
-1.000000000000000000e+00
-7.356540151927558613e-01
-1.000000000000000000e+00
1.746698922878068272e-01
-1.094018671317759095e-01
1.000000000000000000e+00
-1.000000000000000000e+00
-1.000000000000000000e+00
-2.207434902970436263e-01
9.954289902315949234e-01
1.000000000000000000e+00
9.964726317590633098e-02
-1.000000000000000000e+00
-1.000000000000000000e+00
6.088164904431192515e-01
1.000000000000000000e+00
-1.000000000000000000e+00
-9.881389660139341391e-01
-1.000000000000000000e+00
-7.680189273565714014e-01
1.807347481691994329e-01
-6.747787733111296760e-01
-4.506461435637061363e-01
-3.760175133636283751e-01
3.703379312642860466e-01
-6.159016496382158090e-02
4.731160489190859852e-01
1.000000000000000000e+00
-5.089143086686243045e-02
-1.000000000000000000e+00
1.000000000000000000e+00
5.874193723896679042e-01
-1.000000000000000000e+00
8.656283481707692795e-01
2.278692172598186794e-01
1.000000000000000000e+00
9.160302196935110608e-02
-1.000000000000000000e+00
-1.000000000000000000e+00
-1.000000000000000000e+00
-9.195411856832107489e-01
-2.932119822904316053e-01
-1.000000000000000000e+00
-1.000000000000000000e+00
7.547098323297649625e-01
8.648210409835018764e-01
-1.000000000000000000e+00
