1.000000000000000000e+00
-8.576440016983091219e-01
-3.588426644340351190e-01
-1.000000000000000000e+00
-5.069465234498296002e-01
-9.479748129591156758e-01
6.389237591175697117e-01
1.000000000000000000e+00
3.293832666796416841e-01
-1.085483363906978305e-01
2.372458314417824621e-02
5.591508387070367458e-01
-1.000000000000000000e+00
9.635602177870117302e-01
3.881902331022492048e-01
1.000000000000000000e+00
-1.000000000000000000e+00
-1.000000000000000000e+00
3.918874068055860915e-01
2.297645491133941675e-01
1.068636622933017977e-01
1.711640370420708379e-03
-1.000000000000000000e+00
-1.000000000000000000e+00
1.000000000000000000e+00
1.000000000000000000e+00
9.752344516081801196e-02
-1.000000000000000000e+00
3.600188960119127257e-01
-1.000000000000000000e+00
4.824952033135991858e-01
7.237031290279194451e-02
-3.764565859511300738e-01
4.834443439913951313e-01
-7.916283949365536809e-01
-7.480747374769649571e-01
-1.000000000000000000e+00
-1.000000000000000000e+00
-6.387061202790261794e-01
-3.440056514689914247e-01
5.993025753757602603e-02
-1.000000000000000000e+00
-4.062437126879046012e-01
1.000000000000000000e+00
3.477577666547557733e-01
4.476357446600967016e-01
8.189370314579857979e-01
8.730022922301410304e-01
3.808355111494032830e-01
1.000000000000000000e+00
1.000000000000000000e+00
4.238569836746172159e-01
1.738972513322653013e-01
-1.713280443956310961e-01
1.000000000000000000e+00
2.844877057721886260e-01
-4.025758374370120851e-01
-4.709884430221761287e-02
-4.691218682109991045e-01
9.162390887138860407e-01
1.000000000000000000e+00
-1.000000000000000000e+00
3.929615440779317126e-01
5.801810485291701847e-01
1.270930378496581969e-01
-1.000000000000000000e+00
-6.546227244290614422e-01
-1.000000000000000000e+00
1.000000000000000000e+00
4.945836323777264010e-01
1.000000000000000000e+00
1.000000000000000000e+00
-3.170333519228248909e-01
4.632218620129171516e-01
-1.000000000000000000e+00
-3.080366771584399643e-01
4.887418513893881933e-01
6.313556749421579406e-01
-5.952719052998354243e-01
6.358248105577142262e-01
3.155780340871623402e-01
-9.179987017213557809e-01
-5.583441879544901454e-01
5.615157387271558775e-01
1.000000000000000000e+00
1.000000000000000000e+00
1.000000000000000000e+00
6.938468081793258690e-01
7.191794906357151795e-02
-7.857405241822406072e-01
3.498325837102228553e-02
1.000000000000000000e+00
8.222413715677104884e-01
2.118813605831137981e-01
1.000000000000000000e+00
-1.000000000000000000e+00
-6.716891771632356178e-01
1.000000000000000000e+00
-2.011047320800793958e-01
1.000000000000000000e+00
-2.694120267522172041e-01
8.359934005057504391e-01
1.014624907112186142e-01
1.056037524855388265e-01
7.520449905183197448e-01
6.785433864088314948e-01
-3.109885656466436776e-01
6.627601458959256897e-01
1.000000000000000000e+00
3.317596041921094807e-01
9.110536191314533294e-01
1.000000000000000000e+00
-1.000000000000000000e+00
1.000000000000000000e+00
-1.000000000000000000e+00
1.000000000000000000e+00
-1.000000000000000000e+00
-9.452058128837276252e-01
7.276771663269158141e-01
-9.217627131559980036e-01
6.731750966787591883e-01
-5.554795353793737789e-01
9.418825178755280136e-01
-3.920145595738808719e-01
-7.002928113132489418e-01
-1.000000000000000000e+00
-1.000000000000000000e+00
1.000000000000000000e+00
-1.000000000000000000e+00
-1.000000000000000000e+00
7.807185043510400657e-02
-1.000000000000000000e+00
-7.002807474027952228e-01
5.496638243525164835e-01
6.195394944402576876e-02
1.000000000000000000e+00
-5.870441782387798568e-01
1.000000000000000000e+00
1.000000000000000000e+00
-3.754176635889158176e-01
-1.000000000000000000e+00
-7.166942787387864389e-01
1.000000000000000000e+00
5.989956462327117315e-01
1.282867905948010812e-01
6.094708525571521651e-01
-5.000334652942176605e-01
1.000000000000000000e+00
4.165694268367439168e-01
-1.359921897303272287e-01
-9.815049698978273174e-01
1.000000000000000000e+00
1.000000000000000000e+00
-8.293319217885262162e-01
-7.658528798778097002e-01
8.202628666083318087e-01
-1.000000000000000000e+00
-5.513327528486099416e-01
-6.997016066818626534e-01
-1.000000000000000000e+00
8.492953051263253395e-01
1.000000000000000000e+00
-6.487570885185449665e-01
-5.547221707846903271e-01
7.481414190065631686e-01
-9.304728283740066885e-01
-3.096279738111907820e-01
4.456595439717685458e-01
1.000000000000000000e+00
-9.770337513686360165e-01
-1.000000000000000000e+00
-1.000000000000000000e+00
-4.701283848983683900e-01
1.000000000000000000e+00
-3.328145811718563607e-02
-1.362639110577134605e-01
-1.000000000000000000e+00
-4.486549999721194393e-01
1.000000000000000000e+00
-1.000000000000000000e+00
1.000000000000000000e+00
-1.000000000000000000e+00
-5.001658805260668084e-01
6.309534342564300236e-01
-9.831805883281725666e-01
1.000000000000000000e+00
1.000000000000000000e+00
1.000000000000000000e+00
-7.670413709496644028e-01
-7.237916830787410882e-02
-3.051136823155846667e-01
1.000000000000000000e+00
-5.586782247587229744e-01
9.820351065116383893e-02
-5.521856668614935071e-01
1.000000000000000000e+00
1.000000000000000000e+00
-1.000000000000000000e+00
-6.683651713749478862e-01
4.716561809353658208e-01
9.663711848009495231e-01
5.020097689389220186e-01
7.760190971146809780e-01
-1.000000000000000000e+00
-1.599873100110439372e-01
-1.171339900554289049e-01
2.382023541452729098e-01
7.260079126903489222e-01
-8.016921588953993538e-01
-3.013981212633833895e-01
1.000000000000000000e+00
-9.154258646598558702e-01
1.000000000000000000e+00
-6.620353304399486660e-01
6.227040964876562334e-02
-1.000000000000000000e+00
-1.000000000000000000e+00
-1.270025197851702981e-01
-1.000000000000000000e+00
1.000000000000000000e+00
6.649294888527080838e-01
1.000000000000000000e+00
1.000000000000000000e+00
9.004785771969016084e-01
-1.000000000000000000e+00
4.092478913106549765e-01
-1.294989377474802805e-01
-1.000000000000000000e+00
-7.251306858054240578e-02
-4.247857537008873363e-01
-8.218824353643183755e-01
1.626710106280016277e-01
-8.088188938581839516e-01
5.134361245042201594e-01
9.598243218793832687e-01
-7.406216089930774960e-01
-4.296091357095577212e-01
1.000000000000000000e+00
9.487438282082177876e-01
9.907301798937708792e-01
-1.000000000000000000e+00
7.285430475986210963e-01
8.414369318043674051e-02
2.845823404127094669e-01
5.123366721004365409e-01
1.000000000000000000e+00
-9.101459767519313182e-01
1.000000000000000000e+00
1.000000000000000000e+00
-6.702160137706338894e-01
3.244628192526641808e-01
-1.000000000000000000e+00
-2.014451568251678371e-01
1.000000000000000000e+00
-1.080786606402426298e-01
7.645214252405483357e-01
-8.680694233123467107e-01
-1.000000000000000000e+00
1.392611638028289356e-01
6.506963510827753483e-01
7.618334074160364455e-01
3.537852675719805884e-01
1.000000000000000000e+00
2.413831760480720234e-01
-1.000000000000000000e+00
