-1.000000000000000000e+00
9.246789189985279434e-01
-9.737284181468340849e-01
-1.000000000000000000e+00
-4.910177033482616693e-01
-1.000000000000000000e+00
5.316624885523194566e-01
-6.645477994739181771e-01
5.496228245735208517e-01
-7.897701156692322755e-01
-8.782137762432740136e-02
-2.255393844348924648e-01
-1.000000000000000000e+00
-1.000000000000000000e+00
7.372014454383186699e-01
-1.000000000000000000e+00
1.000000000000000000e+00
5.554608849576325724e-01
8.546639847665110645e-01
-2.212681429252416621e-01
9.446681311693589933e-01
3.524283844028699431e-01
-1.000000000000000000e+00
1.000000000000000000e+00
-1.000000000000000000e+00
2.895595321441258863e-01
1.000000000000000000e+00
9.489122000383467537e-01
9.165209925378789979e-01
4.629502063138704049e-01
-1.294019807212272721e-01
1.000000000000000000e+00
6.134354881356376410e-01
1.944173296368864046e-01
-1.000000000000000000e+00
-1.000000000000000000e+00
1.000000000000000000e+00
1.000000000000000000e+00
-9.415334563032555781e-01
-1.000000000000000000e+00
-1.000000000000000000e+00
1.000000000000000000e+00
-1.000000000000000000e+00
9.531925119763887677e-01
-1.000000000000000000e+00
-2.094311870439094780e-01
-1.000000000000000000e+00
9.865823474508702562e-01
-1.000000000000000000e+00
1.000000000000000000e+00
-5.498547810186392715e-01
1.000000000000000000e+00
6.636864975518740328e-01
-2.178829545435313486e-01
5.081386115547013027e-01
-1.000000000000000000e+00
1.077712828437612513e-01
1.000000000000000000e+00
1.000000000000000000e+00
-1.000000000000000000e+00
3.766510167049005320e-01
-1.000000000000000000e+00
-7.327310115183571781e-01
-1.000000000000000000e+00
1.000000000000000000e+00
1.075334566143538173e-01
1.000000000000000000e+00
1.000000000000000000e+00
-6.738430274134272757e-01
-1.000000000000000000e+00
-4.952832020747299779e-01
9.244068722372670299e-01
-2.775536980427117939e-01
1.000000000000000000e+00
1.000000000000000000e+00
-1.000000000000000000e+00
6.595042649596738471e-01
1.604467269877615232e-01
1.000000000000000000e+00
-1.836888056398179314e-01
-1.000000000000000000e+00
1.000000000000000000e+00
1.000000000000000000e+00
7.585188037998498167e-01
1.331615642642058894e-01
1.000000000000000000e+00
1.000000000000000000e+00
-3.222533116697459121e-01
1.000000000000000000e+00
1.000000000000000000e+00
2.979671383971379539e-01
1.000000000000000000e+00
-1.412950000917445603e-01
3.044085574850308173e-01
9.817255979221858331e-01
1.000000000000000000e+00
-5.099941953852411558e-01
8.446720120475839089e-01
2.159007068033962917e-01
1.943118168581742244e-01
1.000000000000000000e+00
1.000000000000000000e+00
3.202168317431757227e-01
-9.665578521002992085e-01
-2.066340628560064951e-02
6.270749210755592884e-01
-9.267166847349742609e-01
9.592770326497012112e-01
-4.410321436796318384e-01
1.502632235710266162e-02
-1.000000000000000000e+00
-1.000000000000000000e+00
-1.000000000000000000e+00
8.897421062600128217e-01
-3.520064125412123435e-01
-4.912308422416278297e-02
-5.738056567918614626e-02
7.524152581805332307e-01
-5.924970724853118043e-02
-2.906271214079896303e-01
-4.157658752881595587e-01
1.000000000000000000e+00
1.000000000000000000e+00
-1.000000000000000000e+00
1.000000000000000000e+00
2.388318645770118875e-01
-7.369169336932597236e-01
3.588775621868289800e-02
-6.379752943592720271e-02
1.000000000000000000e+00
1.000000000000000000e+00
-6.403536849393460795e-01
-1.000000000000000000e+00
8.794614132590995448e-01
-1.000000000000000000e+00
-1.089142091359596998e-01
6.830140483912079397e-01
-1.127717693885323946e-01
5.348945724828031434e-01
1.000000000000000000e+00
-5.358113678652327572e-01
-3.072049293802838754e-01
9.214712567035766577e-01
-1.000000000000000000e+00
-5.519350853764158904e-01
-5.758237070957188397e-01
-4.253263870984861361e-01
-9.235289828188150141e-01
3.403005615246784687e-01
1.000000000000000000e+00
-1.837505433676729361e-01
4.425708499603752677e-01
-1.000000000000000000e+00
1.000000000000000000e+00
-1.000000000000000000e+00
1.000000000000000000e+00
5.573263545134911068e-01
-1.000000000000000000e+00
3.158074059354777363e-01
-1.000000000000000000e+00
-4.562702093298749428e-01
-5.810461531938325708e-01
-6.659001934947378354e-01
1.578548235500565333e-01
-1.000000000000000000e+00
-6.623707664992828370e-01
1.000000000000000000e+00
1.000000000000000000e+00
1.000000000000000000e+00
6.989295821990437751e-01
-7.336899393857119200e-01
-1.000000000000000000e+00
-4.451465083639469800e-01
-9.619163607982095243e-01
8.416652036220629851e-01
-3.848726665976742733e-01
1.000000000000000000e+00
5.975330826104606752e-01
1.000000000000000000e+00
5.459407539204100823e-01
9.938164131966749082e-01
-7.500467322346489052e-01
6.374005514143705753e-01
2.187732174026874032e-01
1.000000000000000000e+00
-2.836670460870067689e-01
-1.000000000000000000e+00
1.000000000000000000e+00
-1.000000000000000000e+00
-9.350522612241602971e-01
-1.000000000000000000e+00
1.000000000000000000e+00
4.646752143763215881e-01
-3.870950409384144031e-02
-1.000000000000000000e+00
1.000000000000000000e+00
1.000000000000000000e+00
-1.000000000000000000e+00
1.000000000000000000e+00
5.807740786552788581e-01
-5.103312748882804506e-02
3.630367709795502829e-01
6.727640291436530751e-01
-1.000000000000000000e+00
1.000000000000000000e+00
6.406198339663042862e-01
-1.000000000000000000e+00
-1.000000000000000000e+00
1.000000000000000000e+00
2.258975067509684242e-01
1.506388467472081771e-01
8.796627522928384124e-01
3.600779602245503530e-01
-1.000000000000000000e+00
-1.000000000000000000e+00
1.000000000000000000e+00
-1.000000000000000000e+00
-1.000000000000000000e+00
-2.766051687143624704e-01
1.000000000000000000e+00
6.629815551792138661e-01
-2.993303845730366231e-02
7.915697387636736471e-01
1.000000000000000000e+00
6.897169645439306107e-01
1.000000000000000000e+00
1.000000000000000000e+00
-9.150356711127249909e-02
-1.000000000000000000e+00
-6.393938038951121339e-01
-7.897158266501105306e-01
1.000000000000000000e+00
-1.000000000000000000e+00
7.772356159369941953e-01
-4.409630555025467191e-01
1.000000000000000000e+00
1.982625587994377714e-01
-7.058724900116286616e-02
-1.261285180509836290e-01
-9.062457899352143187e-01
3.011195489735335462e-01
-2.029765219712085789e-01
-1.000000000000000000e+00
-1.000000000000000000e+00
-7.523390755713240674e-01
7.388181590326481363e-02
1.000000000000000000e+00
-1.000000000000000000e+00
-1.130236136024642679e-02
-1.000000000000000000e+00
-1.000000000000000000e+00
6.696217969688036398e-01
5.728636260731360119e-01
4.879051243056524712e-01
1.000000000000000000e+00
-5.563591573219803799e-01
5.789782845531539213e-01
-8.453290181298456218e-02
9.122758665918196952e-01
1.000000000000000000e+00
-1.000000000000000000e+00
-1.000000000000000000e+00
-1.633426710592543740e-01
-1.000000000000000000e+00
-1.806050200487726576e-01
