1.000000000000000000e+00
7.050626071097598757e-01
9.357145541904581254e-01
1.375271974187370905e-01
-1.000000000000000000e+00
-1.000000000000000000e+00
1.596069230272815220e-01
-4.527812419994048376e-01
9.743915215130568575e-01
-1.000000000000000000e+00
-6.015862965953200359e-01
3.263722503996921986e-01
-1.000000000000000000e+00
7.650938071967520182e-01
-9.385908346862709140e-01
1.000000000000000000e+00
-4.883134341998573991e-02
1.191758993783529341e-01
-8.538074660578723885e-01
-9.264413039448047282e-01
8.329472257039575167e-01
-5.015888326542536912e-01
8.663398818359064890e-01
-9.762433350430606005e-01
1.000000000000000000e+00
-7.138258817588742922e-01
3.904130571266201111e-02
-9.829676241489053723e-01
-1.000000000000000000e+00
7.227081142846827344e-01
1.000000000000000000e+00
4.238149518766485269e-01
1.000000000000000000e+00
-3.421533160152789854e-02
-2.792811773039025613e-01
-8.859580244950504557e-02
7.995633102450454555e-01
-1.000000000000000000e+00
1.349919678105221399e-01
-7.772169005203244385e-01
4.598722998686211039e-01
1.000000000000000000e+00
-3.232788573905898133e-01
1.000000000000000000e+00
1.293267232157271351e-01
1.000000000000000000e+00
-1.881735738565255556e-01
1.558812659875473960e-01
6.417557982921195947e-01
-1.004078762153890469e-01
-6.514143629135191738e-01
-2.061502730062115818e-01
-4.297524047114843482e-01
4.077251749745705034e-01
1.000000000000000000e+00
8.406865734147678237e-01
-5.801278465965553632e-02
-1.000000000000000000e+00
-9.283810630761372140e-01
-1.000000000000000000e+00
5.080496952304842662e-01
-4.124575262440786094e-01
-1.000000000000000000e+00
-1.000000000000000000e+00
1.000000000000000000e+00
-1.000000000000000000e+00
-1.000000000000000000e+00
-1.000000000000000000e+00
1.631121284701231300e-01
7.228204034063522299e-01
1.000000000000000000e+00
-1.000000000000000000e+00
1.000000000000000000e+00
-1.000000000000000000e+00
7.886952707943524210e-01
1.350578030277715946e-01
-3.327855806249500059e-01
5.227014415299710004e-01
7.903001659257774536e-02
-2.615164603386441744e-01
3.563651288983321064e-01
-1.000000000000000000e+00
1.802817355556483037e-01
1.000000000000000000e+00
-2.223927504493835861e-01
-6.971523924912197412e-01
-8.134309614252765996e-02
2.082602353735427680e-01
-3.402223177970958856e-01
5.370741379154024553e-02
-7.840740088680682174e-01
5.182043597741474716e-01
1.000000000000000000e+00
-1.786580629602801951e-01
-3.190736345747953173e-01
-8.068949080766230075e-01
3.880000419125895217e-01
-6.878193506762326770e-01
3.449342243666495555e-01
-2.056615370011611876e-01
-5.930139145155102209e-01
-1.000000000000000000e+00
9.270449502547128962e-02
-1.000000000000000000e+00
-1.205872693110935367e-01
-1.000000000000000000e+00
-1.000000000000000000e+00
6.685497683278740499e-01
-6.578223492229323677e-02
-1.000000000000000000e+00
1.000000000000000000e+00
2.490024027535351347e-01
-3.366349656482239272e-01
8.494570190158468037e-01
-1.000000000000000000e+00
4.311026977603526489e-01
-6.460433768371964813e-01
-6.941911508150533372e-02
1.000000000000000000e+00
-5.688642621897526119e-01
-7.498469424233560332e-01
5.131554902435431220e-01
-6.882870703671972734e-02
1.000000000000000000e+00
-1.000000000000000000e+00
8.721853658366693907e-01
-1.379864545386533248e-01
7.197985855965438606e-01
9.328434543286692193e-01
1.438454114924925253e-01
1.000000000000000000e+00
1.070260034734147880e-01
4.222088765463961058e-01
7.482978766559964523e-01
2.784730714767044146e-01
3.322680843868288658e-01
6.548592690624330803e-01
-7.296603512179804518e-01
-7.171594482437252394e-01
-6.784728642788906416e-01
1.000000000000000000e+00
-1.000000000000000000e+00
1.838454656425986267e-01
1.000000000000000000e+00
-5.158290616595374578e-01
-9.252115107096818836e-01
-6.026679082144250632e-01
1.224077905227816676e-01
9.280367613048365882e-01
-9.863025569664908287e-01
5.789677135623525484e-01
-7.960470847599043775e-01
-4.185060797100952357e-01
-1.000000000000000000e+00
-4.638153253146366506e-01
5.519910423659809551e-01
3.497063990999516037e-01
-5.365354709775056463e-01
-2.452360289777724689e-01
1.000000000000000000e+00
-1.000000000000000000e+00
5.534201760150309068e-01
-4.779456613727571246e-01
-1.000000000000000000e+00
-1.000000000000000000e+00
-1.000000000000000000e+00
-5.524734676476471540e-01
4.894134175062775372e-02
-5.424319748844046440e-01
-7.657470398220533880e-02
-7.881131656128061991e-01
1.000000000000000000e+00
8.335505117734123282e-01
-1.490889632774330398e-01
-9.764934568445088336e-01
-1.000000000000000000e+00
1.388287605300617678e-01
6.237888770701965901e-01
8.018916513577509786e-01
-4.948987203066910201e-01
7.824761657163830098e-01
4.354190291492601173e-01
-7.900286670225826757e-01
6.135142288869330773e-01
3.052945498022097137e-01
9.842109563848798759e-01
-1.000000000000000000e+00
1.000000000000000000e+00
9.310440476997223769e-01
-1.000000000000000000e+00
1.000000000000000000e+00
2.886354588910584051e-01
5.099935416880747585e-01
-1.000000000000000000e+00
-3.736090263421979474e-01
-1.000000000000000000e+00
1.000000000000000000e+00
-1.000000000000000000e+00
5.736919692291908568e-02
8.237958365215574119e-01
7.788574250295465795e-02
-1.000000000000000000e+00
-5.693288090409842628e-02
-3.344597092992145360e-01
-6.097607847235959611e-01
5.413380514626513484e-01
-1.000000000000000000e+00
-1.000000000000000000e+00
6.541957991062056221e-01
1.000000000000000000e+00
-8.432879420493615275e-01
-1.000000000000000000e+00
-1.365681891167908057e-02
1.000000000000000000e+00
-1.163477877125960180e-01
-9.145822680762127899e-01
-3.269961153281081279e-01
5.827952415546573395e-01
-8.915728653029264539e-01
-1.000000000000000000e+00
-1.000000000000000000e+00
-6.394440722455968507e-01
-1.000000000000000000e+00
1.000000000000000000e+00
-1.000000000000000000e+00
-4.245484511376442782e-01
-5.521260333470496828e-01
-6.658044540944575429e-01
4.210768327659504262e-01
3.775203245105585026e-02
-5.039604356023028586e-01
-2.237657153482233152e-01
1.000000000000000000e+00
1.000000000000000000e+00
-4.283894543672950306e-02
1.000000000000000000e+00
-7.641440911645343004e-01
-2.941388334291739071e-02
5.366129918944635424e-01
8.601580648479689728e-01
1.000000000000000000e+00
1.000000000000000000e+00
8.675092284152925437e-01
1.488391344738894673e-01
-1.000000000000000000e+00
8.258977353072400884e-01
1.000000000000000000e+00
-1.000000000000000000e+00
6.314490436373600968e-01
-1.000000000000000000e+00
5.495859573465484704e-01
-4.783131708286747497e-02
1.000000000000000000e+00
3.733912198604794064e-02
6.147626414676543583e-01
1.215483890224227093e-01
-7.576505815394892762e-01
-4.213226634172331786e-01
2.647061028406474392e-01
7.022876050105852919e-01
5.738208963889985803e-01
-5.419988196894631738e-01
1.619188983613823463e-01
1.837027161608344450e-01
-1.000000000000000000e+00
