-1.000000000000000000e+00
7.271228775791875876e-01
-1.000000000000000000e+00
2.462264108484570890e-01
1.000000000000000000e+00
-2.673085802896855712e-01
-1.000000000000000000e+00
-1.000000000000000000e+00
-9.112206976673619119e-01
-7.844287585750524538e-01
1.000000000000000000e+00
1.000000000000000000e+00
-1.000000000000000000e+00
-9.784717730934666680e-01
-3.098949873227049290e-01
6.236017012560303163e-01
1.000000000000000000e+00
1.000000000000000000e+00
1.000000000000000000e+00
2.585166679810956269e-01
-2.575944705445840643e-01
-1.000000000000000000e+00
1.000000000000000000e+00
-1.000000000000000000e+00
1.000000000000000000e+00
-1.000000000000000000e+00
1.000000000000000000e+00
-1.000000000000000000e+00
1.000000000000000000e+00
-2.211483434768293233e-01
1.000000000000000000e+00
5.946916199009524284e-01
1.000000000000000000e+00
1.000000000000000000e+00
-4.168914525042259900e-01
1.423751136813929952e-01
5.841243208427416844e-01
-3.221324129191129870e-01
1.000000000000000000e+00
-5.958297375216936587e-02
-1.000000000000000000e+00
-4.882389882982506868e-01
-7.460325346441634142e-01
1.000000000000000000e+00
-1.000000000000000000e+00
-2.433699315724148216e-01
1.000000000000000000e+00
-1.000000000000000000e+00
5.555840472618507331e-01
6.674779028612087828e-01
4.238191595015770030e-01
9.999981910515187700e-02
1.000000000000000000e+00
1.000000000000000000e+00
-6.011549095845361013e-01
1.000000000000000000e+00
7.380429286270018263e-01
8.790345594003867724e-01
3.568189026939251329e-01
2.493517247770807854e-01
-6.250149933195852103e-01
1.000000000000000000e+00
1.000000000000000000e+00
1.000000000000000000e+00
-1.000000000000000000e+00
4.063551535656606539e-02
1.000000000000000000e+00
1.000000000000000000e+00
-6.771424837003826580e-01
-4.105934882788459528e-01
-4.185917561814216370e-01
-5.719777936126517748e-01
6.510640875578457276e-01
1.000000000000000000e+00
1.000000000000000000e+00
5.597724084625929075e-01
-2.870565447177002572e-01
-1.000000000000000000e+00
-1.994704446072675941e-01
-1.000000000000000000e+00
1.000000000000000000e+00
1.000000000000000000e+00
1.000000000000000000e+00
1.000000000000000000e+00
1.000000000000000000e+00
3.633729598611786793e-01
-1.000000000000000000e+00
-5.195344765334606318e-01
8.440343343466736314e-01
-6.383471887542291334e-02
1.000000000000000000e+00
7.659115733465595710e-01
-9.354450612563619538e-02
-1.430256666725904235e-01
-2.542369086128832834e-01
7.996225537720568211e-01
-1.000000000000000000e+00
1.000000000000000000e+00
-1.000000000000000000e+00
-1.311133957535191019e-01
1.000000000000000000e+00
8.986110512689267082e-01
1.000000000000000000e+00
-3.410522348817313087e-02
-2.516895197480581436e-01
-1.000000000000000000e+00
1.000000000000000000e+00
-2.445375744687906527e-01
-9.602270136156233482e-01
1.000000000000000000e+00
6.354812258675629488e-01
-1.000000000000000000e+00
-5.677019352437225885e-01
4.510799450395560628e-01
-9.779376841487009697e-01
-1.000000000000000000e+00
-6.774403572373408622e-01
1.000000000000000000e+00
-7.733495408544538430e-01
-6.219615897543689931e-01
2.553538920177838012e-01
7.045851661509656694e-01
6.144641177051135550e-02
-1.000000000000000000e+00
2.419586793411426795e-01
-1.000000000000000000e+00
3.351962216888986767e-01
1.000000000000000000e+00
-1.000000000000000000e+00
7.728168130269301717e-01
-7.060198605319345511e-01
3.081137985046038530e-01
8.938472371556420715e-01
-6.734220441615532682e-01
-8.376236121918800848e-02
-9.107386274729970532e-01
2.508220788892958630e-01
-1.000000000000000000e+00
4.478864370937001294e-01
-2.849408597718757763e-01
-1.000000000000000000e+00
-1.000000000000000000e+00
4.303025599250807076e-01
1.085542391837750476e-01
-1.000000000000000000e+00
-4.474467626277176535e-01
-4.380401780758698682e-01
7.420109185786476491e-01
-5.422031539930961819e-03
-1.000000000000000000e+00
1.000000000000000000e+00
6.605140395588380287e-01
5.764824894206930228e-01
7.637215726696567897e-01
-1.000000000000000000e+00
1.000000000000000000e+00
-9.950798120611849262e-02
-1.000000000000000000e+00
2.335886111503640561e-01
-1.000000000000000000e+00
-1.000000000000000000e+00
1.000000000000000000e+00
-6.493497735413079619e-01
-1.000000000000000000e+00
-1.000000000000000000e+00
-1.000000000000000000e+00
-1.000000000000000000e+00
-1.000000000000000000e+00
-4.705780784239496084e-01
-1.000000000000000000e+00
2.467589458291981619e-01
2.208776173422684896e-01
-2.203483748508926476e-01
-1.000000000000000000e+00
1.000000000000000000e+00
-1.000000000000000000e+00
-1.000000000000000000e+00
1.000000000000000000e+00
-4.751792679534052599e-01
7.590789523818997075e-01
1.000000000000000000e+00
1.000000000000000000e+00
2.986974206570691126e-01
-4.335875579278201108e-01
-1.668482108539641739e-01
-1.000000000000000000e+00
4.313208311191498723e-01
6.877475792456928527e-01
-3.195663576928449157e-01
-1.912457333857357500e-01
-1.000000000000000000e+00
-5.907514012595490582e-01
1.000000000000000000e+00
-6.354556308268231035e-01
-1.000000000000000000e+00
-3.360170082251927592e-01
1.000000000000000000e+00
-1.000000000000000000e+00
-1.000000000000000000e+00
-6.237521699211590054e-01
-5.282506098871698752e-01
1.000000000000000000e+00
-1.000000000000000000e+00
1.654213602339040801e-01
8.249223329340813482e-01
-1.000000000000000000e+00
1.000000000000000000e+00
-1.264278910478930651e-01
-6.661077879424699422e-01
-1.000000000000000000e+00
-7.081486541283219527e-01
8.244921262999060918e-01
1.000000000000000000e+00
1.811629734531129410e-01
2.278514828251109181e-01
-6.027543474174956728e-02
1.908131408499912363e-01
3.511945848012170135e-01
6.241401513071910268e-01
-1.000000000000000000e+00
-8.955708495995222673e-01
1.000000000000000000e+00
2.405595988747279979e-01
1.000000000000000000e+00
-1.000000000000000000e+00
-1.000000000000000000e+00
-6.952618531076304453e-02
-1.000000000000000000e+00
1.000000000000000000e+00
1.515507441011916256e-01
8.059023989829526835e-01
4.515301770692089489e-01
-9.490223778028444857e-01
-2.524753642990076319e-01
9.582948959074932826e-01
-4.592614614322592104e-01
-1.000000000000000000e+00
-9.013703330714808448e-01
3.468106975523906899e-01
-2.371684730085952264e-01
-5.746175112974465371e-01
1.000000000000000000e+00
-2.856028725937773127e-01
6.756845127572569387e-01
-7.421195776960598511e-01
3.295217152514668402e-01
1.000000000000000000e+00
-5.872154274370704474e-01
-8.884254376803074615e-02
-9.290340286199019193e-01
-1.000000000000000000e+00
1.000000000000000000e+00
1.000000000000000000e+00
-3.220692576302923715e-01
-8.520292601932624166e-01
1.000000000000000000e+00
9.468978116844549708e-01
-1.000000000000000000e+00
1.000000000000000000e+00
6.745214651388027338e-01
1.000000000000000000e+00
-4.227856820905955826e-01
-3.904737645404734447e-01
-3.804192154972611539e-01
4.258820600468515849e-01
