-1.000000000000000000e+00
1.000000000000000000e+00
-1.000000000000000000e+00
-6.968465636832914534e-01
8.662643063616319861e-01
6.910141868577102109e-01
-2.596081521405007031e-01
1.000000000000000000e+00
7.568789820971921767e-02
-1.568173720434425933e-01
3.329271986210681211e-01
1.000000000000000000e+00
1.769140999146584237e-01
9.978849502067141941e-01
4.908307061406357308e-01
-1.000000000000000000e+00
-8.617788797599325035e-01
-3.243518908361520126e-01
-1.000000000000000000e+00
1.000000000000000000e+00
1.000922940392139360e-01
6.745219157198956150e-02
1.000000000000000000e+00
1.706630724503271912e-01
-5.244636508751544524e-01
1.000000000000000000e+00
1.000000000000000000e+00
4.360306181228363887e-01
-3.744182551585155116e-01
-8.060251537873814875e-01
-3.235765065537181684e-01
5.518837438755392899e-01
2.025764206075976182e-01
-2.174048626309752208e-01
-1.000000000000000000e+00
2.366575883377717293e-01
5.998617494626369284e-01
2.921313847883264536e-01
-1.000000000000000000e+00
-9.891740783743072640e-01
-4.982099011549470102e-01
-1.000000000000000000e+00
5.846133525024485023e-01
3.696223142498002989e-01
6.138623911733143146e-02
-3.822682647512254395e-01
4.254386695068625990e-01
-1.000000000000000000e+00
-5.070769816141561526e-01
-9.778613590220954777e-01
6.107701747320708474e-01
-2.090847747553129521e-01
8.880291200671064367e-02
-1.000000000000000000e+00
1.000000000000000000e+00
-4.956180310414566303e-01
-2.144824924984811698e-01
5.397079113344951384e-01
-1.000000000000000000e+00
-1.000000000000000000e+00
-1.000000000000000000e+00
1.000000000000000000e+00
-5.527392051514117277e-01
1.515036174907771205e-01
-1.000000000000000000e+00
-3.199737449394447486e-01
-6.689298581212677064e-02
1.000000000000000000e+00
-4.178066851868553755e-01
-1.752564705968246983e-01
4.197995278304418321e-01
7.918897484533673481e-01
5.019824890597289757e-01
5.031189305926911937e-01
6.441676815139995016e-01
-1.000000000000000000e+00
-1.000000000000000000e+00
-3.158416340235210562e-01
-4.163281991265583848e-01
4.944591482568285734e-01
-3.659953401486512048e-01
1.000000000000000000e+00
1.000000000000000000e+00
2.234135858301549149e-01
1.000000000000000000e+00
-1.000000000000000000e+00
-1.038185739744801328e-01
-1.000000000000000000e+00
-5.077111845913856447e-01
4.683285309831632381e-01
-6.855814804516141558e-02
-1.000000000000000000e+00
-1.000000000000000000e+00
6.385154530003722684e-02
1.000000000000000000e+00
9.361108076040083881e-02
-1.000000000000000000e+00
1.000000000000000000e+00
1.665503924712671835e-02
1.000000000000000000e+00
-1.000000000000000000e+00
-1.000000000000000000e+00
1.859114179164780833e-01
7.846584457456695638e-02
-2.271621674086574671e-01
2.143348612484188564e-01
5.251058484191271081e-01
-1.000000000000000000e+00
8.738609943249492362e-01
-1.318358060088956063e-01
-4.769504416356469823e-01
1.240830768736085332e-01
-9.947956497665070286e-01
1.048792012058070711e-01
-1.000000000000000000e+00
-8.435519323335056718e-01
1.000000000000000000e+00
-7.385435237039996714e-01
-9.746100636523706839e-01
1.000000000000000000e+00
-1.000000000000000000e+00
1.000000000000000000e+00
8.602118736236185059e-01
9.004670848769378289e-01
6.268754113321208798e-01
-1.000000000000000000e+00
1.000000000000000000e+00
-4.650273152532957699e-01
-2.720489922733290156e-01
1.000000000000000000e+00
1.000000000000000000e+00
5.699770544575738507e-01
1.342958703442641011e-01
-1.877158246527146357e-01
-8.978156817032203474e-01
-1.000000000000000000e+00
2.443445649116887664e-01
3.798810735110254022e-01
-7.679966202815690091e-01
-3.596714703171847716e-01
1.000000000000000000e+00
9.180408412353557868e-01
-6.228033023869985474e-01
-4.900798007650413179e-01
1.000000000000000000e+00
1.000000000000000000e+00
-3.683931651441380017e-01
1.000000000000000000e+00
1.000000000000000000e+00
1.000000000000000000e+00
-1.000000000000000000e+00
9.220160804259798226e-01
4.706668640020603700e-01
1.000000000000000000e+00
-1.000000000000000000e+00
6.059828779167056867e-01
1.000000000000000000e+00
-1.000000000000000000e+00
-1.000000000000000000e+00
-1.000000000000000000e+00
-8.063842447108398037e-01
-1.000000000000000000e+00
-1.000000000000000000e+00
1.000000000000000000e+00
1.000000000000000000e+00
-1.000000000000000000e+00
-1.000000000000000000e+00
1.000000000000000000e+00
1.803996902707976080e-01
-1.000000000000000000e+00
-1.000000000000000000e+00
-8.747745610851735965e-01
1.270762053158915883e-01
-5.350488158483716061e-01
-1.000000000000000000e+00
1.000000000000000000e+00
-6.698536195701088047e-01
-8.370735453942387272e-01
1.000000000000000000e+00
-1.000000000000000000e+00
-1.000000000000000000e+00
-9.973131960148624575e-01
-1.000000000000000000e+00
1.000000000000000000e+00
-1.000000000000000000e+00
-6.303844129970378463e-01
1.000000000000000000e+00
8.412120035744212743e-01
-8.888380042992298780e-01
-6.448381250813042254e-01
-1.000000000000000000e+00
3.012879875809144625e-01
8.482071079594816210e-02
1.000000000000000000e+00
8.474169083329414764e-01
9.036491460104608686e-01
-1.000000000000000000e+00
-2.040104825300257108e-01
8.083823859077209351e-01
2.410066411631116567e-01
-1.000000000000000000e+00
-4.574828345074639646e-01
-1.000000000000000000e+00
1.000000000000000000e+00
1.000000000000000000e+00
-7.174904027930486539e-01
-4.371694318738975626e-01
-1.000000000000000000e+00
1.900262087740848260e-01
1.000000000000000000e+00
3.252327588914323275e-01
6.634413727367423075e-01
1.000000000000000000e+00
1.000000000000000000e+00
3.094267894391090623e-01
-1.000000000000000000e+00
-3.056710409487266578e-01
5.524023636231918388e-01
-1.000000000000000000e+00
8.858814330661459735e-01
-1.000000000000000000e+00
7.262976452185565535e-01
1.000000000000000000e+00
1.000000000000000000e+00
-2.815685055566901074e-01
1.000000000000000000e+00
1.000000000000000000e+00
-1.000000000000000000e+00
-7.720289281911326684e-01
-3.251061738183593786e-01
-1.000000000000000000e+00
1.000000000000000000e+00
-4.622463545923594652e-01
3.279493128897578158e-01
-1.380054121223416308e-01
1.141799112742905020e-01
1.000000000000000000e+00
-1.707141010072127096e-01
7.271698137536158901e-01
1.000000000000000000e+00
5.443998595977106447e-01
6.264346839544157053e-01
9.479009797509967417e-01
-6.492795541999344389e-01
-1.649950334911157723e-01
6.876253859608298935e-01
-1.000000000000000000e+00
1.000000000000000000e+00
4.980511240065690903e-02
-1.000000000000000000e+00
3.420299469576952855e-01
7.699333736644901061e-01
-6.379622921938019053e-02
9.048160696850018336e-01
-1.000000000000000000e+00
9.526285946743984212e-03
1.000000000000000000e+00
9.877774711750665348e-01
-7.152799189441748640e-01
-1.000000000000000000e+00
1.000000000000000000e+00
9.324209553976532394e-01
-4.435031136958649256e-01
-1.175754539896886192e-01
1.000000000000000000e+00
