5.213324428729879667e-01
2.693707918284463654e-01
1.000000000000000000e+00
6.039117611213821180e-01
-1.151173222257664275e-01
6.863118857003065454e-01
9.862184891198563230e-01
5.241588873729772224e-01
-1.163644706820260444e-02
-7.116308394518267022e-02
1.000000000000000000e+00
1.000000000000000000e+00
-1.936558974100922592e-01
-1.000000000000000000e+00
-9.897147115215958468e-01
-1.000000000000000000e+00
9.996117720476178636e-01
9.052049695917252503e-01
8.290163583334897446e-01
-6.667275599410260600e-01
-1.000000000000000000e+00
1.000000000000000000e+00
1.000000000000000000e+00
-8.166034186803250439e-02
-1.000000000000000000e+00
-1.000000000000000000e+00
-1.000000000000000000e+00
5.013155671325233431e-01
1.289931418574843947e-01
1.000000000000000000e+00
-9.783580550501350670e-01
8.136121921652533784e-01
2.725488254170149727e-01
4.811446560472132372e-01
2.262515136394540605e-01
-1.000000000000000000e+00
-1.000000000000000000e+00
-7.430400449921017447e-01
5.235097802995782867e-01
2.998100344882574930e-01
-1.000000000000000000e+00
8.298379289166998296e-01
-7.468456582677072131e-01
1.000000000000000000e+00
1.000000000000000000e+00
-1.000000000000000000e+00
1.000000000000000000e+00
-5.992791900163996210e-01
-1.000000000000000000e+00
-3.523394913933108885e-01
6.879787529538126112e-01
7.565315353247115127e-03
-3.043967522165689221e-01
3.857483110758963551e-01
1.000000000000000000e+00
-7.977032206318646068e-02
-6.756000333123475254e-01
1.000000000000000000e+00
4.240911703058627413e-01
1.000000000000000000e+00
2.801960882426155486e-01
-3.873048665734712959e-02
-1.000000000000000000e+00
-5.555304991753293731e-01
6.493545328393826033e-01
-1.363543688769620621e-01
3.611702239299157680e-01
-1.000000000000000000e+00
2.892646146254165274e-01
1.000000000000000000e+00
-1.000000000000000000e+00
1.571485713699697917e-01
-3.028601260797567640e-01
1.000000000000000000e+00
-1.000000000000000000e+00
-9.868304671655692140e-01
7.244059794721189327e-01
2.937909600909980323e-01
-8.171129358338841131e-01
-1.947602294522427502e-01
-1.000000000000000000e+00
-3.952145215791849076e-01
1.000000000000000000e+00
-6.827028345910554075e-01
6.613239873262187762e-01
-1.000000000000000000e+00
-3.788779874152318206e-01
1.000000000000000000e+00
-1.000000000000000000e+00
1.000000000000000000e+00
1.780020477450979244e-01
-2.386692180019712728e-01
-1.000000000000000000e+00
1.000000000000000000e+00
-1.396306386145380884e-01
-9.901204414174767932e-01
-4.204602236619736089e-01
-1.000000000000000000e+00
-1.000000000000000000e+00
-1.000000000000000000e+00
-2.612996121097177493e-01
-4.476832600834466103e-01
1.000000000000000000e+00
4.765153647414888116e-01
1.000000000000000000e+00
-1.000000000000000000e+00
-1.000000000000000000e+00
7.598519092274859110e-01
-7.132426643622284956e-01
-3.950133396055056645e-01
7.830797806011221551e-01
1.000000000000000000e+00
-1.000000000000000000e+00
1.000000000000000000e+00
-1.000000000000000000e+00
-2.904330495324023431e-01
-1.000000000000000000e+00
-7.167118483201753154e-01
2.369871311811101444e-01
-1.000000000000000000e+00
1.000000000000000000e+00
-8.503661119576827465e-02
-5.026173238037975333e-01
-1.000000000000000000e+00
-1.000000000000000000e+00
-7.693850129110827440e-01
-1.941246405297104016e-01
-1.000000000000000000e+00
1.586914814476219071e-01
-1.000000000000000000e+00
3.711620081451655895e-01
-3.050524415275117640e-01
1.998533744264797685e-01
-2.657038022176151371e-01
-1.611637238927502436e-01
1.249300260665084372e-01
-1.000000000000000000e+00
-6.949601154901828837e-01
-1.000000000000000000e+00
9.062549647206677994e-01
1.000000000000000000e+00
6.483579217820436558e-01
5.484004937196897966e-01
8.475798095597788517e-01
6.067886089539323846e-01
-1.000000000000000000e+00
-1.000000000000000000e+00
-1.244658229333818755e-01
1.000000000000000000e+00
1.000000000000000000e+00
-1.000000000000000000e+00
6.496698941232801339e-01
-1.418819917241993245e-01
-2.459223657680318365e-01
1.859306303822845230e-01
1.000000000000000000e+00
1.000000000000000000e+00
1.000000000000000000e+00
-1.000000000000000000e+00
-6.453522938975941869e-01
1.000000000000000000e+00
-7.992295925747905372e-01
4.060988409520338016e-01
2.541515912602619887e-01
-1.000000000000000000e+00
-1.000000000000000000e+00
-3.545141757666241400e-01
8.380433601885910466e-01
1.000000000000000000e+00
-4.122254828664909665e-01
6.656435521004340217e-01
4.794181379088013895e-01
-1.000000000000000000e+00
-1.000000000000000000e+00
1.000000000000000000e+00
6.375908665661939034e-02
-1.000000000000000000e+00
-1.000000000000000000e+00
1.000000000000000000e+00
-5.900413822041923328e-01
1.000000000000000000e+00
1.000000000000000000e+00
2.740393127421693054e-01
1.975289279590738412e-01
-5.630309323671487398e-01
1.000000000000000000e+00
1.000000000000000000e+00
-3.155269474450366207e-01
-6.823448665752622766e-01
-9.216453546040422884e-01
-1.000000000000000000e+00
-4.696502241433081482e-01
-1.391809349748403535e-01
1.000000000000000000e+00
1.000000000000000000e+00
1.000000000000000000e+00
1.000000000000000000e+00
5.621379755049360494e-01
1.000000000000000000e+00
-1.000000000000000000e+00
-6.347714355893707694e-01
6.967037977698751217e-01
-1.000000000000000000e+00
1.000000000000000000e+00
1.000000000000000000e+00
6.816421853509577744e-01
-4.584249240815165827e-01
-1.000000000000000000e+00
-2.517636872274143789e-01
1.000000000000000000e+00
-1.000000000000000000e+00
-1.000000000000000000e+00
-1.711575867075718627e-01
-3.192588591097619277e-01
-1.000000000000000000e+00
-1.000000000000000000e+00
6.698912496469833222e-01
-1.000000000000000000e+00
2.531721163322974144e-01
-1.000000000000000000e+00
9.352703577964595061e-01
-3.535728003942465447e-01
-4.484660774742490474e-01
1.000000000000000000e+00
-8.709226480119414138e-01
8.486590408286220910e-02
-2.114966585070445770e-01
-1.059479445517663709e-01
1.000000000000000000e+00
-7.424928213017578660e-02
2.860650409850712395e-01
1.000000000000000000e+00
-3.867509345784603259e-01
1.000000000000000000e+00
4.631356422772341386e-01
7.085153230547134307e-01
-9.601066296021434354e-01
6.339900150596606831e-01
-1.000000000000000000e+00
1.817860203988669321e-01
8.276333557451021061e-01
1.000000000000000000e+00
6.256399309426473598e-01
2.996403171668311771e-02
-2.033039702120495174e-01
-3.295394886621587638e-01
9.939932612682438329e-01
-2.154578330256273766e-02
3.647724126703678627e-01
2.982983919730902711e-01
-1.454711520862805307e-01
1.000000000000000000e+00
1.000000000000000000e+00
9.301071175720525552e-01
-1.000000000000000000e+00
-1.000000000000000000e+00
1.000000000000000000e+00
7.500804472880207019e-01
9.454424357350899033e-01
5.156762351660726384e-01
-1.000000000000000000e+00
-1.000000000000000000e+00
1.000000000000000000e+00
-8.304201825050779862e-01
-1.000000000000000000e+00
