-9.504251374574919087e-01
6.991176520083119961e-01
1.000000000000000000e+00
8.838876591065349952e-01
7.446038937505448096e-01
-1.811639130824233002e-01
-3.247299481573673319e-02
5.157067006483198046e-01
2.928892012625210484e-01
-6.362796803069927787e-01
-5.757264355983060522e-01
-4.413004535338119760e-01
1.000000000000000000e+00
7.429783903265105849e-01
3.870071121243728318e-01
-4.998442514929267722e-01
-1.719986110040618854e-01
5.295210837433295126e-01
-7.574367805230921569e-01
-4.106993124998750133e-01
-3.676991649045796562e-02
-1.000000000000000000e+00
5.246266129758287988e-01
1.000000000000000000e+00
1.636053972214845942e-02
1.000000000000000000e+00
-1.569698614859911245e-01
8.461300739509625135e-01
-1.000000000000000000e+00
9.892796633874603174e-01
-9.225279860478523553e-01
1.484837182995223381e-01
-1.000000000000000000e+00
-1.000000000000000000e+00
2.262399070710364168e-01
-2.116538016342511819e-01
-1.718531549911791467e-01
-6.905305717196323911e-01
-1.004930121600204895e-01
1.000000000000000000e+00
-1.000000000000000000e+00
-6.323624858539793614e-01
7.962326771563903449e-01
-1.000000000000000000e+00
-1.000000000000000000e+00
9.061261774970459371e-01
-1.000000000000000000e+00
1.000000000000000000e+00
-1.000000000000000000e+00
8.286654231513632674e-01
-5.547467032837765100e-01
-4.570866269749360722e-01
1.000000000000000000e+00
6.581854703664109518e-01
2.948480340385806198e-02
1.000000000000000000e+00
3.319043640706522136e-01
9.646869616480496790e-02
3.298863383286589901e-01
-5.419673882141491372e-01
-5.880998046836667381e-01
-9.137061050751194013e-01
-1.000000000000000000e+00
8.818588847127803998e-01
-2.650722004195646964e-01
1.100247017402902205e-01
9.511510705760661821e-02
-1.000000000000000000e+00
1.000000000000000000e+00
9.586104238016910362e-01
-6.390786508107872965e-01
7.390969557123698852e-01
-2.241059248708099361e-03
1.000000000000000000e+00
-1.000000000000000000e+00
2.950681088499698124e-01
-3.934776885048775208e-01
-1.000000000000000000e+00
-3.890148274379479076e-02
3.854010132044074499e-01
-7.894114272669927601e-01
8.896132819915147927e-01
-2.799074553666103249e-02
4.523193641138603116e-01
-4.500029544559602801e-01
-1.000000000000000000e+00
-8.374535647513521308e-01
9.304181313314088264e-01
-1.000000000000000000e+00
-6.558646127862803876e-01
6.671283801127594337e-01
-4.463987703022052056e-01
4.382230694363387080e-02
1.000000000000000000e+00
6.028442207397357588e-01
-4.265250028551530459e-01
8.234246638787510175e-01
6.752974623386359676e-02
-1.000000000000000000e+00
1.000000000000000000e+00
-1.000000000000000000e+00
9.354906250100037957e-01
-8.374942115640726659e-02
-1.694358041981971486e-01
-1.498441488525443788e-01
-3.264988069580350705e-01
-1.106212009947533659e-01
-7.787000870567017952e-01
3.543641178693602289e-01
-1.000000000000000000e+00
3.845782350978875219e-01
1.761249885660509662e-02
8.268973556119879609e-02
-1.000000000000000000e+00
1.000000000000000000e+00
4.916750557294093937e-01
-1.000000000000000000e+00
-5.016331170923300498e-01
-4.728043053842214682e-01
-7.939664728831854479e-01
-1.000000000000000000e+00
-1.000000000000000000e+00
5.356580616907402614e-01
-6.456257601800785562e-01
9.781539736489628378e-01
7.591821869395577460e-01
2.517162113769967346e-01
-1.000000000000000000e+00
-3.459054132069703247e-01
5.253529356822213003e-01
8.159187952541918643e-02
2.705417968828229824e-01
-6.159850973892644355e-01
-4.576730444997068048e-01
-1.000000000000000000e+00
-1.371025245860103547e-01
-6.807741315767563695e-01
-1.000000000000000000e+00
1.000000000000000000e+00
-3.440842978916773820e-01
-5.925829793183924332e-01
7.193786239172705876e-01
1.000000000000000000e+00
6.042623549699919216e-01
-2.785920238229773194e-01
-1.000000000000000000e+00
8.880002693918904733e-01
1.000000000000000000e+00
-4.523195949349061440e-01
-1.000000000000000000e+00
5.102483037621570183e-01
5.515102338054405084e-01
-1.247111124909159319e-01
1.425039844348461315e-01
-1.000000000000000000e+00
-9.081340358375665778e-01
-2.680104453784756258e-01
9.663405978555399400e-01
-1.000000000000000000e+00
1.047286702431288741e-01
4.691353426556046369e-01
3.289972344286253292e-01
-1.000000000000000000e+00
3.460854116301523842e-01
5.108856786013888929e-01
9.116847913276393545e-02
2.515863887289468970e-01
-2.819231796137781632e-01
-1.000000000000000000e+00
-5.396299522894764111e-01
1.000000000000000000e+00
-2.606647017986316595e-01
-7.815985875957034423e-01
-6.865576533748921628e-01
-5.593881776900750946e-01
-8.908447704748323481e-01
1.000000000000000000e+00
-1.000000000000000000e+00
-5.568643559830648293e-01
-3.373797778179987716e-02
9.250554774284567294e-01
-9.083602422717179659e-02
-7.551114902925070149e-01
8.684815490986890207e-01
4.692953975682043755e-01
1.000000000000000000e+00
8.986686517550572795e-01
-1.000000000000000000e+00
7.510095326007037997e-01
8.253603526222359488e-01
3.865743723349788219e-01
-1.000000000000000000e+00
-8.942998117459688423e-01
3.633281463455078075e-01
2.520413966125454319e-01
-8.902169530953834009e-01
-1.000000000000000000e+00
1.000000000000000000e+00
5.927289320827098251e-01
-6.915675839494845878e-01
-5.242354607360679708e-01
-4.247094937170285966e-01
1.000000000000000000e+00
-1.175229587832801598e-01
3.455862679609105204e-01
-3.596193158265579282e-01
4.804696227173846368e-02
-8.048975060076513088e-04
6.276606153770293295e-01
-6.879932656910963118e-01
2.988023980646620226e-01
1.000000000000000000e+00
-9.360358108397589527e-01
1.000000000000000000e+00
2.621697385354040399e-01
-1.000000000000000000e+00
5.993317270424041165e-01
-8.181350105523095273e-01
6.868402228726719905e-01
3.601865183667952164e-01
-1.000000000000000000e+00
-6.809168438386221656e-01
8.692042745620920385e-01
-1.000000000000000000e+00
7.162252788538510107e-01
5.386148715044125623e-01
-1.000000000000000000e+00
9.132741185019556118e-01
1.000000000000000000e+00
-5.447502528644811992e-01
-1.000000000000000000e+00
-9.471406690622861113e-01
-1.000000000000000000e+00
2.235495376021801595e-01
2.160246296259271670e-01
-7.855405217909938731e-01
-7.890851484046716990e-01
-1.343695977722246249e-01
1.000000000000000000e+00
1.000000000000000000e+00
1.635503879060365984e-01
4.673234807994472995e-01
-1.384199024235226727e-01
1.000000000000000000e+00
-1.000000000000000000e+00
-3.673579215849066548e-01
-4.029561754275496899e-01
1.000000000000000000e+00
-8.954839750813576860e-01
-4.143996094714226253e-01
-8.062091185469408838e-01
4.722143584033482444e-01
5.518489617922781587e-01
-2.296116994150392276e-01
1.000000000000000000e+00
4.937447821150273697e-01
-1.459243347275787084e-01
-1.092367451656334199e-01
1.000000000000000000e+00
-4.399838268978309430e-02
-5.011995666939321747e-01
-6.666748303710785528e-01
6.415509242028192283e-01
2.492342661905404544e-01
5.595841912313574973e-01
