-3.776235438216504203e-01
3.669632604655586050e-01
2.193690043503131459e-01
-6.744728883511135198e-01
8.713251473517087398e-01
9.412601210247075745e-01
2.525380594751824859e-03
6.137608774420293400e-01
6.694966903428640759e-01
-5.013570444890826927e-01
-1.637667501906512335e-01
6.448761800227909013e-02
-9.539566028440593648e-02
-9.654339960887698968e-01
8.289276465567501084e-01
-5.094026011714802848e-02
-1.318005705484712742e-01
5.972343689217720630e-01
1.907090929325410134e-01
2.521099730536029426e-01
8.311888321587070916e-01
-4.085673875090218843e-01
5.970851587702354912e-01
9.919331495005272448e-01
-1.203174463586469400e-01
-5.922182197855714314e-01
-7.891692378908434780e-01
4.719028802061877581e-01
-4.636720182345694941e-01
-1.355727288834285282e-01
6.434692732252336178e-01
4.527416669880173217e-01
-2.782081092658303945e-01
-7.200157636318642584e-01
3.687029522131626269e-01
7.080027881336889983e-01
-5.730816352138288217e-01
-9.523809027841632080e-01
-7.659266300813341033e-01
-9.799446381838297082e-01
6.225159796156343184e-02
2.607219955315303039e-01
3.460624682952311293e-01
8.271026591097334624e-01
-1.033526554376322792e-01
5.402151195506093018e-01
7.521915485661483380e-01
6.761437725212273708e-01
-5.206203753019433833e-01
-9.918628146136776458e-01
9.384835074307205094e-01
6.470672288703660513e-02
-6.551499178816411195e-01
4.312799804784324120e-01
9.530456803109199626e-02
-6.123395502931494594e-01
-7.397970507149831398e-02
6.762926969307063718e-01
-7.904664794454170362e-01
-4.562153815662550738e-01
8.581668994484237256e-01
-9.997058294045912952e-02
9.500700227918479346e-01
-8.514040645754730186e-01
4.745016778556905290e-01
-2.028309095385709693e-01
-2.284082964170761620e-01
-9.699570463939122256e-02
-1.792431385250203846e-03
4.124993546743687123e-01
-5.351686946641955878e-01
-9.545007278435031495e-01
5.999492662299608092e-01
-9.595705981736146750e-01
-2.811093275719001028e-02
6.365341319265205300e-02
8.934295248406163292e-01
8.777434057882931295e-01
5.969188454210432315e-01
-8.340944199942912363e-03
-5.079988455669322001e-01
-9.476494686248888577e-01
8.829553803316136928e-01
-5.706504399234708647e-01
4.650047639193444216e-01
8.713844235401744243e-01
-4.074208939843579902e-01
-9.386983200337586375e-01
7.123314575405383930e-01
1.335692829921104607e-01
-6.267322405600661561e-01
9.120860330614493083e-01
-1.576325857617897341e-01
-1.466991036336016130e-01
2.342274583594501358e-01
4.926074828420172746e-01
-5.699898566549803647e-01
8.825039878580205333e-01
1.582631025171952199e-01
8.021932059344627497e-02
1.582611485430887033e-01
-9.920875060366585174e-01
2.629428472899526525e-01
-9.647485725039752769e-01
-4.221731734214400067e-01
-2.828013687884434191e-02
8.259485932276804387e-01
8.625490425895054880e-01
-3.671123890874725681e-01
-6.828531131931889764e-01
8.536636741186724997e-01
-3.645728407012907013e-01
7.953669748088849634e-01
-9.593030384882503814e-01
-2.599018478772678886e-01
5.407169342217632568e-01
3.208763375850700594e-01
1.066699201344185610e-01
-2.097656432492600587e-03
8.108477057235077279e-01
9.071358730930192404e-01
8.345017190392225448e-01
-4.987827049352677733e-01
-8.926550027375264040e-01
2.598247686693762049e-01
4.866467873096509411e-01
3.990283642738903236e-01
3.879601508014485223e-01
9.968472240232848502e-01
6.482796311369618536e-01
5.547723134194781913e-01
-7.113530907345366749e-01
-5.107017996716400887e-01
-5.461549246020975801e-01
-2.432737948222876145e-01
5.254548291321436970e-01
1.334002072081366119e-01
9.248466614273480602e-01
6.099956177249414857e-01
5.310460818222912938e-01
5.429160042409291176e-01
-3.230947674629649491e-01
1.895560670147267146e-01
2.938318977579097435e-01
5.458353552515271545e-01
9.789410202730097765e-02
2.673723437858348539e-01
-4.512046078631744006e-01
6.824840872243558287e-01
4.402305443091854009e-01
1.664207839816715939e-01
9.284466396269586141e-02
-9.094133552174032964e-02
-8.365739683883655076e-03
-5.068365060120885168e-01
-7.900588040739573437e-01
-1.246144223071870005e-01
6.059989174710818105e-01
9.785096449475694236e-02
-6.765941829125998730e-01
7.341240959777040054e-01
-1.621787446493918594e-01
4.820292703438959769e-01
5.829659390367067928e-01
-6.326035533107370323e-01
3.882427181433933949e-01
-8.697231945878962645e-01
-7.029170367936339314e-01
3.205653404399215756e-01
9.956799728553029638e-01
-3.063663579672708526e-01
5.823241122326430208e-01
-3.181741469495065200e-01
-9.042765539234813854e-01
3.921222353452691323e-01
-7.394075392561192395e-01
-2.634977113492098511e-01
1.978062703415395251e-01
5.357050314446167860e-01
1.425255916167595949e-01
-8.671062429866200905e-01
2.411137324038348240e-02
5.636175706459314316e-01
7.971766118444958416e-01
-1.982835406362570829e-01
-2.273801191921107634e-01
8.717129168716786225e-01
-9.271363882086320896e-01
-1.362955674127974692e-01
2.934713569669569200e-01
8.325903077953176190e-01
2.933122915089088067e-01
3.397344387357714712e-01
3.083798776031649869e-01
5.668313532945701283e-02
-1.863947764892197601e-01
2.553476877841280857e-01
1.312017951298851681e-01
2.137382637831175547e-01
9.731278038903123928e-02
-3.794375817414874508e-01
9.156859979908806846e-01
7.687729657152542195e-01
7.053427123074818006e-02
2.709434519337066138e-01
-4.241031656546137008e-01
9.684710042834250299e-01
8.354600104257954296e-01
4.952599864981221955e-01
5.492620357926185637e-01
5.087072528373821623e-01
-2.066797501398096593e-01
9.802980902528142249e-01
6.922581288572009495e-01
2.125559846357758520e-01
-4.317718641421408599e-02
-6.057099334115809697e-01
8.905568436638628960e-01
1.501176292230841369e-01
-8.648958246623330570e-01
-7.926634858815415630e-01
4.684770210632476228e-01
-4.551808879139245256e-01
4.446017838918570053e-01
-8.394092569604365561e-01
-4.354480685078598867e-01
1.142169293748944714e-01
-1.963489201957167030e-01
-8.805649900479406433e-02
-7.056417021148169155e-01
2.720921865437633258e-01
-7.058032878444928659e-01
4.960722450350401047e-01
-3.498650313745819140e-01
-8.186350235796537866e-01
3.864312049919860215e-01
2.143362917064011164e-01
6.431178282063227947e-01
1.641081645993898164e-01
-3.104570789453242607e-01
-1.908331760928954068e-01
2.885881965393297666e-01
-3.836203214306037612e-01
-3.700613710085502994e-01
-6.320040491719831621e-01
3.985293758310470835e-03
8.318425709085428554e-01
-9.062098445657524870e-01
4.092448271101043478e-01
8.555001145777998417e-01
1.353630349444006065e-01
-8.600764465222494604e-01
-8.052417847006543283e-02
-8.570988680431619322e-01
-1.201989550871613854e-01
-3.275646003818057928e-01
-5.197811965661425226e-01
8.386320485078424536e-01
6.355323746083370029e-01
-5.177363063999871340e-01
-5.743861533738368053e-01
-5.544110265487676159e-01
8.375230066973149423e-01
-2.817115715787235075e-01
-4.600523231063147200e-01
