9.911695303682456215e-01
-6.869742982105461748e-02
-3.662651056584542708e-01
-8.579255300026216169e-01
-3.806489618333031011e-01
-9.883621505579089916e-01
-4.412321579139710792e-01
-5.006672534385272488e-01
7.529355662888492784e-01
4.108977837178477976e-01
-1.930473108291550499e-01
1.158987989572541621e-01
1.000000000000000000e+00
3.645382017903229244e-01
-1.000000000000000000e+00
6.169042158807483966e-01
5.608052854418454913e-03
-1.000000000000000000e+00
-1.000000000000000000e+00
1.030268716274791441e-01
-4.520850377851426405e-02
-5.192335747910937771e-01
1.480177812947027771e-01
9.907404084786604059e-01
1.000000000000000000e+00
-4.612510703275953805e-01
-1.000000000000000000e+00
-4.250499161206908738e-01
7.834150942017886754e-01
4.308433662692454647e-01
-1.990625508206653738e-01
-9.166138410004898152e-01
-1.000000000000000000e+00
-6.618912090864541575e-01
-6.235688946304062119e-01
8.854140240720276278e-02
-1.558167410449278201e-01
1.000000000000000000e+00
4.984249181292665920e-02
1.006938804713197744e-01
2.730738471211999197e-01
-5.446499300443536917e-01
-3.316666677133246477e-01
-8.416995240649405297e-02
1.968759274146845151e-01
1.714849092600341240e-01
-9.319976773474771825e-01
2.657758013942352893e-01
-1.000000000000000000e+00
-6.793550535320924677e-01
-3.880579382061485894e-01
1.000000000000000000e+00
1.000000000000000000e+00
3.984343245882673301e-01
-8.601360302659999402e-01
-1.000000000000000000e+00
4.480018043117075521e-01
-1.000000000000000000e+00
-6.183818745933304939e-01
-4.258173141930610139e-02
1.152685022465320674e-01
5.117421407872715378e-01
1.499917865174144049e-01
4.932016413702954294e-01
-4.437518265319838617e-01
1.000000000000000000e+00
7.013999435495636980e-01
-3.477813325525059840e-01
-9.194094525678059293e-01
-5.633495017627843104e-01
-8.238416100490315586e-01
-3.900749971330823573e-01
-2.544008731472058304e-01
2.714027807322538788e-02
6.312218538513736377e-02
-2.863410466812154609e-01
1.544622170749965218e-02
7.177230539731478398e-01
-4.952951681793917316e-01
-6.794822741385033726e-01
1.988732911585699981e-02
-2.634152612495932466e-01
-2.208004914794466367e-01
-1.081542622118112362e-01
-3.473763117700030545e-01
-6.540521558164960059e-01
-1.328837171956350205e-01
-7.274758044969269477e-01
-6.357232589612193951e-01
-1.000000000000000000e+00
-1.000000000000000000e+00
1.000000000000000000e+00
8.846887077177587599e-01
8.347302843189584598e-01
-3.834969273360471220e-01
2.465259869918714486e-01
9.778296621717286197e-01
2.117001901152437138e-01
-7.152403346587103972e-01
-8.604603471113372315e-01
7.889176441820624497e-01
-1.000000000000000000e+00
1.000000000000000000e+00
-7.719839815053786136e-01
1.019640397931028120e-01
-7.340003067803058112e-01
2.208153271527184547e-01
-5.397434691735427670e-01
6.064103491875183494e-01
1.000000000000000000e+00
5.959661405573226656e-01
-1.000000000000000000e+00
-2.686029139187537385e-02
-7.039278589903101846e-01
-6.669716968878991459e-02
-1.389683109410131401e-01
-1.000000000000000000e+00
-3.531362030598583779e-01
-1.000000000000000000e+00
-3.511449589204210242e-01
-5.226409121173647421e-01
-5.748225080037583368e-03
5.617740401287533158e-01
1.160478413715404500e-01
-7.948979447133599496e-01
-3.621838413679820401e-01
-3.235963707998223970e-01
-8.503243914136849879e-01
3.918513284452229684e-01
-1.000000000000000000e+00
-5.578892192221923674e-01
7.519387283752991813e-01
-1.000000000000000000e+00
-3.921815300087911904e-01
-6.321783425857143701e-01
3.337744618099192095e-01
8.537061871601766549e-01
1.000000000000000000e+00
4.768803343798598826e-01
-1.000000000000000000e+00
-1.000000000000000000e+00
-4.237301579237062743e-02
-2.205688336864765065e-01
-8.611569755226078371e-01
-6.930040412301013975e-01
-4.801842529268018911e-01
1.000000000000000000e+00
9.133906055672378344e-01
1.858543750871946010e-01
4.644737148856892262e-01
6.250945536176222284e-02
5.497561707815408205e-01
4.970015401030891677e-01
-1.000000000000000000e+00
-4.766908495166983784e-01
3.880128245866305559e-01
2.952964269006967957e-01
9.910777560311039291e-01
-8.714352397821520935e-01
1.000000000000000000e+00
-8.552022120682620798e-01
8.280402331679199701e-01
8.385674855775797631e-01
7.938017139302794289e-02
4.511275783514621107e-01
-4.005989388406534513e-01
-7.083856175432186042e-01
-9.490057520205728014e-01
-1.000000000000000000e+00
-1.000000000000000000e+00
6.144285277887598928e-01
-1.436936380696718363e-01
-7.038965100563483457e-01
-1.000000000000000000e+00
-3.702351489985112876e-01
-5.859665463028134180e-01
1.000000000000000000e+00
-8.817632979763102563e-01
1.000000000000000000e+00
-1.000000000000000000e+00
1.632167323733015873e-01
9.695929836457630735e-01
1.000000000000000000e+00
4.522818336353868762e-01
9.555325594078860618e-01
-1.000000000000000000e+00
-1.000000000000000000e+00
8.979494087257189339e-01
-7.143757955752441102e-01
9.073079211119075005e-01
2.271929109783017431e-01
8.213779027106125064e-01
9.252422507378676997e-01
6.315238990429179466e-01
-1.000000000000000000e+00
6.033646008735753519e-01
8.256450736719813666e-01
8.109683243171265099e-01
-6.947282678507524789e-01
1.000000000000000000e+00
-1.000000000000000000e+00
6.324558181678663349e-02
5.320578508025942677e-01
-1.000000000000000000e+00
3.906317899824003348e-01
8.059734406652171446e-01
8.738125213943165326e-02
-5.703931482746998904e-01
1.000000000000000000e+00
-1.041633902395062705e-01
1.596868685824410772e-01
-4.158491098215723047e-01
1.000000000000000000e+00
1.000000000000000000e+00
-5.019940304485306370e-01
1.000000000000000000e+00
-7.870481363394217222e-01
-1.000000000000000000e+00
-3.203740573149526094e-01
8.662555729540025728e-01
-1.929998853467833619e-01
1.713356062513478051e-01
3.726301041552049220e-01
-2.175756480243276059e-01
-4.763706927419881776e-01
-9.241230106078401896e-01
-1.000000000000000000e+00
-8.855260254678931631e-01
-1.580511099602570635e-01
-4.229871228552637419e-01
-1.000000000000000000e+00
8.002776715389094964e-01
-1.000000000000000000e+00
-3.950519264910529182e-01
1.000000000000000000e+00
4.775680175710923514e-01
-8.414630003177725470e-02
9.567396563659775754e-01
1.000000000000000000e+00
4.524853307244895984e-01
-1.000000000000000000e+00
1.681470131751161556e-01
8.854767548547368694e-01
6.990439972001967206e-01
4.952315809102134647e-01
1.000000000000000000e+00
3.561984250798971297e-01
-1.000000000000000000e+00
-7.467475513921475461e-01
-2.190759435042445302e-01
-1.000000000000000000e+00
8.196037233229886976e-01
-1.000000000000000000e+00
6.593028074524638349e-01
-1.970514437046892997e-01
6.232348445854956065e-01
-1.000000000000000000e+00
1.000000000000000000e+00
6.777510335415918297e-01
-1.000000000000000000e+00
-3.340279333838813702e-01
-1.000000000000000000e+00
6.187625573719297556e-01
-9.792788442234251489e-01
-3.980400743714243017e-01
