-1.000000000000000000e+00
-1.000000000000000000e+00
9.366493884318302099e-01
-1.000000000000000000e+00
-2.377872420025299860e-01
1.000000000000000000e+00
7.366028421125438985e-01
1.000000000000000000e+00
-5.020542084648312864e-01
-7.461199404528850998e-02
-1.659510723413043509e-01
-1.000000000000000000e+00
-7.630292603115612637e-01
-7.439236692509701987e-01
-1.000000000000000000e+00
-6.575159339491487565e-02
-4.252450647767537228e-01
2.395528481412526611e-01
-1.000000000000000000e+00
5.646472729728441164e-01
-9.569521575678298086e-01
-6.585958238761810968e-01
-8.492336846988206567e-01
-5.737440743666746279e-01
-1.000000000000000000e+00
1.000000000000000000e+00
-8.028442538218305558e-02
-2.095139599069376635e-01
-9.114629631543287314e-01
1.000000000000000000e+00
1.000000000000000000e+00
1.000000000000000000e+00
-1.000000000000000000e+00
-1.000000000000000000e+00
-1.000000000000000000e+00
-3.111215288246270694e-01
-6.212638739225075923e-01
-1.000000000000000000e+00
5.205285272913918737e-01
2.223819380717448613e-01
-1.000000000000000000e+00
-1.000000000000000000e+00
1.000000000000000000e+00
4.280112128825752649e-02
7.522242318526750626e-01
-1.000000000000000000e+00
7.145886685167450736e-01
2.738408045834656024e-01
-1.000000000000000000e+00
9.192538533366780840e-01
-1.000000000000000000e+00
-7.529320631772928873e-01
7.976846270743359613e-01
1.000000000000000000e+00
1.355549316768089874e-02
1.000000000000000000e+00
-1.000000000000000000e+00
1.000000000000000000e+00
-1.000000000000000000e+00
1.000000000000000000e+00
1.000000000000000000e+00
1.616623365635816434e-01
1.060434814249384683e-01
7.138619188424399908e-01
-1.000000000000000000e+00
3.115568936785726439e-01
5.187142245252245321e-01
-1.000000000000000000e+00
-3.407996960431642353e-01
-1.000000000000000000e+00
1.000000000000000000e+00
-4.820239280322423658e-01
-1.000000000000000000e+00
-6.157082723249640566e-01
-1.000000000000000000e+00
-6.627483825568160070e-01
-1.000000000000000000e+00
-1.000000000000000000e+00
5.801559307904158302e-03
-1.000000000000000000e+00
-5.314603338289358714e-01
8.025470148571511864e-02
3.665465179374560734e-01
-5.865793144370611278e-01
6.646670796189246833e-02
-5.511128886879881339e-01
1.000000000000000000e+00
8.956563325115043384e-01
1.000000000000000000e+00
-4.722907051372546849e-01
1.000000000000000000e+00
-1.000000000000000000e+00
3.003416727974228539e-01
1.000000000000000000e+00
-3.675624744424212942e-01
-2.379015355162528156e-01
8.881162646918003833e-01
-8.879746145189804096e-01
-2.893134080586581280e-01
-7.047198405329828663e-01
-1.000000000000000000e+00
-1.000000000000000000e+00
1.000000000000000000e+00
-5.117399422051110286e-02
-1.000000000000000000e+00
1.000000000000000000e+00
-9.678349925840454837e-01
1.000000000000000000e+00
6.041931421851761685e-01
-1.886549680274414165e-01
5.469202074776188249e-01
-9.588092142602598900e-01
-1.000000000000000000e+00
1.000000000000000000e+00
1.000000000000000000e+00
1.000000000000000000e+00
-1.000000000000000000e+00
-5.268383490643404610e-01
1.000000000000000000e+00
-1.000000000000000000e+00
-1.742150767770532793e-01
6.104150706832789375e-02
-4.713915594454290980e-01
-5.797172553704308395e-01
-1.000000000000000000e+00
5.752625306006721173e-01
1.000000000000000000e+00
7.303842094335533108e-02
-6.268312946132759134e-01
-5.895303077974599626e-01
-1.451771691903038786e-01
3.767889036985123674e-01
-1.000000000000000000e+00
1.000000000000000000e+00
-2.895708516578003877e-01
1.528637002224770558e-01
6.738389773720431242e-01
-1.000000000000000000e+00
-9.018039215927142749e-03
2.703182768078584708e-01
8.968917906716137312e-01
4.033249292825198395e-01
1.000000000000000000e+00
7.624176135637978913e-01
-6.329720557543005999e-01
-5.955906880950370130e-01
1.000000000000000000e+00
3.299345865744375272e-01
-6.592977606626618803e-01
-1.236014139116690114e-01
2.595964489847754075e-01
1.000000000000000000e+00
-1.000000000000000000e+00
5.096581741353749528e-01
2.044405202333656746e-01
1.000000000000000000e+00
2.066008280849300771e-01
6.806713985182372140e-01
5.320814567647529358e-01
-6.329006373692535048e-01
-9.295253396631233400e-01
-1.000000000000000000e+00
-8.929958867154234037e-01
1.000000000000000000e+00
-4.555945334872733565e-01
-2.799747340539169294e-01
-1.000000000000000000e+00
-6.705303993214548619e-01
-1.192737987619570533e-01
-8.662695359037875242e-01
2.958320863250409882e-01
1.000000000000000000e+00
-1.553986695756912895e-01
1.000000000000000000e+00
-1.000000000000000000e+00
4.812429553522580283e-01
-3.576152326054753416e-01
1.000000000000000000e+00
1.000000000000000000e+00
1.000000000000000000e+00
1.000000000000000000e+00
-7.855819953452323201e-01
-1.362631305979143947e-01
3.258561170397992202e-01
-3.949203502607299132e-01
-2.498901394015625166e-01
-1.157702750109370626e-01
1.000000000000000000e+00
7.157615858868568992e-01
-1.000000000000000000e+00
4.119181095928398095e-01
1.000000000000000000e+00
9.254549908445879325e-01
7.596113605489575038e-01
-5.985707623084881579e-01
6.534070168107288801e-01
-2.308117679301472380e-01
-2.202269034318757868e-01
-2.869515012846130531e-01
7.508563320337605651e-01
1.000000000000000000e+00
1.000000000000000000e+00
-1.000000000000000000e+00
8.552999662310138973e-01
1.000000000000000000e+00
1.000000000000000000e+00
7.251733944267406695e-01
8.256176811530917536e-01
-1.000000000000000000e+00
1.181168768334177610e-01
-2.364424639734767908e-01
2.692323694998032257e-01
1.000000000000000000e+00
3.026770888301380524e-01
-1.000000000000000000e+00
1.000000000000000000e+00
-7.868911262670368334e-01
5.689149588246760203e-01
1.806268160525889011e-01
8.738377239405508146e-01
-2.843000643460527055e-01
3.729202895837839260e-01
-1.000000000000000000e+00
1.000000000000000000e+00
-9.465893092989030588e-01
5.304163458386870200e-01
-1.000000000000000000e+00
-1.000000000000000000e+00
1.000000000000000000e+00
1.000000000000000000e+00
-1.393173290286887633e-01
1.350018828652750913e-01
-2.478864896612249236e-01
-9.101377400174880394e-01
-1.000000000000000000e+00
-8.454461130967765303e-01
-1.000000000000000000e+00
-5.444259352841585020e-02
-1.000000000000000000e+00
1.000000000000000000e+00
-1.000000000000000000e+00
2.330343017914774384e-01
-1.000000000000000000e+00
-1.000000000000000000e+00
-6.274503017993843246e-01
-1.000000000000000000e+00
-1.593704376617921525e-02
2.163975552015494075e-01
1.000000000000000000e+00
1.000000000000000000e+00
7.355184166331685258e-02
-9.468951322001510906e-01
1.000000000000000000e+00
1.000000000000000000e+00
1.000000000000000000e+00
-1.000000000000000000e+00
1.000000000000000000e+00
1.000000000000000000e+00
-1.000000000000000000e+00
9.671495907423403038e-01
6.195431243613866990e-01
-1.000000000000000000e+00
-1.000000000000000000e+00
-1.000000000000000000e+00
-6.497154341959613388e-01
