-1.000000000000000000e+00
-3.109810111365685081e-01
1.000000000000000000e+00
6.751554297554409612e-01
1.000000000000000000e+00
-2.019457362602332107e-01
9.271970464440340010e-01
-2.141893273352124261e-01
1.000000000000000000e+00
-1.000000000000000000e+00
3.251252428700845964e-02
1.000000000000000000e+00
-9.027597522215696779e-01
7.170233980663259787e-01
-2.865211980660999913e-01
1.000000000000000000e+00
1.000000000000000000e+00
-2.588213486591314783e-01
-3.035432505409759729e-01
2.248039278660474150e-01
1.000000000000000000e+00
-1.000000000000000000e+00
-6.944121386737239776e-02
-1.000000000000000000e+00
-1.000000000000000000e+00
9.106701718822156622e-01
5.700562352709772629e-01
1.000000000000000000e+00
-1.000000000000000000e+00
-1.000000000000000000e+00
-1.000000000000000000e+00
1.000000000000000000e+00
6.185063497736720262e-01
1.000000000000000000e+00
-2.213574877021423637e-01
-1.379717723537773888e-01
1.000000000000000000e+00
-3.144354582023990430e-01
-1.000000000000000000e+00
-7.812861559185244609e-01
-1.000000000000000000e+00
-4.053041957568977449e-01
1.000000000000000000e+00
7.107733119118574416e-01
1.000000000000000000e+00
-7.342630778016139281e-01
1.000000000000000000e+00
-3.698036035661580456e-01
-8.223885600734675005e-01
-1.000000000000000000e+00
-9.740070724925170564e-02
1.000000000000000000e+00
-5.032085599010613919e-01
-1.000000000000000000e+00
-8.396856946578071801e-01
2.278451565064564810e-01
-1.000000000000000000e+00
-7.196623065540708186e-02
9.043931043450749163e-01
1.871542814998286008e-01
1.000000000000000000e+00
1.000000000000000000e+00
5.256934154346049048e-01
1.000000000000000000e+00
-1.000000000000000000e+00
1.707151024272570983e-01
1.000000000000000000e+00
-9.705063654678491858e-03
1.000000000000000000e+00
1.000000000000000000e+00
5.020593484393282013e-02
5.506595873326987078e-01
-1.000000000000000000e+00
-1.000000000000000000e+00
5.652793977162775541e-01
3.467890375267072001e-01
1.000000000000000000e+00
9.805350814542781457e-01
1.227228086489616787e-01
1.000000000000000000e+00
1.000000000000000000e+00
-8.145485397281500006e-01
-1.000000000000000000e+00
-1.000000000000000000e+00
-1.000000000000000000e+00
1.000000000000000000e+00
-1.000000000000000000e+00
-3.765167169270726699e-01
-1.000000000000000000e+00
-8.887006669352968125e-01
-5.603340797628781900e-01
1.000000000000000000e+00
1.000000000000000000e+00
1.000000000000000000e+00
5.658858741987817798e-01
-6.815165359489646635e-01
1.000000000000000000e+00
-2.773182032789024004e-02
1.000000000000000000e+00
1.000000000000000000e+00
-1.000000000000000000e+00
3.489212519156353887e-01
1.000000000000000000e+00
-9.603610296345895803e-01
9.013812403881638069e-01
-4.508612400336139414e-01
-1.000000000000000000e+00
-1.000000000000000000e+00
7.896670093630706599e-01
-6.289533026036913110e-01
-1.453903902294393369e-01
1.000000000000000000e+00
1.000000000000000000e+00
-1.000000000000000000e+00
-3.310271742482182589e-01
-9.121607144713552717e-01
5.570649471924834506e-01
1.000000000000000000e+00
1.000000000000000000e+00
-8.965232519634841468e-01
1.000000000000000000e+00
1.000000000000000000e+00
-6.319942627114725209e-01
1.000000000000000000e+00
-6.759428785491675695e-01
1.000000000000000000e+00
1.000000000000000000e+00
8.719545653053697443e-01
1.000000000000000000e+00
-5.790837715351171422e-01
-9.306113281342607291e-01
-9.338870207168250559e-01
-1.000000000000000000e+00
-1.000000000000000000e+00
-9.977979273674371097e-01
1.000000000000000000e+00
1.000000000000000000e+00
-1.000000000000000000e+00
-7.354358108193406185e-01
9.307370314224827634e-01
5.283570483373586368e-01
-1.000000000000000000e+00
1.000000000000000000e+00
-1.000000000000000000e+00
-1.000000000000000000e+00
-1.000000000000000000e+00
-5.292293968840114937e-01
-1.512226371433062766e-01
-1.000000000000000000e+00
-1.000000000000000000e+00
-2.201059614349235583e-01
-2.704801630830782067e-01
-1.000000000000000000e+00
-1.000000000000000000e+00
1.000000000000000000e+00
6.664278325260383218e-01
-1.000000000000000000e+00
9.980995775674423864e-01
9.258132721765977013e-02
-6.934906725931462290e-01
8.586096039541308844e-01
-1.000000000000000000e+00
1.449793146220469398e-01
1.000000000000000000e+00
1.000000000000000000e+00
-1.352540077086339387e-01
7.828776073800087776e-01
-1.000000000000000000e+00
-1.000000000000000000e+00
-1.000000000000000000e+00
1.000000000000000000e+00
-1.000000000000000000e+00
1.000000000000000000e+00
-9.044004360498791861e-02
-4.065965261119336427e-01
5.848474327109669524e-01
5.594932248218511539e-01
-4.200927619856625883e-01
7.374199036611606140e-01
-8.822662418057608535e-01
6.330932718164282713e-01
5.661856951157688833e-01
-1.000000000000000000e+00
1.000000000000000000e+00
-1.000000000000000000e+00
9.419765647809595910e-01
3.862165106871349174e-01
1.000000000000000000e+00
1.000000000000000000e+00
-5.246131342307709389e-01
1.000000000000000000e+00
-1.371007470279692608e-01
-3.179852975456474717e-01
-7.188200458398703585e-01
1.000000000000000000e+00
-8.174991485429913829e-02
-1.796301944923284211e-02
-1.483772802583389061e-01
1.000000000000000000e+00
5.906263397359017286e-01
-1.000000000000000000e+00
1.000000000000000000e+00
-5.660196918443592962e-01
9.744107296915143213e-01
4.422642690855069225e-01
7.866310202659694273e-01
-1.000000000000000000e+00
8.905291526513081646e-01
5.581691717706536160e-01
5.413630970180838275e-02
-1.000000000000000000e+00
-1.417428918641174818e-01
1.000000000000000000e+00
-1.000000000000000000e+00
1.370405126914852612e-01
-1.000000000000000000e+00
3.905666083334593530e-01
9.072895909451177410e-01
-6.672404211486432368e-01
-1.000000000000000000e+00
1.000000000000000000e+00
5.037097803938517249e-01
-9.569152293543401466e-01
7.361263817708361135e-01
1.000000000000000000e+00
9.987790380929792988e-01
-9.161306970383028547e-01
9.470849579468114676e-01
-5.196023521364419029e-01
-9.654184304748202328e-01
-2.220595837524057536e-01
1.000000000000000000e+00
1.000000000000000000e+00
5.200689371751689993e-01
-1.000000000000000000e+00
-4.853966300235967868e-01
-1.000000000000000000e+00
1.000000000000000000e+00
1.000000000000000000e+00
-1.000000000000000000e+00
-7.155748920491360465e-01
-1.000000000000000000e+00
3.968170497898204641e-01
1.000000000000000000e+00
-7.702534833217342669e-01
-3.598769095432323706e-01
-8.536531276743117846e-01
1.000000000000000000e+00
1.000000000000000000e+00
-3.409772514323258785e-01
1.718132670399830086e-02
6.860518370581866199e-01
-1.000000000000000000e+00
-1.000000000000000000e+00
1.000000000000000000e+00
-1.000000000000000000e+00
8.876007668354797264e-01
1.000000000000000000e+00
8.637346477905329944e-01
-1.000000000000000000e+00
-1.000000000000000000e+00
3.545079749886694831e-01
1.000000000000000000e+00
1.000000000000000000e+00
-1.000000000000000000e+00
