-1.000000000000000000e+00
1.000000000000000000e+00
1.000000000000000000e+00
1.000000000000000000e+00
1.000000000000000000e+00
-1.000000000000000000e+00
-1.915503117532914024e-01
-1.000000000000000000e+00
-2.183995365148383438e-02
-1.000000000000000000e+00
-1.000000000000000000e+00
-6.828129662951365475e-01
5.675325239043049752e-01
-1.000000000000000000e+00
3.148604019705205648e-01
-1.000000000000000000e+00
1.000000000000000000e+00
-1.000000000000000000e+00
-2.145724254898266903e-01
1.027472382107464943e-01
-1.000000000000000000e+00
4.210166731739375390e-01
1.828331036355266281e-01
-5.877416869594346421e-02
5.951058740946663789e-02
-1.000000000000000000e+00
3.858406973108242655e-01
-3.621182289860064296e-01
-4.994007107829181447e-01
9.657781116463688420e-01
-1.000000000000000000e+00
-9.911243368939673948e-01
1.000000000000000000e+00
-1.000000000000000000e+00
-2.992059476799394102e-02
1.000000000000000000e+00
-1.000000000000000000e+00
-6.204138532206655565e-01
1.000000000000000000e+00
1.000000000000000000e+00
-1.000000000000000000e+00
-1.000000000000000000e+00
8.454253832905935795e-01
4.770745447236423020e-01
1.000000000000000000e+00
-2.776931691585555750e-01
-1.000000000000000000e+00
1.000000000000000000e+00
-1.465652511687106641e-01
-1.000000000000000000e+00
9.990721765719423608e-01
-5.055225115730266339e-01
-4.016176080640007640e-01
7.095758640083017488e-01
-5.594274193357811065e-01
1.239039738726579465e-01
8.016594845942613956e-01
-1.000000000000000000e+00
1.000000000000000000e+00
8.977785977358934133e-01
-1.000000000000000000e+00
-1.000000000000000000e+00
1.000000000000000000e+00
1.000000000000000000e+00
4.339783631296434407e-01
-4.799049164294540981e-01
-9.698017837434707022e-01
-1.000000000000000000e+00
-3.995777883906821426e-01
6.548036071669266489e-01
5.705950917795886701e-01
-5.055919017594934228e-01
1.000000000000000000e+00
-3.208718728298426415e-01
3.709143893305227868e-01
8.909329343146198399e-01
-7.786178571630488765e-01
3.359496484751332557e-01
-9.065815034988926602e-01
-9.551963728309998958e-01
-5.948179661993521217e-01
1.000000000000000000e+00
-1.000000000000000000e+00
1.000000000000000000e+00
1.000000000000000000e+00
4.505944063244869957e-01
-6.964289553550601086e-01
2.708119343540390522e-01
1.000000000000000000e+00
1.000000000000000000e+00
9.454071810951634180e-01
6.146610437126318605e-01
1.000000000000000000e+00
-9.829493892519262088e-01
1.000000000000000000e+00
-1.000000000000000000e+00
-1.000000000000000000e+00
-2.852603493986018979e-01
1.000000000000000000e+00
-1.000000000000000000e+00
2.511506558498033392e-01
1.000000000000000000e+00
-9.248679655507877628e-01
2.972558379649313798e-01
2.352690010916761443e-01
1.634317312434626634e-01
-5.293129028504561795e-02
-5.550755671793278223e-01
1.000000000000000000e+00
1.000000000000000000e+00
1.000000000000000000e+00
-1.000000000000000000e+00
1.000000000000000000e+00
-8.384695039811496109e-02
-9.677989047882362694e-01
-8.795260518170360253e-01
-9.444641722802404882e-02
6.554683202317139745e-01
-1.000000000000000000e+00
-1.000000000000000000e+00
-3.704770298575478238e-01
7.961761926720165583e-01
-1.000000000000000000e+00
5.755828036336412268e-01
9.676091064471057379e-01
8.024603395057301469e-01
6.336329565114053874e-01
6.747336190780948151e-01
2.441669824281380574e-01
-3.636519163583794012e-01
-1.459246230071586103e-01
-1.000000000000000000e+00
1.000000000000000000e+00
-1.000000000000000000e+00
-1.000000000000000000e+00
8.804568125709855142e-01
-2.367146210378302529e-01
1.000000000000000000e+00
1.000000000000000000e+00
-1.000000000000000000e+00
2.913776657882897192e-01
-9.265018515288860890e-01
7.762507167383552176e-01
-1.000000000000000000e+00
4.471985690405479996e-01
1.000000000000000000e+00
-3.613026876272373844e-01
-9.522557071902770787e-02
1.000000000000000000e+00
-9.791273548494247025e-01
-1.000000000000000000e+00
1.000000000000000000e+00
2.237799001317666292e-01
-7.642519556055304975e-01
7.790997809064107438e-01
1.000000000000000000e+00
-5.755139139343428134e-01
-2.233518699923480177e-01
1.000000000000000000e+00
-1.000000000000000000e+00
7.342509979522441332e-01
1.176012691525880616e-01
-1.000000000000000000e+00
7.078793383190853383e-01
4.397585185047966361e-01
1.000000000000000000e+00
-6.492168584255965103e-01
-1.000000000000000000e+00
7.059551429818681223e-01
7.632832824107438352e-01
1.000000000000000000e+00
-1.000000000000000000e+00
-1.000000000000000000e+00
1.551300506432120585e-01
-1.000000000000000000e+00
-1.000000000000000000e+00
1.000000000000000000e+00
-1.000000000000000000e+00
-1.000000000000000000e+00
-3.800598450861087940e-01
1.619027626680202836e-01
-4.727650521385264315e-01
5.681816998171329569e-01
1.000000000000000000e+00
-3.565856938191671044e-01
-7.558409207925285145e-01
-1.000000000000000000e+00
3.028133390102493161e-01
1.000000000000000000e+00
-9.458438787682352800e-01
-1.000000000000000000e+00
1.000000000000000000e+00
2.626810817948306287e-01
-1.000000000000000000e+00
-6.467430529105875348e-01
1.000000000000000000e+00
-8.829364156089578031e-02
-1.000000000000000000e+00
4.593059314672509608e-02
2.511542733414978135e-01
-1.000000000000000000e+00
4.636638004257749857e-01
-1.000000000000000000e+00
1.751114546688707918e-01
-1.000000000000000000e+00
1.000000000000000000e+00
-8.704287799646405199e-01
-1.000000000000000000e+00
1.000000000000000000e+00
2.662734627448319902e-01
-1.519794393254521037e-01
1.028324635413646604e-01
1.000000000000000000e+00
1.000000000000000000e+00
-7.786477062115919612e-01
-1.000000000000000000e+00
1.000000000000000000e+00
-1.000000000000000000e+00
1.000000000000000000e+00
1.000000000000000000e+00
-3.639477715371184363e-01
8.636904112257459687e-01
-1.000000000000000000e+00
7.609272914235911678e-01
6.297218870781515765e-01
9.689710801218912595e-01
7.847369668618449090e-01
-7.745579122688157625e-01
-4.977611227460230214e-01
1.000000000000000000e+00
-1.000000000000000000e+00
-4.555952314699269201e-01
4.956306038983318007e-01
1.000000000000000000e+00
-1.000000000000000000e+00
-1.000000000000000000e+00
-1.000000000000000000e+00
4.948282787491034007e-01
-5.043394675401904337e-01
-1.000000000000000000e+00
-6.250017608662741253e-01
1.000000000000000000e+00
5.822197120859877728e-01
-1.000000000000000000e+00
1.000000000000000000e+00
8.846338503661986818e-01
-1.000000000000000000e+00
-1.000000000000000000e+00
-3.958572419263286513e-01
1.000000000000000000e+00
-2.936851311307354662e-01
1.000000000000000000e+00
-1.000000000000000000e+00
1.000000000000000000e+00
-9.297745216758745990e-02
3.301288176553107689e-02
-1.000000000000000000e+00
6.204605393798916513e-01
1.000000000000000000e+00
5.756672481697885368e-01
-1.000000000000000000e+00
-1.000000000000000000e+00
1.000000000000000000e+00
1.840518818147202085e-01
-8.980800176045248273e-01
