-9.476949658206736959e-01
-2.929947969291855081e-01
5.988460589123789646e-01
-1.123076199818158205e-01
3.032511974728746562e-01
-7.873435174087421995e-01
-3.882632297492063511e-01
4.402510458795916293e-03
7.492977182951872095e-01
2.394497793347800663e-01
-1.993401415597604309e-01
5.322961577409903722e-01
4.061361995685075499e-01
-9.267786521827621193e-01
-8.420388420511515370e-01
-3.311028501622952369e-01
7.434511856834438159e-01
-5.948405518466284292e-01
-7.014862614930956752e-01
1.894746605214350232e-01
3.833582969000874918e-01
-1.969768745209112826e-01
-2.443844314530652095e-01
-8.851842282053363764e-01
-5.927995811896100697e-01
-7.083787478850316344e-01
3.517657673113145922e-01
-4.267249144283837836e-01
4.498217761639744516e-02
7.346017326171938588e-01
8.795442998623848041e-02
7.788407658540843492e-01
6.038882489519985519e-01
4.210446251209467583e-01
9.976298769130256261e-01
-9.575757844790988571e-01
-3.960224080803287361e-01
-6.684544745931082499e-01
-4.527713494831266949e-01
-6.209526637393916193e-01
5.835709492438490020e-01
4.962105993597241138e-01
4.711690515469069140e-02
-1.968922786650935119e-01
-5.100657695279182668e-01
9.002423721288432823e-02
-5.898965334201586863e-01
-3.526622302893507310e-01
3.130322450361202602e-01
5.334119526576874826e-02
7.354298575810225280e-01
4.124719528007254610e-01
-9.944649137009498041e-02
-3.331329441115571388e-01
3.228812193492169857e-01
9.659635863939759481e-01
7.860932711800761030e-01
-4.187973844571282189e-01
9.324733031106346992e-01
6.086684552404000303e-01
-4.293709943623338354e-01
-6.057239380715808696e-01
-9.146849127284777392e-01
3.190785786330672114e-01
-1.557877979472110930e-02
-7.910479619039272325e-01
-7.464009663208186485e-01
-6.835428862596668598e-01
2.211660246496709448e-01
5.877883456895827141e-01
-2.591494744096189962e-02
-7.930644752320117341e-01
-1.921895438709573245e-01
-2.024095195379114198e-01
-2.586525268100414721e-02
9.021995960326893993e-01
-2.403315767034275297e-02
8.916860741770165077e-01
-3.783516307107872567e-01
8.324447536294588001e-01
6.125806392823252011e-01
-9.754450818090401043e-01
-4.136334047157654847e-01
-5.518574182350182156e-01
3.962336854234465022e-01
-8.068728975084573651e-01
9.918408015841315706e-01
-9.186042595079648709e-01
7.811749884547432021e-01
-2.495033582179397857e-01
-9.549589813518613024e-01
-3.259898340647797710e-01
4.090545643467797809e-01
2.676602995695787079e-01
6.629015861993889924e-01
9.514486937194805982e-01
-5.065002512413183666e-01
-6.540171038505622203e-01
-9.403877725908316165e-02
9.181459617243972193e-01
-1.184827640222734235e-01
4.338851635386078431e-01
-6.681115775917432220e-01
-4.048353013071277484e-01
1.905398888103768673e-01
9.316252086501668472e-01
1.362786558275441706e-01
-6.740850370937301328e-02
-5.583453700015572618e-01
7.369894615624807965e-01
-7.361883350807589821e-01
4.735277607965295843e-01
-8.453025363804889114e-01
9.547873178555783547e-01
1.136873602440091613e-01
9.074224753405821797e-01
3.289361253474256674e-01
-7.933943393250890708e-01
-8.920293786228317146e-01
-2.526972152943587346e-01
-4.039437765576863182e-01
7.333484269226375751e-01
-4.663301460677993227e-01
-6.733830429692919672e-01
1.545760511349272281e-01
-4.793908319230888448e-01
-8.189987141719929920e-01
-5.149242311505193292e-01
9.552518248275276846e-02
4.779039489987584322e-01
-8.726443748372225695e-01
-2.908498555313610012e-03
3.484874518667870902e-01
-3.138502232731297248e-01
5.663171202499122092e-01
7.886622700185927926e-01
-8.163496374670002886e-01
-6.804046754942456587e-01
-4.854444912030833059e-01
4.646947293337837515e-01
7.146264995370141815e-01
5.591094718039817391e-01
1.305243264523920921e-01
3.396033823983002353e-01
-7.050485586284196415e-01
7.727865040019721299e-01
-7.664818011664866759e-01
6.355120645235861065e-01
1.072681147658769429e-01
-3.408273098102028165e-01
-9.650559607479862745e-01
-7.602856109548599139e-01
3.798550660012240954e-01
8.623909866458474571e-01
9.608613375018992819e-01
9.412209286166861588e-02
1.302625259093812549e-01
-1.953796841690564889e-01
-6.228908243841950743e-01
9.415291615273113646e-01
-3.681366776549717112e-01
1.813733846535727778e-01
-2.764440430772816537e-01
-4.129709317769911792e-01
8.030005119222887178e-01
6.687382753532846724e-01
4.378603646660768067e-01
-3.254395650819905672e-01
7.009134568741322013e-01
-3.905601243236718201e-01
6.710488887259868918e-02
3.272953665125502010e-01
4.215673547621079376e-01
-4.557748062466484562e-01
-5.127517750547121445e-01
9.617996458756394862e-01
-9.628721923281777784e-01
3.072152906442522369e-01
5.802578026776838982e-01
-3.526649851989354101e-01
5.509622897976056421e-01
-6.400121479796982982e-01
3.267533499564083677e-01
-3.790031677700758106e-01
4.410836307792240785e-01
-3.681643761325346098e-01
8.270086823865627768e-01
-2.476080286589559254e-01
1.775443624157924116e-01
-7.326323016180213976e-02
-3.988967591961625203e-01
-6.127384148963839205e-01
3.890242652717608163e-01
-1.599405434240859236e-01
1.798961910714609314e-01
6.839688601071647334e-01
-1.563803539929617958e-01
7.114463502392798233e-01
3.497206054708006384e-01
3.988416290734988490e-01
1.710254870164051866e-01
6.953268252064830346e-01
9.609067278366463238e-01
-3.497571855539931551e-01
7.306834763552738643e-02
-2.097987143470909643e-01
-8.179272904736840655e-01
-7.133761150303254972e-01
2.699376258094146053e-01
6.695844913984350111e-01
-6.078937711192191617e-01
-8.583784363563455866e-01
5.755329842788361461e-01
7.425691953263515721e-01
1.179276633600407909e-01
3.103378188549794636e-01
-3.099159219756770778e-01
1.426086377859450138e-01
9.144062531960885920e-01
-9.957205805850739555e-01
-4.269451393988485943e-01
2.256637525251004028e-02
2.823879307698222707e-01
5.017932860385632132e-01
-3.049376304878888000e-01
-9.033440585296954595e-01
-1.226578573196852595e-01
-1.215528366859599529e-01
5.946984021698054068e-01
-1.751568559688512217e-01
5.507718238860948023e-01
2.054472801392854819e-01
1.620544746384826595e-01
3.293131137875149328e-01
9.402803231461556166e-01
-5.699867157112437077e-01
4.346171550136659345e-01
-1.429009978261142066e-01
2.855598286164355848e-01
-1.512749752171267392e-01
-1.278667324820981221e-01
9.553521394285822144e-01
-7.327926280450951513e-01
-9.801931223161095552e-01
3.004189669518571026e-01
8.008571555783658980e-01
-6.901171639853547202e-01
1.700252800990218471e-01
-4.772817814997709629e-01
-9.908115792947806977e-01
-1.165813284136727468e-01
5.293932312154359110e-02
3.332111195016780325e-01
5.883856801363727129e-01
-8.701280727018749772e-01
-3.869926719520537794e-01
-4.973365512131799893e-01
4.721355534203599547e-01
-3.626004237682105558e-01
4.104119622754751617e-01
-9.021214483578769983e-01
4.509218781045361002e-01
1.614921345996578328e-01
-3.540687580417911651e-01
5.227539913458099097e-01
