7.688594949919976829e-01
8.677196852020707674e-01
-1.000000000000000000e+00
7.128391390708788133e-01
4.773816876778653739e-01
-1.000000000000000000e+00
-4.449278399026080910e-01
-1.000000000000000000e+00
-4.925275761837266675e-02
-6.978422927788476837e-01
-1.000000000000000000e+00
-7.882262074859419654e-02
-2.990146726154968571e-01
-1.000000000000000000e+00
1.000000000000000000e+00
-5.105998395816577773e-01
-4.087162152247487135e-01
-1.726295106251426459e-01
-1.000000000000000000e+00
9.336308905934425084e-01
-5.290592741088062656e-01
1.000000000000000000e+00
6.150087590932373782e-01
1.000000000000000000e+00
-1.000000000000000000e+00
-9.241320723187785857e-01
-1.690284416963908631e-01
6.920090491015594703e-01
-4.443300749903500435e-01
-2.413177270684672138e-01
8.282364082843607367e-01
-5.430404024603833202e-01
3.333663648515063915e-01
-1.000000000000000000e+00
1.000000000000000000e+00
-3.148227491126759925e-01
1.000000000000000000e+00
1.000000000000000000e+00
3.203697186651823792e-01
-1.000000000000000000e+00
2.564909446778806390e-01
-9.157099028465685020e-01
-2.633188829803929654e-01
3.218557551794409832e-01
-9.819402945641120262e-02
1.000000000000000000e+00
6.469091879320501004e-01
-7.605461758592511057e-01
-2.425863462149036032e-02
1.622160416825111362e-01
-1.000000000000000000e+00
-1.000000000000000000e+00
-2.879941357844975069e-01
7.868853298641607097e-01
7.606796480684541173e-01
1.000000000000000000e+00
1.000000000000000000e+00
1.000000000000000000e+00
2.079399369295957811e-01
5.496423303811194261e-01
1.000000000000000000e+00
9.292651908534278471e-01
3.642103145582105128e-01
-6.233218621218687971e-01
9.129090021394170584e-02
-4.557960330472532462e-02
6.495886218045376914e-01
-1.000000000000000000e+00
4.779265157875015602e-01
7.513873972176556004e-02
-7.096500622890616894e-01
-1.000000000000000000e+00
-5.152319575059864931e-01
-1.000000000000000000e+00
7.938510821139770357e-01
5.222976923709103936e-01
-1.000000000000000000e+00
-6.242690170385234438e-02
-7.719460962048625419e-01
1.142325036340077760e-01
7.410756883253682981e-01
5.603651599559081875e-01
4.128376022990385419e-01
6.736545004324472341e-01
4.774042708317034062e-02
1.000000000000000000e+00
4.655755068371416616e-01
-9.930273439448306094e-01
-1.000000000000000000e+00
-9.527714893323513401e-02
1.000000000000000000e+00
-3.360582731203262119e-01
-1.242467618693960940e-01
6.963188629609131652e-01
-1.000000000000000000e+00
1.000000000000000000e+00
6.872968785405115799e-01
1.000000000000000000e+00
-4.847416722655565335e-01
-8.785768705370697873e-01
-7.679304122317587300e-01
1.000000000000000000e+00
3.392141144097613470e-01
1.000000000000000000e+00
2.499960167269552613e-01
-1.000000000000000000e+00
9.002295434563505339e-01
3.702394334953524879e-01
2.965556169910145146e-01
-5.496494722841601677e-01
-1.000000000000000000e+00
7.880827901027151472e-02
-1.000000000000000000e+00
4.052724313703118253e-01
1.000000000000000000e+00
-3.598794761196046910e-01
-2.989514408332233364e-01
7.332723802418890102e-01
7.539857415038129229e-01
-8.352754353583171643e-01
6.712212136956754449e-01
-5.593526311768495241e-01
1.000000000000000000e+00
-4.760533083420381839e-01
-1.000000000000000000e+00
1.000000000000000000e+00
-1.000000000000000000e+00
-5.035491112527541446e-01
1.000000000000000000e+00
-2.122232108506342252e-01
-5.233578764282863505e-01
-1.000000000000000000e+00
1.000000000000000000e+00
-1.000000000000000000e+00
4.215670165239853162e-01
7.180892933605099726e-01
1.000000000000000000e+00
7.334883198587578423e-01
1.267355235573329741e-01
1.000000000000000000e+00
4.635430231004633583e-02
-1.000000000000000000e+00
-1.000000000000000000e+00
1.000000000000000000e+00
-1.000000000000000000e+00
-5.059581722123683845e-01
1.294250731689191580e-01
1.000000000000000000e+00
4.320612216780530535e-01
-4.559665956149290267e-01
1.000000000000000000e+00
-5.287624411792986034e-01
5.646537726714783156e-01
-3.379573819933652246e-01
6.244830379620927019e-01
-6.742357176397272278e-01
-1.000000000000000000e+00
-1.234073754175839532e-01
4.094570861467139444e-03
8.138622060205973341e-01
-1.000000000000000000e+00
-2.149951615501503877e-01
1.500701131598173865e-01
7.817785805576238367e-02
-7.357695498977482318e-01
4.362169187081545996e-01
-1.000000000000000000e+00
6.264261329178644200e-01
-5.655023125095459680e-01
-1.323350956790063648e-01
-4.651697193897277316e-01
1.670336726999707422e-01
-2.460577472047376091e-02
1.695109964925231028e-01
-1.466937314924205982e-01
1.000000000000000000e+00
1.000000000000000000e+00
4.787082269607745300e-01
-1.043839447026589096e-01
-1.000000000000000000e+00
1.000000000000000000e+00
-1.000000000000000000e+00
1.000000000000000000e+00
-3.402424983944390968e-02
-6.412659880550664049e-01
9.292744513346415935e-01
4.235247709983628872e-01
7.807272838936899495e-01
1.000000000000000000e+00
-7.946596086804034176e-01
1.000000000000000000e+00
1.000000000000000000e+00
-1.000000000000000000e+00
-4.972231834139349549e-01
-1.000000000000000000e+00
1.000000000000000000e+00
1.000000000000000000e+00
-1.287023653159019565e-01
7.372416578005495102e-01
-1.698608576903637979e-01
-6.551646630133904914e-01
5.579742329987509297e-01
2.788762424848438837e-01
1.865073072199878723e-01
-1.000000000000000000e+00
6.603315669488341033e-02
-1.140410314955335735e-01
-9.569113011018566262e-01
-8.964507266427110821e-01
-4.865949924436065999e-01
8.898424030906328941e-01
1.000000000000000000e+00
1.000000000000000000e+00
-2.352672043617881625e-02
9.408557304969543678e-01
-1.000000000000000000e+00
-4.699733787387662121e-01
8.734490609693464913e-01
1.000000000000000000e+00
1.000000000000000000e+00
-1.000000000000000000e+00
1.000000000000000000e+00
-4.772363096970611007e-02
7.217226317695073501e-01
-1.000000000000000000e+00
-1.000000000000000000e+00
1.000000000000000000e+00
-2.353915667642825227e-02
8.562048056013336073e-01
-6.442942430793290320e-01
7.746291323507230597e-01
-4.652882683544999898e-01
-7.949266625875874848e-01
5.075928338875033141e-01
-1.000000000000000000e+00
8.698981987933138704e-01
-1.000000000000000000e+00
1.000000000000000000e+00
-1.000000000000000000e+00
1.822123600034412094e-01
-1.000000000000000000e+00
-1.000000000000000000e+00
-1.835606864037230279e-01
-1.000000000000000000e+00
1.000000000000000000e+00
-1.000000000000000000e+00
-1.000000000000000000e+00
3.372769035958169681e-01
3.329261238264183964e-01
-1.000000000000000000e+00
1.000000000000000000e+00
1.000000000000000000e+00
-1.721806871164824060e-01
-6.575084695277649827e-02
7.564119144038684572e-01
1.218227241225007806e-01
9.652676105234506698e-01
4.620418116170316170e-01
1.000000000000000000e+00
1.000000000000000000e+00
-1.647477643607513365e-01
3.093840118971156183e-01
-1.000000000000000000e+00
-3.676075230277112693e-01
3.848978165094591453e-01
