-3.617864126019327831e-01
-1.788002816484007829e-01
-1.000000000000000000e+00
-3.170066418153387189e-01
1.000000000000000000e+00
-6.986110880744607066e-01
8.237170266400808405e-01
1.000000000000000000e+00
-2.451712582874465696e-02
3.849146157852935124e-01
-1.000000000000000000e+00
2.765018777794130966e-01
2.984048349220889129e-01
1.512391952126463934e-01
-2.335374712583058177e-01
1.000000000000000000e+00
7.922055818926199144e-01
-1.000000000000000000e+00
1.000000000000000000e+00
1.000000000000000000e+00
1.000000000000000000e+00
1.000000000000000000e+00
-1.000000000000000000e+00
8.325547176846779251e-01
-1.000000000000000000e+00
9.770247700719447703e-01
-1.000000000000000000e+00
9.893402497114003324e-01
-1.000000000000000000e+00
-3.170735907428359202e-01
-1.000000000000000000e+00
9.140635328041406549e-01
9.294310641313765498e-01
1.000000000000000000e+00
-1.831000888507915147e-01
-8.360153406272121668e-01
1.267004252478819148e-01
-9.464554777888634085e-01
-4.690732773398627042e-01
2.544959466992356978e-01
3.489002663264102466e-01
3.113502777075782824e-01
2.185813683520004824e-01
5.147204533373928026e-01
6.565006700581971222e-01
4.516860662304197360e-01
1.000000000000000000e+00
1.000000000000000000e+00
-8.619797633164050232e-01
1.314517075416565817e-02
-9.233090004245829707e-01
-1.000000000000000000e+00
1.000000000000000000e+00
-1.000000000000000000e+00
8.080026902509975795e-01
-4.846116491618741584e-01
-1.000000000000000000e+00
-9.029684130801091113e-02
1.064606970149295506e-01
3.571699943771089458e-01
-6.840198241882952113e-01
1.000000000000000000e+00
7.512343954111861954e-01
-8.874478160580165920e-01
1.000000000000000000e+00
-1.000000000000000000e+00
-7.453504351315196619e-01
4.541913672440830441e-01
5.315492687973861763e-01
7.535979744306846584e-01
-1.000000000000000000e+00
-1.000000000000000000e+00
1.944396780659315427e-01
1.000000000000000000e+00
-1.884982391033190874e-02
-1.000000000000000000e+00
-4.453052038348743746e-01
-4.634893821731109753e-01
-1.622772823109739360e-01
-2.252971296407319524e-01
-6.369586672358000801e-01
7.359095915124833631e-01
-8.348563274843997517e-01
5.866983615101326599e-01
1.000000000000000000e+00
-1.000000000000000000e+00
1.000000000000000000e+00
2.670886704973187697e-01
-1.000000000000000000e+00
1.000000000000000000e+00
9.069287998823493124e-01
-9.969655314937176938e-01
9.357967675105646199e-01
-1.000000000000000000e+00
6.048847693142027637e-01
-1.000000000000000000e+00
-4.787877437199946629e-01
3.151101605056738642e-01
1.000000000000000000e+00
-8.171134789163148060e-02
-1.000000000000000000e+00
-1.215128854529120561e-01
-1.000000000000000000e+00
-7.792725315792619067e-01
8.173106010613188088e-01
1.000000000000000000e+00
-1.000000000000000000e+00
3.221462163923900501e-01
7.840510063084726866e-03
1.000000000000000000e+00
-1.000000000000000000e+00
5.883800537180610135e-01
1.000000000000000000e+00
1.196871826110700865e-01
-1.000000000000000000e+00
1.000000000000000000e+00
6.990575128601568267e-01
7.330189110650453532e-02
-2.002654464309284177e-01
1.522802304901234027e-01
9.244353209797246951e-01
6.051513384980389265e-01
-1.000000000000000000e+00
6.622619383623871148e-01
-3.217759907466412050e-01
7.347904799257355402e-01
-3.804083590284232930e-01
4.993081946613184829e-01
-6.217737424618687836e-01
1.797636763829809359e-01
-6.884353001596297261e-01
7.649426061095898621e-01
-1.000000000000000000e+00
6.042385367500315851e-01
-1.159824616844569167e-01
-1.000000000000000000e+00
3.803919519663491178e-01
-5.724670933374852444e-01
1.882136834706447104e-01
-8.517826317994978691e-01
5.740972416454768190e-01
9.939055654210364743e-01
1.000000000000000000e+00
2.850627785985598850e-01
-2.779996159483126839e-01
5.350501476108783239e-01
-7.855318630121651546e-01
-5.697432736807555020e-01
-5.443996176260836872e-01
8.727530360239375007e-01
1.000000000000000000e+00
-9.833900921521618876e-01
6.284749472905397649e-01
1.809935394441072321e-01
2.446459553933399977e-02
3.314379092208445954e-01
-2.167904898942870640e-01
7.547341434196418453e-01
-7.195476403936187371e-01
1.000000000000000000e+00
9.383241247646556538e-01
1.000000000000000000e+00
-5.468179402339208295e-01
1.000000000000000000e+00
7.513947797536500994e-01
1.000000000000000000e+00
-7.012778787368936229e-01
6.319703397415141755e-01
2.444799987110110040e-01
-8.871735231748089090e-01
-1.000000000000000000e+00
8.924566887305973584e-01
3.095792007704571969e-01
-3.099690564229273804e-01
-5.876674286162699712e-01
-1.000000000000000000e+00
-9.804877641792706378e-01
3.419505193357101902e-01
7.596620038216173043e-02
1.000000000000000000e+00
1.000000000000000000e+00
2.406713895564214223e-01
8.130948984880035368e-01
1.000000000000000000e+00
-2.530621551448364315e-02
-1.000000000000000000e+00
1.000000000000000000e+00
1.000000000000000000e+00
-7.747867906925639536e-01
-5.365814854424419966e-01
1.000000000000000000e+00
-4.952766825103356307e-01
-1.000000000000000000e+00
-1.000000000000000000e+00
-5.096902672434057147e-01
-4.523226179570768446e-01
-2.308355585355137407e-03
-2.438501561999932843e-01
-1.000000000000000000e+00
-4.065149936094521466e-01
-3.123027791868628888e-01
5.351092579521611325e-01
-1.000000000000000000e+00
-3.435679429735469803e-01
4.082479834526306917e-01
-7.389403634455559144e-01
5.519765124045556970e-01
-1.000000000000000000e+00
-1.358293410022024528e-01
3.321307932342922875e-01
7.412618720417267770e-01
2.868449544677329488e-01
1.000000000000000000e+00
1.000000000000000000e+00
-3.580787327307768386e-01
-1.000000000000000000e+00
-6.302704724033844075e-01
3.190623599124682297e-01
1.322428096201939129e-01
-2.156084576893113613e-02
-4.348350118535516118e-01
-2.562940665397827056e-01
1.000000000000000000e+00
1.000000000000000000e+00
1.000000000000000000e+00
5.835406952485773235e-01
-1.000000000000000000e+00
-2.330050758449387360e-01
4.586589662407509760e-01
1.000000000000000000e+00
-2.010040722589583329e-01
-1.000000000000000000e+00
1.229193892086002382e-01
-1.000000000000000000e+00
-9.776305112466804337e-01
1.000000000000000000e+00
-4.981333800894724995e-01
6.189508575034048388e-01
-1.628588378053583141e-01
-1.000000000000000000e+00
-7.329653474109660838e-01
-4.563063228312238540e-01
1.000000000000000000e+00
-3.477466916113296502e-01
8.392104123131087778e-01
-8.923263234920675302e-02
-7.899079459683984172e-01
6.757309107087001721e-01
8.457862426702102976e-01
-1.000000000000000000e+00
-1.000000000000000000e+00
9.516661166733796362e-01
-6.568453415536728013e-01
7.741204247827626617e-02
-7.868855969120347460e-01
7.250710583646091667e-01
3.812915638604739144e-01
1.000000000000000000e+00
5.409314065726844589e-02
-4.882856200529892554e-01
-1.000000000000000000e+00
6.219055984294308281e-01
-3.358537210702889908e-01
-4.592524233118896460e-01
-3.594260389193590921e-01
