9.356996804875772344e-02
-5.353601328522485936e-01
8.692699394972891458e-01
2.767988046065162910e-01
-1.000000000000000000e+00
5.241554099706562386e-01
-1.939578306578834122e-01
-1.380584549419565654e-01
1.000000000000000000e+00
1.000000000000000000e+00
4.097066872465024989e-01
5.060128278695312787e-01
-7.375467515206812763e-02
1.000000000000000000e+00
1.000000000000000000e+00
1.000000000000000000e+00
-1.000000000000000000e+00
7.981855085115374671e-01
-1.000000000000000000e+00
1.672786393045982423e-01
-3.925579060210210303e-01
1.000000000000000000e+00
6.630180503390087354e-01
-1.319065433712039437e-01
-1.000000000000000000e+00
-9.492199962991738627e-01
1.000000000000000000e+00
-1.000000000000000000e+00
8.554779211938244587e-02
1.000000000000000000e+00
3.250130458729525440e-01
-1.000000000000000000e+00
-1.000000000000000000e+00
6.979210969084864713e-01
-1.000000000000000000e+00
-1.000000000000000000e+00
-1.000000000000000000e+00
-1.000000000000000000e+00
1.000000000000000000e+00
-1.000000000000000000e+00
1.000000000000000000e+00
1.000000000000000000e+00
-1.000000000000000000e+00
-4.672667791217496314e-01
-3.165773405075561486e-01
-1.000000000000000000e+00
9.385372510987145533e-01
-3.464445634976953681e-02
-5.203245687712825251e-01
9.194067157629335352e-01
-7.502440189454089303e-01
-1.000000000000000000e+00
-5.030739556720867922e-01
4.105317880903222028e-01
4.180742672485462386e-01
1.000000000000000000e+00
-1.000000000000000000e+00
8.795842075308881736e-01
-2.135387828790155096e-01
2.053126010789572131e-01
-3.897361556115009895e-01
-1.000000000000000000e+00
-8.906892837994759837e-01
1.000000000000000000e+00
-1.000000000000000000e+00
9.121088016685432454e-01
1.000000000000000000e+00
1.000000000000000000e+00
6.264404710872647497e-01
-1.000000000000000000e+00
1.000000000000000000e+00
-5.770759045857132286e-02
-7.977627738549903924e-01
2.074004511135431050e-01
-8.944758701529916811e-01
4.889221893932989005e-01
4.383221088774993945e-01
1.000000000000000000e+00
1.000000000000000000e+00
-1.000000000000000000e+00
-1.000000000000000000e+00
8.410127596757561719e-01
-1.000000000000000000e+00
1.000000000000000000e+00
1.000000000000000000e+00
4.120541287456683799e-01
1.000000000000000000e+00
-1.000000000000000000e+00
-7.373214405785923908e-01
-1.000000000000000000e+00
-2.974051622205204914e-01
-1.238842292388710742e-01
-9.780278864181308762e-01
-1.000000000000000000e+00
-1.350748926657027171e-01
7.794960253077241052e-01
6.443334456906257834e-01
-6.823802587484875115e-01
-1.000000000000000000e+00
8.021670368471400803e-03
1.000000000000000000e+00
-7.352253184250295837e-01
-1.000000000000000000e+00
-7.336601132587216023e-01
-4.334841688507395929e-01
-5.628937305256291879e-01
1.765763418825885278e-01
1.000000000000000000e+00
1.308612229714538611e-01
-1.000000000000000000e+00
1.829646889614164884e-01
5.241070229421835869e-01
-1.000000000000000000e+00
1.000000000000000000e+00
3.928419105630753250e-01
-9.182500566391412766e-01
-1.000000000000000000e+00
1.000000000000000000e+00
-5.618490860954447053e-01
1.000000000000000000e+00
6.168729873922007556e-01
-1.000000000000000000e+00
-8.287797934674867584e-01
-1.578249973399870609e-01
-3.445013383303902055e-02
1.000000000000000000e+00
-1.000000000000000000e+00
6.582513794218751713e-01
-1.995278482135576792e-01
-7.336752080832176226e-02
1.000000000000000000e+00
1.000000000000000000e+00
-1.000000000000000000e+00
-4.373130282939871050e-01
-9.169588813092663937e-01
1.000000000000000000e+00
-1.000000000000000000e+00
7.699378439032756871e-01
4.557869786067834106e-01
-1.000000000000000000e+00
1.000000000000000000e+00
-8.435327791073146120e-01
5.604321796792572918e-01
-1.000000000000000000e+00
1.000000000000000000e+00
-1.000000000000000000e+00
1.538290686231402749e-03
6.683454090861741248e-01
-8.385903507476352159e-01
1.000000000000000000e+00
-3.442361493849979137e-01
1.000000000000000000e+00
5.183688708323344052e-01
-2.204270545714955842e-01
-1.000000000000000000e+00
-1.005244043968579470e-01
-1.000000000000000000e+00
-1.360174579425876829e-02
1.000000000000000000e+00
1.000000000000000000e+00
-1.000000000000000000e+00
5.062423478721275738e-02
-1.000000000000000000e+00
-8.286501481125452262e-02
-1.000000000000000000e+00
-6.056810131751235726e-01
8.839623068813959872e-01
-1.000000000000000000e+00
7.219995109003658484e-01
-1.000000000000000000e+00
-1.000000000000000000e+00
-1.318968949185783668e-01
-1.000000000000000000e+00
2.860070194085698736e-01
9.395438580903557879e-01
1.000000000000000000e+00
-6.229429388592810923e-01
-1.000000000000000000e+00
-2.473787478740738788e-01
-1.000000000000000000e+00
-1.000000000000000000e+00
-1.000000000000000000e+00
-4.619524373337902112e-03
-1.000000000000000000e+00
-2.675872280297494354e-01
2.917678545223476028e-01
-7.664404902906134520e-01
5.944691545327647209e-01
2.735523592120794323e-01
-1.000000000000000000e+00
-1.000000000000000000e+00
-2.285400433369280671e-01
8.471577334769612166e-01
-9.966576715628505667e-01
8.773969713686846639e-01
-9.047618963401637959e-02
6.954288848468117568e-01
-1.000000000000000000e+00
6.442292314954591870e-01
-1.000000000000000000e+00
-6.993562999217447507e-01
4.097033519483345154e-01
-1.905460662778307723e-01
6.219269890486722741e-01
-9.237786161725728418e-01
1.789864226381685519e-01
1.000000000000000000e+00
-1.000000000000000000e+00
-1.000000000000000000e+00
-1.050727801075349577e-01
-1.000000000000000000e+00
1.993465574770683091e-01
6.751939220694883614e-01
1.000000000000000000e+00
-1.000000000000000000e+00
1.000000000000000000e+00
-5.674597775054117665e-01
-5.164342151499634603e-01
-1.000000000000000000e+00
6.236386021599347185e-01
-3.684622708184173701e-02
-7.810302784470102289e-01
-3.423445913413090125e-01
-2.070944115672768149e-03
-1.000000000000000000e+00
1.000000000000000000e+00
1.000000000000000000e+00
1.000000000000000000e+00
7.034034939276170295e-01
-4.380624739238639931e-01
-1.000000000000000000e+00
1.236756142185304608e-01
-4.677869782301387058e-01
7.241381036114598047e-01
-1.000000000000000000e+00
-3.736636825488517388e-01
-2.447699612749130171e-01
-1.000000000000000000e+00
4.107481306261108189e-01
-1.608627863938416058e-01
1.000000000000000000e+00
-1.000000000000000000e+00
1.000000000000000000e+00
-1.000000000000000000e+00
1.000000000000000000e+00
-1.000000000000000000e+00
-1.000000000000000000e+00
1.000000000000000000e+00
-1.000000000000000000e+00
-8.838877223181285103e-01
-6.185530597567638900e-01
4.878725813532780453e-01
-1.000000000000000000e+00
2.811437382640524785e-01
-4.154565097020070930e-01
7.195570192144659094e-01
7.656837677819152699e-01
-1.000000000000000000e+00
1.000000000000000000e+00
1.000000000000000000e+00
1.000000000000000000e+00
7.277933932940213735e-01
-8.439996985065776336e-01
-1.147028923416351931e-01
-1.000000000000000000e+00
