1.929909907001763347e-01
1.000000000000000000e+00
4.046636552421053468e-01
-1.000000000000000000e+00
-5.235096484303752851e-01
5.972077494379950391e-01
-1.000000000000000000e+00
1.000000000000000000e+00
1.000000000000000000e+00
1.000000000000000000e+00
1.000000000000000000e+00
6.720626099034086032e-01
-1.000000000000000000e+00
-1.000000000000000000e+00
-5.115842951154514484e-01
-6.597058094174249598e-01
1.000000000000000000e+00
-1.000000000000000000e+00
-3.930561985934116764e-01
-2.168794994780943730e-01
-6.798758195337484267e-03
1.000000000000000000e+00
1.000000000000000000e+00
4.013775239064780176e-01
8.564433054593976191e-01
4.604059874048882506e-01
1.258901816537972840e-01
9.863992701520685191e-02
4.593383201024611173e-01
-1.000000000000000000e+00
-1.000000000000000000e+00
-1.000000000000000000e+00
1.000000000000000000e+00
-1.000000000000000000e+00
-1.000000000000000000e+00
-1.000000000000000000e+00
8.249797451842534324e-01
6.029642642293481236e-01
5.340654503211101911e-01
1.000000000000000000e+00
8.644043724093710690e-01
-7.661115202057272588e-01
-8.158801242697513167e-01
-1.000000000000000000e+00
-1.000000000000000000e+00
-1.000000000000000000e+00
1.000000000000000000e+00
1.512854588639322984e-01
2.731818952097374575e-01
-1.000000000000000000e+00
8.505951337508521615e-02
-3.616360283858104929e-01
8.759317184623761632e-01
3.712073062490766073e-01
-1.059017357830400741e-01
-2.560364286319449789e-03
-1.000000000000000000e+00
5.151554782938421173e-01
1.000000000000000000e+00
-1.000000000000000000e+00
6.293893046432122995e-01
5.571237593389752885e-01
-9.695990960002516257e-01
6.792908330781266546e-01
-1.000000000000000000e+00
-2.162501209419391279e-01
1.000000000000000000e+00
-4.371932057395118698e-01
-4.055813230889598886e-01
-3.556316303131025203e-01
6.076302656436218808e-01
2.204033432139034243e-01
-1.000000000000000000e+00
-7.063081099934317431e-01
-1.000000000000000000e+00
-1.000000000000000000e+00
9.815593556613744219e-01
-1.000000000000000000e+00
1.000000000000000000e+00
-9.619928208620021071e-02
1.000000000000000000e+00
1.000000000000000000e+00
1.000000000000000000e+00
-5.994735193736389078e-01
-1.402659194431192802e-01
4.552277033784065119e-01
-7.419386564540553231e-02
-7.476623003082689678e-01
-8.781288465751349026e-01
8.321423609613385342e-01
-4.958787777028816901e-01
-1.000000000000000000e+00
-1.000000000000000000e+00
-9.224832661883304308e-01
1.499277319172789280e-01
2.500475554280556789e-02
8.125084496307966031e-01
1.000000000000000000e+00
1.000000000000000000e+00
1.000000000000000000e+00
-1.000000000000000000e+00
1.000000000000000000e+00
2.091723104934631872e-01
3.793599784452214574e-01
4.207590312416223943e-01
7.627557366777434344e-01
1.000000000000000000e+00
1.628804695237351385e-02
7.933168019490324241e-01
6.750581962245494339e-02
6.858450682200299964e-01
-1.000000000000000000e+00
-9.447370061897994997e-01
-1.000000000000000000e+00
1.000000000000000000e+00
-4.293917941725030052e-01
7.738854953121664382e-01
1.000000000000000000e+00
7.963570438494365078e-01
-1.000000000000000000e+00
8.429190343099256522e-01
8.958947378693553620e-01
-8.784435843079244632e-01
-1.000000000000000000e+00
-9.670998719277086320e-01
-2.886275990027997729e-03
3.715062137365634509e-01
-1.000000000000000000e+00
-9.277728498664811196e-01
1.000000000000000000e+00
-7.451477597532399910e-01
-3.643970847702174831e-01
1.000000000000000000e+00
-1.000000000000000000e+00
-4.208440318667354685e-01
1.000000000000000000e+00
9.388883210267873203e-01
-1.000000000000000000e+00
-3.866790192007555360e-01
1.000000000000000000e+00
1.000000000000000000e+00
8.763329269449386949e-01
-1.000000000000000000e+00
7.295748589913824134e-01
1.000000000000000000e+00
2.204317187601717576e-01
-3.806372533561660498e-01
7.429624197234643290e-01
1.000000000000000000e+00
2.756826991784200320e-01
1.000000000000000000e+00
6.045347340211310039e-01
1.000000000000000000e+00
9.773040539740964761e-01
1.000000000000000000e+00
8.947731458625902690e-01
1.000000000000000000e+00
8.944360000150878287e-01
-1.000000000000000000e+00
2.443770657313507344e-01
5.809346231461661736e-01
9.472452540959560574e-01
8.164449522528158809e-01
1.000000000000000000e+00
1.000000000000000000e+00
-6.562932849270373126e-01
-1.000000000000000000e+00
8.637234800163273718e-01
1.000000000000000000e+00
1.000000000000000000e+00
-7.556157793760808206e-01
-7.859586853758135927e-01
1.000000000000000000e+00
1.918354485469042636e-01
-3.565277035863130273e-01
-1.000000000000000000e+00
-9.263872231326613083e-01
1.000000000000000000e+00
-7.753763830718203298e-01
1.000000000000000000e+00
5.979258493868294666e-02
-6.847892431615791864e-01
-1.710302340418896616e-01
-1.000000000000000000e+00
7.605969591571375421e-01
-1.374456140687729810e-02
-9.315103576693737342e-01
-1.000000000000000000e+00
9.084233439960534007e-01
-3.187914743451338850e-01
1.000000000000000000e+00
-3.786002493179180250e-01
3.602914006961444038e-01
2.136942421744169041e-01
1.000000000000000000e+00
1.137246927600704116e-01
1.000000000000000000e+00
-1.000000000000000000e+00
-1.645699359392809868e-01
9.548294914236298281e-01
1.000000000000000000e+00
6.915924546695780828e-01
8.845934765008764966e-01
-4.222840462231698400e-01
9.265040480121755628e-02
1.000000000000000000e+00
5.894454377635560682e-01
1.000000000000000000e+00
-4.630493927394777609e-01
-1.706843833037842151e-01
-1.904062788449675248e-01
-2.811408020204455571e-01
1.000000000000000000e+00
1.000000000000000000e+00
-9.041353180944406986e-01
-5.936635843531836709e-01
-1.078156852112450714e-01
-1.000000000000000000e+00
-2.792831909713806571e-01
-2.067166289495539488e-02
-8.561793887655994029e-01
-9.064231922141988695e-01
1.000000000000000000e+00
9.894429036128610244e-01
-8.043737741472565261e-01
1.000000000000000000e+00
7.206923291584548252e-01
1.000000000000000000e+00
1.000000000000000000e+00
4.810385348790227056e-01
7.198819295469953694e-01
1.000000000000000000e+00
5.044086224515537120e-01
-1.000000000000000000e+00
9.722265975514435832e-01
-3.358397587327613953e-01
-6.409277664411661135e-01
6.925362284355927045e-01
-5.438401373067156541e-01
-1.000000000000000000e+00
7.416689610256654852e-01
-5.537091056848419957e-01
-1.000000000000000000e+00
1.000000000000000000e+00
7.297777859343710372e-01
-1.000000000000000000e+00
-2.715092480534055941e-01
-4.684511769870507436e-01
-1.000000000000000000e+00
4.953361687168135186e-01
-1.000000000000000000e+00
-1.000000000000000000e+00
6.607333400619422870e-01
6.988904742994628272e-02
9.023506004129067115e-02
-1.000000000000000000e+00
4.063597503310474868e-01
2.165580675705666147e-01
5.675477091377468808e-01
-1.000000000000000000e+00
3.212328208397285945e-01
4.490412928882087096e-01
-1.000000000000000000e+00
9.055362020038491000e-01
-1.000000000000000000e+00
