-1.000000000000000000e+00
-1.000000000000000000e+00
-7.389509175866473267e-01
7.153268710691212950e-01
1.223254793243717664e-01
7.171289161385776545e-01
1.409676061655458223e-01
1.000000000000000000e+00
-1.000000000000000000e+00
8.092145096079053079e-01
7.818370392556089898e-01
-7.156353658343099500e-02
1.000000000000000000e+00
5.915491738364548890e-01
-1.000000000000000000e+00
1.000000000000000000e+00
2.247295010397883930e-01
5.210577494903454454e-01
1.000000000000000000e+00
-1.000000000000000000e+00
9.955100320681899984e-01
-1.000000000000000000e+00
1.000000000000000000e+00
1.000000000000000000e+00
5.141945468326684920e-02
8.145167711237958352e-01
4.312945715962167581e-01
2.981557662261095643e-01
1.000000000000000000e+00
-6.857723803391519990e-01
-1.000000000000000000e+00
-8.835626288540399109e-01
1.477521596923745406e-01
-1.000000000000000000e+00
1.830186358236501332e-01
-7.869823441165316735e-01
-6.063403750792129010e-02
-1.000000000000000000e+00
7.617796163481251881e-01
1.000000000000000000e+00
-9.909861710318155215e-01
9.954084016396462786e-01
9.351628688833215630e-01
-1.000000000000000000e+00
5.276328891285881895e-01
-8.230765613437620587e-01
1.000000000000000000e+00
-6.359373874180189734e-01
-7.572772429656599025e-01
8.099428931769183659e-01
-1.000000000000000000e+00
-3.406672566098784549e-01
1.000000000000000000e+00
7.872166373025923924e-02
-3.305971501222974007e-01
-1.219322275446433901e-01
-6.185013293471541829e-03
7.133317792410120983e-02
-6.386886375297007312e-02
4.873146681146693360e-01
-1.000000000000000000e+00
-6.748853850093139428e-01
-3.353591387947674196e-02
1.000000000000000000e+00
1.000000000000000000e+00
8.320097137392868936e-01
-1.000000000000000000e+00
-1.000000000000000000e+00
1.000000000000000000e+00
-7.818370112919017512e-01
1.000000000000000000e+00
6.728465304489934518e-01
-1.704576544685856287e-01
3.489457762514633909e-01
-2.603815077183195825e-01
7.450494339463098470e-02
1.981108445272808938e-01
7.012440587112902524e-01
-1.000000000000000000e+00
-8.059274436479418879e-01
1.000000000000000000e+00
-1.000000000000000000e+00
9.575687261226455416e-01
3.679119940169603975e-01
9.817232803018542953e-01
-4.856060959264666410e-01
-1.396175178246050752e-01
-1.178631364772849688e-01
5.921239621227922800e-01
-1.000000000000000000e+00
-2.894319004105093684e-01
-4.295416979295145765e-01
5.182817266607936402e-01
-1.889494906598920831e-01
-1.000000000000000000e+00
1.000000000000000000e+00
-3.652996745317600991e-01
2.663970959647293801e-01
-1.000000000000000000e+00
1.109845593601056501e-01
1.000000000000000000e+00
1.684983153802426248e-01
-8.811697758749625908e-01
-1.000000000000000000e+00
1.000000000000000000e+00
7.368343381895974264e-01
-6.941345572283965648e-01
1.000000000000000000e+00
-5.109216830629257355e-01
-1.000000000000000000e+00
-1.000000000000000000e+00
-1.000000000000000000e+00
7.918036300725341814e-01
-1.996536836074654930e-01
9.471137213119711351e-01
6.465894479982328136e-01
1.000000000000000000e+00
9.470060638260020536e-01
-1.000000000000000000e+00
5.323088218367377777e-01
7.189330963714612999e-02
-1.000000000000000000e+00
-1.000000000000000000e+00
-1.000000000000000000e+00
-1.000000000000000000e+00
1.000000000000000000e+00
-1.899620274679756637e-01
6.206103504062807641e-01
-1.000000000000000000e+00
-3.309256432947657589e-01
-1.000000000000000000e+00
-5.982483031454963740e-01
9.179252627581687696e-01
1.000000000000000000e+00
2.448131392400433315e-01
1.552392036825100963e-01
-1.000000000000000000e+00
1.000000000000000000e+00
-1.000000000000000000e+00
1.000000000000000000e+00
1.000000000000000000e+00
-1.000000000000000000e+00
4.905189946440402515e-03
-7.642859845103711081e-02
-2.517255993766043254e-01
-1.000000000000000000e+00
-8.318348484983768554e-01
-2.320260048528156593e-01
7.987555713819404213e-01
-2.808203912187424711e-01
9.912297067238524662e-01
-3.590704336905407024e-01
6.062454490718256483e-01
-1.086808431136474656e-01
5.215532666519957505e-01
1.575037957182481296e-01
4.203825690479694455e-01
1.000000000000000000e+00
-1.000000000000000000e+00
-1.000480911703627296e-03
-3.894542348752010330e-01
9.376667838683790945e-01
1.620477455660491728e-01
2.793823208937440405e-01
4.389276416664111835e-01
-9.495484827095591607e-01
-1.000000000000000000e+00
7.997426206410023219e-01
-6.678349725600197795e-01
1.000000000000000000e+00
-2.705282134001436578e-01
-1.000000000000000000e+00
-1.000000000000000000e+00
9.954504850470908828e-01
1.000000000000000000e+00
2.171554713131217396e-01
1.510439607255977812e-01
-8.100632126368492170e-01
-5.186114195162012663e-01
-9.363621317715109527e-01
-1.000000000000000000e+00
1.000000000000000000e+00
6.027323387553120554e-02
-4.851285907175305612e-01
1.000000000000000000e+00
-2.633995531187525163e-01
-1.000000000000000000e+00
8.931068272814373099e-01
1.000000000000000000e+00
1.000000000000000000e+00
1.853492503682853121e-01
3.243494661385669109e-01
1.000000000000000000e+00
-1.000000000000000000e+00
1.000000000000000000e+00
-1.000000000000000000e+00
-3.076093162047092155e-01
6.672325030363694953e-01
-1.000000000000000000e+00
-9.394598725330209898e-01
2.658144155635048800e-01
1.000000000000000000e+00
-9.945162238882934158e-01
-1.573706205872774100e-01
2.498708930605509360e-01
-9.739331505371870978e-01
3.091180362799373360e-01
-9.874839320896302564e-01
-5.608546059380214999e-02
9.242058317747327001e-01
8.698525664962588611e-01
-1.000000000000000000e+00
1.000000000000000000e+00
-5.829518266780067126e-01
-4.820802605061910162e-01
-3.620201873922885838e-01
9.638587869112476003e-01
1.000000000000000000e+00
7.730756455369448554e-01
-6.880183979258388538e-01
-1.000000000000000000e+00
-7.343510573055485047e-01
9.818198358458511965e-01
1.000000000000000000e+00
-1.000000000000000000e+00
-6.074323077449284014e-01
8.300455623451346021e-01
1.000000000000000000e+00
1.000000000000000000e+00
1.000000000000000000e+00
2.648344466497190020e-01
-1.000000000000000000e+00
1.000000000000000000e+00
-3.128034520083597392e-01
-1.000000000000000000e+00
-5.010315480529536902e-02
-5.238556124297163441e-01
-8.501038592501876101e-01
9.280859755622048457e-01
-8.455417405973786327e-02
-7.809939556684304396e-01
-5.859616423455034084e-01
9.240732294787594725e-01
6.274454114697043394e-01
-1.000000000000000000e+00
-1.000000000000000000e+00
1.000000000000000000e+00
1.000000000000000000e+00
1.000000000000000000e+00
2.028422312836667407e-01
-3.336934986161685934e-01
-1.000000000000000000e+00
5.269625645870382735e-01
9.020300120710085245e-01
1.000000000000000000e+00
-1.000000000000000000e+00
-1.000000000000000000e+00
1.000000000000000000e+00
8.895053729376922735e-01
1.483302540791475721e-01
-1.531065012471023445e-01
-5.069351575773364260e-01
-1.000000000000000000e+00
-1.000000000000000000e+00
-4.906771204046203039e-01
