-7.993718627906275520e-01
-1.000000000000000000e+00
1.000000000000000000e+00
1.000000000000000000e+00
-1.865152046249554108e-01
-5.135333598388056586e-01
8.425954063353625623e-01
-3.357656531298953695e-01
5.417183812768910922e-01
2.481840508575317017e-01
-3.303815539755752262e-01
1.000000000000000000e+00
1.000000000000000000e+00
-2.737467427446221846e-01
1.000000000000000000e+00
1.000000000000000000e+00
-1.000000000000000000e+00
-7.320059736013007079e-02
-7.732243395985713419e-02
-5.289357749845196022e-01
-1.000000000000000000e+00
3.815220336164738546e-01
1.397157724417532609e-01
-9.565623960914423352e-01
-1.134041447876053543e-01
-1.000000000000000000e+00
-2.354632103411209432e-01
1.000000000000000000e+00
-6.935855480677117768e-01
9.765875329708640917e-01
1.000000000000000000e+00
8.862540092875017539e-01
-7.070907914835184993e-01
1.582141913101108854e-01
2.074016132439635562e-01
3.295123275452791489e-01
9.700483817437004497e-01
1.000000000000000000e+00
-1.000000000000000000e+00
1.018423210849619398e-01
1.717456587319370342e-01
8.681044061220682950e-01
-1.000000000000000000e+00
8.013276925046375343e-01
-4.104580156168442517e-01
1.000000000000000000e+00
1.000000000000000000e+00
-1.000000000000000000e+00
-2.960527455926179607e-01
7.809785510182045698e-01
-3.047189062246088431e-01
3.238837930739641990e-01
-2.344992075008112131e-02
2.989270915540050977e-01
-3.968708578429505085e-01
6.137703820153385115e-01
-9.580413110248436892e-01
1.000000000000000000e+00
-1.000000000000000000e+00
1.000000000000000000e+00
-1.000000000000000000e+00
-1.576326206840552024e-01
6.819492602154731964e-01
3.277309441648778021e-01
1.000000000000000000e+00
-1.000000000000000000e+00
-1.000000000000000000e+00
1.000000000000000000e+00
-4.435471513298503976e-01
-1.000000000000000000e+00
-1.565628770713378692e-02
1.780658699948751700e-01
-1.078885814058627712e-01
8.494588190608428624e-01
-4.821741062000413081e-01
3.022768300356042936e-01
-2.035891056740817273e-01
-2.906318897607826912e-01
1.000000000000000000e+00
-1.000000000000000000e+00
-1.000000000000000000e+00
1.000000000000000000e+00
8.389282858976270241e-01
-1.000000000000000000e+00
-1.000000000000000000e+00
-3.335599483299267476e-02
1.000000000000000000e+00
1.000000000000000000e+00
5.984044171379681032e-01
1.000000000000000000e+00
1.539187788491401809e-01
-6.864704391318854348e-02
-1.705736404068944889e-01
-3.874462909441847014e-01
-1.071810514648994239e-01
1.000000000000000000e+00
-4.745950920737200263e-01
1.000000000000000000e+00
8.131585679207473660e-01
-1.000000000000000000e+00
9.680937081243864428e-01
1.000000000000000000e+00
5.133932213319704063e-01
1.000000000000000000e+00
1.597104675412048536e-01
-1.000000000000000000e+00
-5.166090172751705012e-01
7.861716825906587269e-01
3.835900550038466306e-01
1.000000000000000000e+00
-3.538272126071000945e-01
1.000000000000000000e+00
-6.468262351723815806e-01
-4.298301656207093036e-01
-1.000000000000000000e+00
-1.000000000000000000e+00
4.973628193582550483e-01
-1.000000000000000000e+00
-7.499746876671253837e-02
1.000000000000000000e+00
1.075861167355456338e-01
5.559341901816230447e-01
8.192464338533175794e-02
-6.313335132990381959e-01
5.673847018926775343e-01
-9.657682268210605603e-01
-8.749826602740555792e-01
-1.000000000000000000e+00
3.964196886383495322e-01
-3.178057478506213229e-01
-1.000000000000000000e+00
5.874179966303552103e-01
1.000000000000000000e+00
-1.000000000000000000e+00
1.000000000000000000e+00
1.000000000000000000e+00
7.684427220346941034e-01
5.240923297388393465e-01
9.033947586473085600e-01
7.979940394711593221e-02
1.000000000000000000e+00
1.000000000000000000e+00
9.391031722406789628e-01
1.618369460555995343e-01
5.325336159424011173e-01
-3.852970380500779779e-01
6.791151158529603604e-01
1.000000000000000000e+00
-1.000000000000000000e+00
-2.266997570369071457e-01
-1.000000000000000000e+00
-1.000000000000000000e+00
-1.000000000000000000e+00
-1.000000000000000000e+00
1.000000000000000000e+00
1.427316341071376282e-01
1.103182985642296443e-01
-1.000000000000000000e+00
-5.872908408483372700e-01
-1.000000000000000000e+00
-2.421819126502992026e-01
7.242978418126606588e-01
9.162160656713362883e-01
-4.289567767335157322e-01
1.000000000000000000e+00
-8.544840796059084420e-01
-7.144313374628509239e-01
2.304572963597659729e-01
5.106109838594998784e-01
5.776009506424357731e-01
-5.658941962927178659e-01
1.000000000000000000e+00
1.426473582326792666e-02
-1.000000000000000000e+00
1.573578424847883184e-01
-1.000000000000000000e+00
1.000000000000000000e+00
5.840887637968894541e-01
6.111512705559337677e-01
8.668887957517983356e-01
-1.000000000000000000e+00
-1.000000000000000000e+00
1.000000000000000000e+00
-8.282849801203047146e-01
-1.000000000000000000e+00
1.000000000000000000e+00
-1.000000000000000000e+00
3.554799949034541662e-01
1.000000000000000000e+00
-1.000000000000000000e+00
4.340466840702891238e-01
-7.197617338025918965e-01
8.736932583006435937e-01
1.190268138575055756e-01
3.795131239878680729e-01
-2.190173018294818141e-01
2.070331785809915170e-01
5.253822307239432998e-01
1.000000000000000000e+00
-3.313904733471869646e-01
-1.803494888437144894e-01
-1.000000000000000000e+00
2.500151264105729965e-01
-2.300912981584057881e-01
5.248206731589358798e-01
-7.577239944284500650e-01
-7.591315225970129976e-01
-9.541071637808444805e-01
3.549355397355458130e-02
-1.000000000000000000e+00
-1.000000000000000000e+00
1.000000000000000000e+00
1.000000000000000000e+00
5.989201018542684718e-01
-9.244147757051178749e-01
-1.000000000000000000e+00
4.719443802464984294e-02
1.000000000000000000e+00
-6.475235839659182480e-02
-1.457578735221594091e-01
-1.000000000000000000e+00
1.000000000000000000e+00
8.777550141225737290e-01
1.000000000000000000e+00
-7.201770109039611345e-01
-2.917773353489508947e-01
5.693924619860618597e-02
1.000000000000000000e+00
1.000000000000000000e+00
3.640022175346744326e-01
1.000000000000000000e+00
-1.000000000000000000e+00
5.921033040811887194e-01
-1.000000000000000000e+00
1.788152967524744841e-01
-1.000000000000000000e+00
-1.000000000000000000e+00
1.695460418386258716e-01
1.000000000000000000e+00
-6.576364691908619386e-01
2.936576856504468092e-01
-6.883134308854788053e-02
-3.043710219844183995e-01
-1.000000000000000000e+00
1.000000000000000000e+00
7.607532253560984614e-01
3.272620994773765002e-01
9.371707637792953127e-01
1.000000000000000000e+00
1.000000000000000000e+00
-9.111307348071393530e-01
-2.758157214365501986e-01
1.000000000000000000e+00
-1.831503511596894729e-01
-2.805915275668484643e-01
-1.000000000000000000e+00
-8.419009604744718267e-01
-6.893003662657506414e-01
-6.752561038710662711e-01
6.533569761377664431e-01
-1.000000000000000000e+00
-9.664186016608538043e-01
-2.134739548388940866e-01
-3.962611337959291991e-01
8.903136757995050443e-01
