-1.000000000000000000e+00
1.000000000000000000e+00
-3.864139243781900546e-01
1.000000000000000000e+00
6.265858733432783101e-01
1.000000000000000000e+00
-1.000000000000000000e+00
1.000000000000000000e+00
-1.000000000000000000e+00
1.000000000000000000e+00
9.783004552442080559e-01
1.000000000000000000e+00
1.000000000000000000e+00
1.000000000000000000e+00
-8.149931156186813741e-01
-8.224913856871136630e-01
3.922523741911430606e-01
1.000000000000000000e+00
8.776663826421102765e-01
9.421814663240435372e-03
-9.582005090585421492e-02
1.000000000000000000e+00
2.635384356883215817e-01
2.704911393235209793e-01
-3.543115691048649429e-01
9.275091267382118421e-01
1.000000000000000000e+00
-1.000000000000000000e+00
7.701350155489259386e-01
-2.046458343850661998e-01
6.782285474027918148e-01
-1.000000000000000000e+00
1.000000000000000000e+00
1.000000000000000000e+00
6.623271093750213723e-01
-1.000000000000000000e+00
1.132380411819435828e-01
1.000000000000000000e+00
1.000000000000000000e+00
6.587235205422081741e-01
-2.731643545242717908e-01
5.815858924858541279e-01
-1.000000000000000000e+00
-1.606853388801507965e-01
-4.512546991204302582e-01
2.435015518219201258e-01
3.278784927708725538e-01
7.095065150212277461e-01
-6.760140302944685209e-02
6.469153482487944862e-01
1.000000000000000000e+00
1.000000000000000000e+00
-1.000000000000000000e+00
5.658337129957917710e-01
-5.433926095487913166e-01
-2.889746925576359704e-01
-1.000000000000000000e+00
-1.000000000000000000e+00
-7.292304299561537251e-01
-1.000000000000000000e+00
-2.378865451380107743e-04
5.164624662912646880e-01
1.000000000000000000e+00
-1.000000000000000000e+00
9.634242320440258300e-01
9.346993454607166463e-01
8.461417828155850529e-01
5.439045839075902222e-01
1.035755190565208483e-01
5.559745730527612118e-01
-8.723190108981304647e-02
-1.000000000000000000e+00
-8.589005921211568806e-01
-4.642627113304302888e-01
-7.003354717159038234e-01
-2.777491401885311961e-01
8.140949533578215602e-01
-1.000000000000000000e+00
-1.000000000000000000e+00
-6.366133948465231285e-01
-8.335150668842770949e-02
-8.939509913220964332e-01
9.170606989794816144e-02
-9.630793986905668014e-01
6.079669388927946283e-01
-1.000000000000000000e+00
1.000000000000000000e+00
-6.585772039454065307e-01
-1.180973083847269844e-01
-5.339341322391500944e-01
-1.000000000000000000e+00
1.000000000000000000e+00
-3.006609218293070374e-01
-5.376484477936417372e-01
-6.181124670146065370e-02
-4.428095020811724236e-01
9.448217892923751471e-01
-8.371129932563768916e-01
-3.318207274715296307e-01
1.000000000000000000e+00
-1.000000000000000000e+00
-1.138286065372828837e-01
-4.486319317538234319e-01
2.731739019704483296e-01
7.676174345522920328e-01
5.392223927425896512e-01
3.453729510878085218e-01
-3.276265713561111736e-01
-6.164736802916803704e-01
-1.000000000000000000e+00
1.694067515911812372e-01
-7.214784763762980280e-01
1.000000000000000000e+00
1.000000000000000000e+00
1.960587145475255477e-01
-1.000000000000000000e+00
1.000000000000000000e+00
-2.513067225759643142e-01
-1.000000000000000000e+00
-1.000000000000000000e+00
1.000000000000000000e+00
3.474226107779672112e-01
2.370651438144233403e-01
1.000000000000000000e+00
1.090764732267014425e-01
-8.352028251603638154e-01
1.000000000000000000e+00
1.003928657014415693e-01
1.000000000000000000e+00
-6.568830866482459063e-01
8.647380357603218215e-01
-4.306204368615624833e-01
-6.547784730114802887e-01
-1.000000000000000000e+00
1.000000000000000000e+00
1.735925806716307473e-01
-1.000000000000000000e+00
1.000000000000000000e+00
2.562876546875727524e-01
4.620713177092516943e-02
-1.000000000000000000e+00
-1.000000000000000000e+00
2.245254979369306625e-01
-8.068121170027906519e-01
-3.629797456042255233e-01
1.455907866262482475e-01
-4.230522845861673931e-01
-1.000000000000000000e+00
1.000000000000000000e+00
1.000000000000000000e+00
-3.641864602934801187e-01
5.253190029927976568e-01
-1.000000000000000000e+00
6.592608334382411561e-01
1.000000000000000000e+00
5.226281405415298398e-01
2.668087294198338011e-01
-1.000000000000000000e+00
5.887590189205098579e-01
1.000000000000000000e+00
1.000000000000000000e+00
-5.946172427164764240e-01
1.000000000000000000e+00
1.000000000000000000e+00
5.451377849882141913e-01
7.558357686702286138e-01
-3.520087425213664911e-01
-1.000000000000000000e+00
1.000000000000000000e+00
-1.000000000000000000e+00
1.000000000000000000e+00
-7.319155635262819537e-02
1.000000000000000000e+00
5.831969889888369840e-01
1.000000000000000000e+00
-1.000000000000000000e+00
-6.663189970771236093e-01
-6.079342118116118909e-01
-8.187602411938352809e-01
1.000000000000000000e+00
5.442218986711049311e-01
-1.000000000000000000e+00
1.000000000000000000e+00
-1.000000000000000000e+00
2.485134103859842347e-01
4.782741601069573356e-02
9.934321067480844647e-01
-9.113657207280938533e-01
1.000000000000000000e+00
1.000000000000000000e+00
1.000000000000000000e+00
2.973332144202516236e-01
-7.135681810890550647e-01
-1.000000000000000000e+00
1.000000000000000000e+00
1.000000000000000000e+00
-1.000000000000000000e+00
1.000000000000000000e+00
-7.857145746626656990e-01
2.806310485814218492e-01
3.459617623294035660e-01
1.000000000000000000e+00
4.940558038729761514e-01
-1.000000000000000000e+00
1.000000000000000000e+00
9.754503487555348240e-01
-1.000000000000000000e+00
7.033069238335354356e-01
6.154315183016958457e-01
-5.071657419694373115e-01
-7.448760914552565726e-01
2.436974882215702243e-01
7.245870478477169918e-01
5.372397552616756666e-01
-5.253289271401551108e-01
-9.688875923722313210e-01
7.525956010619575531e-01
-8.352566831782042289e-01
1.000000000000000000e+00
-1.000000000000000000e+00
-3.965973003634555294e-01
-9.094214680919199267e-02
1.000000000000000000e+00
-6.570438188272642588e-02
1.000000000000000000e+00
7.442426610513819263e-02
-1.000000000000000000e+00
1.000000000000000000e+00
-1.000000000000000000e+00
-6.877251374360104919e-01
1.000000000000000000e+00
1.000000000000000000e+00
-4.625770850198822615e-01
6.515291772963305306e-01
9.781113362939135580e-01
1.000000000000000000e+00
-8.962627151528244074e-01
-1.000000000000000000e+00
-1.000000000000000000e+00
-1.000000000000000000e+00
-8.578639865194083169e-01
3.509659820205109915e-01
7.735367655829223921e-01
-1.000000000000000000e+00
4.339115626537396464e-01
-2.416912706750615758e-01
2.881721249316258060e-01
-1.000000000000000000e+00
6.554451026264234148e-01
1.000000000000000000e+00
-1.000000000000000000e+00
1.000000000000000000e+00
1.000000000000000000e+00
6.338776602261407822e-01
-1.909888121641781233e-01
1.000000000000000000e+00
9.924512427280506310e-01
-5.986924868271094047e-01
1.000000000000000000e+00
1.000000000000000000e+00
-1.000000000000000000e+00
1.000000000000000000e+00
-2.924969621872497427e-01
6.815969772058001475e-01
-3.320598779994134997e-01
