-1.000000000000000000e+00
-1.000000000000000000e+00
7.387121986342652935e-01
-1.000000000000000000e+00
-3.660565988943223492e-01
-1.000000000000000000e+00
1.000000000000000000e+00
1.000000000000000000e+00
-7.424843345948624052e-01
1.000000000000000000e+00
-7.613677880380602669e-01
-7.693056822293220520e-02
7.336324308356245716e-01
-1.000000000000000000e+00
-1.000000000000000000e+00
1.000000000000000000e+00
5.148219018634856425e-01
-6.029343560593188878e-01
2.072210475217272085e-01
9.509984978423953184e-01
1.360516883105276076e-01
-7.316367704033992503e-01
-5.879217186457721400e-01
1.000000000000000000e+00
1.289116326457400152e-01
1.000000000000000000e+00
-6.455024742294841467e-01
1.000000000000000000e+00
5.766545050307472220e-01
9.519313420090760314e-01
-2.639484295482777965e-01
-7.226202334383602377e-02
3.769238565990784551e-02
-1.000000000000000000e+00
5.980871328930592590e-01
-2.270638837590127634e-01
8.673645204537949738e-03
6.466069820399891199e-01
-1.000000000000000000e+00
1.000000000000000000e+00
-4.621375965342824355e-01
3.567228737392023064e-01
-1.000000000000000000e+00
-1.002945213190011842e-01
9.777955942833009839e-01
7.005690973328985161e-01
-1.000000000000000000e+00
2.642502726217161105e-02
-4.861602861552207777e-01
1.000000000000000000e+00
-5.178879292681520807e-01
1.000000000000000000e+00
-9.549850606785188489e-01
5.629196669316647306e-01
5.842590225483237365e-01
-7.475464259231162645e-01
1.000000000000000000e+00
3.951376407391594681e-01
1.000000000000000000e+00
3.503541681790148798e-01
1.000000000000000000e+00
2.397921398865783260e-01
-1.000000000000000000e+00
-3.571688851953912502e-01
-1.000000000000000000e+00
-4.796671097800389028e-01
-1.000000000000000000e+00
-1.133828454562479937e-01
1.000000000000000000e+00
1.000000000000000000e+00
5.220767252268069258e-01
-1.000000000000000000e+00
8.786320641813318844e-01
7.550879387811351151e-01
1.000000000000000000e+00
-1.000000000000000000e+00
-1.000000000000000000e+00
-3.097604115700922089e-01
-8.943969081381264452e-02
-8.884678219375063968e-01
-2.763130230898140915e-01
1.000000000000000000e+00
-3.972470356053248164e-01
-3.002491243948720578e-01
9.099143638109383758e-01
1.000000000000000000e+00
-9.349097766001948084e-01
-1.000000000000000000e+00
5.212681970764542205e-01
-1.000000000000000000e+00
1.104382915552575284e-01
6.092954392180449652e-02
8.247415464978599120e-01
6.999628848993020291e-01
-4.555809793308605027e-01
5.516713297503347269e-01
1.000000000000000000e+00
-7.234249602314913874e-01
7.723410235678552782e-01
-6.643351715486059961e-01
9.858202267756890347e-01
-3.942055074988015106e-01
1.000000000000000000e+00
4.659201174765488229e-01
-1.000000000000000000e+00
5.753989394428902227e-01
-1.000000000000000000e+00
-1.074737968115382358e-01
-1.000000000000000000e+00
1.000000000000000000e+00
-1.478150154595273547e-01
-8.481446450142954285e-01
-1.911571150547521913e-01
1.000000000000000000e+00
1.000000000000000000e+00
-3.569559147816745437e-01
-2.940167220408727022e-01
-7.023047560465378591e-02
-1.000000000000000000e+00
-2.085138159896408050e-01
1.000000000000000000e+00
2.204982987691684881e-01
-1.000000000000000000e+00
4.955832783944735809e-02
-1.000000000000000000e+00
1.000000000000000000e+00
-5.024107137080060514e-01
-7.765975781133941380e-01
8.281011083048314680e-02
3.976069248657388977e-01
1.000000000000000000e+00
-4.960909255579655230e-01
-1.000000000000000000e+00
4.670815886881471979e-01
1.000000000000000000e+00
-9.012835370463800899e-02
-6.928975608251284335e-01
6.205517390439647674e-01
1.000000000000000000e+00
-5.207901609316789582e-01
1.000000000000000000e+00
-2.178871888065432305e-01
-7.731866480105507033e-01
-1.000000000000000000e+00
-1.000000000000000000e+00
1.000000000000000000e+00
1.000000000000000000e+00
-1.000000000000000000e+00
1.000000000000000000e+00
-1.000000000000000000e+00
1.000000000000000000e+00
-7.575647035742283375e-02
-1.000000000000000000e+00
-1.000000000000000000e+00
-1.000000000000000000e+00
-1.000000000000000000e+00
9.533955133272542515e-01
9.329919491623339667e-02
-3.251937350564888529e-01
-1.902072862784872087e-01
-1.000000000000000000e+00
4.701871343889740817e-01
9.323954332066695105e-01
9.717517285721344322e-02
-1.000000000000000000e+00
-1.000000000000000000e+00
5.348045219127968153e-01
6.355959297123352503e-01
-1.000000000000000000e+00
1.000000000000000000e+00
-3.858116196321519364e-01
1.000000000000000000e+00
-1.003941118855565806e-01
-4.186773808291928134e-01
1.000000000000000000e+00
-4.278273560154446375e-01
-8.570867840734649468e-01
1.000000000000000000e+00
-9.946285950903233086e-01
1.000000000000000000e+00
1.000000000000000000e+00
-1.000000000000000000e+00
-1.000000000000000000e+00
8.105726530191376122e-01
8.711477518430854605e-02
-1.276197004836118754e-01
6.740155804769165648e-02
-1.000000000000000000e+00
-5.131834397730754560e-01
-1.000000000000000000e+00
-1.000000000000000000e+00
-1.000000000000000000e+00
-9.147193931336264905e-01
4.211294431050385256e-01
-3.604667180626044964e-02
-1.000000000000000000e+00
-9.249796517965673814e-01
7.284986862981711608e-01
-2.335132607247941694e-01
-8.464473821856755009e-01
-1.000000000000000000e+00
-7.415828989258593795e-02
5.684143174014947286e-01
1.000000000000000000e+00
-1.000000000000000000e+00
9.218859798939857964e-01
1.000000000000000000e+00
-7.870829460715984549e-01
4.644572519151779488e-02
1.000000000000000000e+00
8.163843652181882460e-01
3.056113663797752622e-01
1.000000000000000000e+00
1.041261157038669838e-01
-1.637721293375398179e-01
2.022426409465470087e-01
-5.528227595986929810e-01
5.515490106604561404e-01
-1.000000000000000000e+00
-1.000000000000000000e+00
8.664680270120715955e-01
-1.000000000000000000e+00
1.000000000000000000e+00
1.923532106798923336e-01
5.468069564889004308e-01
-1.000000000000000000e+00
2.119115313427482050e-01
6.308110291051538532e-02
2.163909694425902863e-02
8.883896863666588262e-01
-9.992243914945559968e-01
-1.126988910378079467e-02
-1.000000000000000000e+00
1.000000000000000000e+00
-7.745439913312115454e-01
-4.308637722125545633e-01
1.000000000000000000e+00
-9.502775290086270532e-01
7.321284141745501017e-01
4.487408433073947212e-01
-4.648625480709701607e-01
6.128866698193013995e-01
1.000000000000000000e+00
6.856476346260114152e-01
4.025547736103614049e-01
4.284689418996977528e-01
-1.000000000000000000e+00
-6.393501553433997842e-01
-9.367165835789601491e-01
-8.062847612905609251e-01
-3.205738838637802179e-01
-2.238738158772258791e-01
-4.435921758871613774e-03
1.000000000000000000e+00
3.445078491703302825e-01
-2.594709979372519237e-01
-3.464765686149842705e-01
9.543440948710544269e-01
1.000000000000000000e+00
-3.789723016386891685e-01
-6.112362513029773181e-01
1.152852042833697743e-01
1.000000000000000000e+00
1.275786899118482309e-01
1.000000000000000000e+00
