-1.000000000000000000e+00
1.000000000000000000e+00
-7.555634829122690466e-01
8.883014814364241785e-01
5.221553241913778898e-01
-1.000000000000000000e+00
-5.827654375175586043e-01
1.000000000000000000e+00
-3.639676679160614992e-01
-9.751138357840317683e-01
3.405854557319922815e-01
-3.348871070018392126e-01
1.000000000000000000e+00
-1.488581673094074853e-02
1.000000000000000000e+00
1.682852001650311791e-01
6.008132532810109838e-01
-4.225968700931226341e-01
-5.524982694740662170e-01
2.681489912793006969e-01
1.000000000000000000e+00
-2.420332184584523261e-01
-1.000000000000000000e+00
4.997213913174387567e-01
1.000000000000000000e+00
-7.676602734743707135e-01
1.000000000000000000e+00
2.650020033379820728e-01
-3.214369311472302648e-01
1.000000000000000000e+00
5.362966680818901377e-01
1.038719621851489361e-01
3.669437605702308147e-02
-6.356404930890737770e-01
-1.000000000000000000e+00
1.000000000000000000e+00
1.000000000000000000e+00
-3.837826032601854287e-01
-1.000000000000000000e+00
-1.000000000000000000e+00
-6.511488739113995283e-01
9.543544559528928106e-01
-2.752074547885796640e-02
-1.000000000000000000e+00
-1.000000000000000000e+00
1.000000000000000000e+00
-3.240023668729599127e-01
1.000000000000000000e+00
6.308284437006927980e-01
1.000000000000000000e+00
-5.524259267181054200e-01
-7.909343323591733199e-01
2.078684902886746289e-01
8.517821337761433131e-01
-3.581323206241140422e-01
-5.509587356777054801e-01
-1.674773708192631161e-02
-1.606388358532178096e-01
-1.000000000000000000e+00
-2.660360982452503187e-01
8.337254828611644353e-01
-7.297987917475585729e-01
3.326077909440350311e-01
4.477373138054892010e-01
1.000000000000000000e+00
1.000000000000000000e+00
5.865081590456641125e-01
2.857711317266901085e-01
-2.582463312111002995e-01
1.000000000000000000e+00
-6.331672476279996964e-01
-9.044427554419673942e-01
-1.000000000000000000e+00
-3.996262270554440388e-01
1.000000000000000000e+00
-1.000000000000000000e+00
-1.000000000000000000e+00
6.057242589382677567e-01
1.000000000000000000e+00
7.846272244989423994e-01
5.219210496945452249e-01
-1.000000000000000000e+00
6.154217515878526168e-01
-6.373982207704336211e-01
-5.739295018983752161e-01
1.000000000000000000e+00
1.000000000000000000e+00
2.914851313540911537e-01
-2.903962706095245538e-01
1.457528522025184348e-01
1.000000000000000000e+00
-1.000000000000000000e+00
1.000000000000000000e+00
-2.179710353480379115e-01
-1.000000000000000000e+00
1.000000000000000000e+00
-1.000000000000000000e+00
9.425684410088100984e-01
8.448365292750956712e-01
3.308322515114803797e-01
-1.000000000000000000e+00
-8.556181627538395063e-02
1.000000000000000000e+00
-1.000000000000000000e+00
1.000000000000000000e+00
1.000000000000000000e+00
1.000000000000000000e+00
-4.844109429872328620e-01
4.775059498136643432e-01
5.567950912974873878e-01
9.682427327436962106e-01
1.732789254253841449e-01
-4.594526262662145255e-01
-1.000000000000000000e+00
-1.000000000000000000e+00
1.000000000000000000e+00
-1.000000000000000000e+00
-8.936040138406964317e-01
4.891709479431751717e-01
-1.000000000000000000e+00
1.000000000000000000e+00
2.389207111638475545e-01
-4.714920769454480354e-01
3.696314114015997188e-01
-1.000000000000000000e+00
-1.584719717044285048e-01
2.277323555609356287e-01
1.000000000000000000e+00
-4.755616358070992034e-01
-3.653560909958272207e-01
1.270795238831732288e-01
-5.625674721816589230e-01
-2.917723029896153175e-01
1.000000000000000000e+00
1.000000000000000000e+00
2.691246666146251965e-01
3.790148712807167586e-02
5.409614109668864357e-01
-1.000000000000000000e+00
-1.000000000000000000e+00
1.902444885392639007e-01
6.841280725784544270e-01
1.000000000000000000e+00
-1.000000000000000000e+00
5.677285681940715811e-01
2.715256343515596305e-01
-1.000000000000000000e+00
-5.276366577909963329e-01
-1.511444148754557126e-01
-1.364685571888932802e-01
-1.381844343922163931e-01
1.000000000000000000e+00
-1.000000000000000000e+00
-4.234254648299209389e-01
-1.000000000000000000e+00
1.000000000000000000e+00
1.000000000000000000e+00
1.462692913703271813e-01
-3.444682974862688374e-01
-1.000000000000000000e+00
1.000000000000000000e+00
-1.000000000000000000e+00
5.201206538417818548e-02
-3.888717452883598824e-01
-4.521227135549861775e-01
4.555901049713561024e-01
1.000000000000000000e+00
5.188076635594471853e-01
1.000000000000000000e+00
1.000000000000000000e+00
-7.805490003539798938e-01
-6.589924941144144066e-01
4.728152980557661644e-01
3.107902998298267550e-01
-4.111496542708723556e-01
3.595492931606888432e-01
-2.821104132479408944e-01
-4.117047003456686394e-02
5.093545285619189844e-01
-5.310120786866326936e-01
1.000000000000000000e+00
8.411925865126701485e-01
1.000000000000000000e+00
-1.000000000000000000e+00
-1.000000000000000000e+00
-1.000000000000000000e+00
2.816049933652811088e-01
-2.586958434110529503e-01
-6.028113677790781777e-01
4.258736822755531115e-01
-7.054335145440783217e-01
1.327064715284465013e-02
-1.000000000000000000e+00
1.000000000000000000e+00
-6.951081807184953387e-01
1.000000000000000000e+00
-4.991892480371815655e-01
-9.319542123267552380e-01
-9.232615255360159257e-01
4.353517598294898150e-02
8.123201900048122592e-01
1.000000000000000000e+00
-5.746138416565977902e-01
-1.000000000000000000e+00
1.000000000000000000e+00
2.899673947928355089e-01
-1.000000000000000000e+00
-1.000000000000000000e+00
-1.000000000000000000e+00
1.000000000000000000e+00
-1.000000000000000000e+00
-3.623013101480111464e-01
-1.000000000000000000e+00
8.516614464094420800e-01
-1.000000000000000000e+00
-1.000000000000000000e+00
1.000000000000000000e+00
6.701376032416153095e-01
-2.181760417678590969e-03
1.000000000000000000e+00
-1.000000000000000000e+00
4.170240783305799726e-01
1.000000000000000000e+00
5.412721221930656412e-01
1.000000000000000000e+00
-5.931699150344744709e-01
-1.000000000000000000e+00
1.000000000000000000e+00
1.000000000000000000e+00
1.105626356765170293e-01
-5.235815288766574316e-01
-1.000000000000000000e+00
-8.231543644704926166e-01
-1.000000000000000000e+00
3.229906290643837496e-01
-3.386837800902464668e-01
-9.230992782446046929e-01
-1.000000000000000000e+00
1.091611391511215778e-01
-1.037920189747210120e-01
-1.000000000000000000e+00
1.000000000000000000e+00
2.335068060320187877e-01
6.542950386533659124e-01
4.152624130456701868e-01
-7.838812372283343599e-04
-3.509519012505339375e-01
-6.868236005740721017e-01
1.000000000000000000e+00
9.485659266671614409e-01
-1.000000000000000000e+00
-1.000000000000000000e+00
1.000000000000000000e+00
1.000000000000000000e+00
1.257655176231933236e-01
-6.454175957422167986e-01
-1.973139936506951297e-01
9.308559059614893716e-01
1.000000000000000000e+00
3.604038949677714765e-01
2.461853012093961901e-01
-7.878236766342224806e-01
-1.000000000000000000e+00
-7.154975039565472095e-01
-4.574961789337954055e-01
