8.783593696020171038e-01
9.607917262619434240e-01
7.563244989210464730e-01
7.274983776852186335e-01
-4.846214276934863729e-01
-4.547270700216150541e-01
7.820817423330033158e-01
2.156522680458494712e-01
2.413572060629172178e-01
6.266924140130580856e-01
-1.953536097896615420e-01
-1.173798799057692577e-01
-5.765193941406570044e-01
6.739797656872623666e-01
-7.004945507460638154e-01
5.931968173190647065e-01
-7.021958823033511710e-01
8.311065057207434048e-01
3.062600540133817439e-01
-6.376497507867457948e-01
-6.557359066842520789e-01
5.569584991096991899e-01
7.556090544824785038e-01
6.781320435497981691e-01
-1.350091308283938307e-01
1.878574807011266223e-01
3.268289412727496401e-01
-3.548575008829621957e-01
5.142274231825452180e-01
2.311584021984767201e-01
-1.047287198130470998e-01
-4.565774119238590334e-01
-8.750867465112461829e-01
-2.417049109620330594e-01
-1.460956837898352845e-02
8.278238000418580711e-02
-7.055539034601490123e-01
-7.784756001308281714e-01
1.762377406479920250e-01
6.803953358671670504e-01
3.895114494977769404e-02
-4.746404954404881416e-01
-3.383128422194403573e-01
3.596334239526937093e-01
-8.070753219947857104e-01
2.664522053871796192e-01
-1.550272661842859723e-01
5.910879916212576912e-01
-1.087981945009044438e-01
-3.796625932395825131e-01
2.473719147117570127e-01
8.155504625013982878e-01
-9.904722785565813759e-01
9.604150350197764308e-01
8.628769347898526121e-01
-6.969802369412858578e-01
-2.860999345826436002e-01
-3.576911091241978813e-01
1.535772690214682878e-01
5.376822319585770060e-01
5.870234905090838673e-01
-6.413631585390053846e-01
3.509954511728912152e-01
-5.932956559587672096e-01
5.161696007951999121e-02
8.728419201948360850e-01
6.290294083362955035e-01
9.848575158634478299e-01
-5.630569234717897054e-02
2.536018974531530912e-01
-3.010109188233411892e-01
-2.895638605088979300e-01
-4.550894117592583221e-01
-3.890523273008625882e-01
9.756804682883788438e-01
-9.717650596367455318e-01
-1.266293846206074658e-01
-2.728722517555315363e-01
9.166755726093123169e-01
5.664583787837624840e-01
-7.027260949761451325e-01
5.465112425542479890e-01
-7.601229471925903258e-01
-4.518029384733237563e-01
-9.164772398107809970e-01
4.293649849350846814e-01
6.822019927726870048e-01
-2.517737224489715597e-01
4.745210366794845314e-01
3.074352357150960113e-01
-2.545886280725806472e-01
2.381402135118659835e-01
-8.498614185312303171e-01
-8.161123487347605732e-01
-2.840552841825934038e-01
-5.674863698111571875e-01
-8.966152795080499782e-01
-6.839014216129961632e-01
3.040350548417591892e-01
-2.744175735523901594e-01
-4.319221662036738518e-01
-6.846732857107891146e-01
-8.206594842307826099e-01
5.000074072577107565e-01
5.493070523671614858e-01
-1.513212698361863229e-01
-8.563577144817757780e-01
-7.708870631053166278e-02
3.293025821993791347e-01
-4.634386602776776609e-01
-7.970549221599094736e-01
-4.542498661327702969e-01
-2.172326937572353067e-01
9.786857093468910307e-01
-4.426264541742344072e-01
-2.322044064764752225e-01
-6.224128557485033575e-01
-7.569351082855302337e-02
-5.329764620341048698e-02
3.268386562235012782e-01
-7.773536721661733484e-01
-8.900739907776296089e-01
-4.283199057360942419e-01
1.977236301266140917e-01
-6.406672620888036462e-01
5.435373498737670062e-01
-8.536737311544002615e-01
2.557503261208049494e-02
2.174894283641344295e-01
6.259260995208115741e-01
-4.554978179549502570e-01
5.012738500044564560e-01
-4.003289659160591540e-01
-2.032263419846669361e-01
-3.817754988483683665e-01
-2.397165961365985698e-01
7.982761250345440374e-01
9.574973148250827126e-01
-1.067582199962067158e-01
-5.895098780380123582e-01
-5.237991288049803629e-01
-5.512221414468465586e-01
8.085443469636055536e-01
5.808342973234166262e-01
7.603205035166271664e-01
-7.156554918901680828e-02
-1.530740495576374816e-01
7.565299355864962827e-02
8.273107241269357370e-01
-7.038506393112031745e-02
2.433088785096442219e-01
8.873745497214158284e-01
-7.911872717596899474e-01
4.114991741215892063e-01
-1.978747162577600971e-01
-7.854230582759349488e-01
-7.790957537242739761e-01
-8.798664574157557539e-01
-4.147203405745165661e-01
-1.208250746011829690e-03
1.583459624286602807e-01
-3.043180684086315146e-01
2.681730195369607106e-01
2.168033882993785078e-01
1.060903593333790695e-01
2.748029487719443331e-01
7.178239814281794917e-01
8.312261495994208715e-01
-9.576647049606190620e-01
-4.735077012974058253e-01
-5.757561343254027353e-01
-8.883589158473810254e-01
-2.378445986806836387e-01
1.758993241620996351e-01
-1.123643859928260547e-01
-6.941932002730049067e-01
2.275619794569183618e-02
8.448404431919120938e-01
8.773718024211434319e-01
9.230094557897114971e-01
-8.642090850339112507e-01
5.455030089717014530e-01
-9.134714060396955659e-01
-4.935191789107795657e-02
8.968744509098531825e-01
-3.201450439017106131e-01
7.365082399633029464e-01
-4.420325601709773622e-01
1.117585787271688780e-01
-7.048674710974929258e-01
5.232200018256738527e-01
2.957233542651898084e-01
7.272449230493611694e-01
2.578793645295438530e-01
1.214324095303331852e-02
6.080763653058192109e-01
-2.364983062702983307e-01
8.885652145110016775e-01
3.265842761766357683e-01
-1.409279317352529759e-01
7.165745292403775668e-01
9.483935023917178242e-01
-1.562640767846312784e-02
3.373360833374772216e-01
2.827986427732318564e-01
-8.458264032883584527e-01
1.749830518123878242e-01
6.346318945931017641e-01
-7.326148769332090360e-01
5.794015463811306166e-01
-6.105855607196275514e-02
-3.884881340251047366e-01
1.735417575396718259e-01
4.833030749038029761e-01
-9.105943580923598901e-01
-4.430489870198339730e-02
2.371938134031870149e-02
6.655159083197608183e-01
1.566584671802107032e-01
-8.166070146878023905e-02
6.027392808916369749e-01
3.837328748235249165e-01
1.242063827165560408e-01
-3.480133608360060915e-01
-5.519910776303540434e-01
-4.656969402851298678e-01
6.623824089312044805e-01
4.331748118745994969e-01
-5.286160741598111557e-02
-3.008667880731143995e-01
3.135057151341309467e-01
3.501554550380101549e-01
-5.131561917469849021e-01
5.994636114711042740e-01
-4.020593728329462380e-01
7.140781332141334925e-01
-2.677034388054639891e-01
4.478413337025541896e-01
1.451979740965936294e-02
-7.307944329742674938e-01
-3.047307607989164779e-01
-5.808985145675431561e-01
-2.760374018622622216e-01
5.970675282084378921e-01
2.259534987657199068e-01
1.853720116675985352e-01
1.345689891453500930e-01
-5.681256561368508429e-02
7.176371602781528303e-02
-8.503056163772702014e-01
4.223490964694927019e-01
4.556265154515160010e-01
-1.809730769125827976e-02
3.943709792846659123e-01
1.430210260155766466e-01
-6.202301959254381547e-01
6.857710911169316859e-01
-5.611888310905155386e-02
9.902056261009180016e-01
-2.491538155961146028e-01
-8.609325900705155910e-01
-7.255605326456497917e-01
6.321536759076797907e-01
4.354144780472029019e-01
-6.570559043411565714e-01
