-1.000000000000000000e+00
-2.779038085389734514e-02
1.895119333138384765e-01
1.000000000000000000e+00
-1.000000000000000000e+00
8.739254102123236168e-01
9.576463905782808261e-01
-1.000000000000000000e+00
-1.000000000000000000e+00
-3.943039461963808723e-01
2.153851276512955826e-01
-1.000000000000000000e+00
-1.931013760175763760e-01
1.658794293976653123e-01
-4.178940962725815611e-01
-5.373292832869249747e-01
9.979660430674996974e-03
1.000000000000000000e+00
1.000000000000000000e+00
1.000000000000000000e+00
-4.865527183632617492e-01
-1.251438674492330039e-01
9.888357134913782209e-01
-1.000000000000000000e+00
-5.317972918936618720e-01
1.000000000000000000e+00
-1.000000000000000000e+00
-1.940983167218886807e-01
-7.149454743407153146e-01
7.856639530212977673e-02
-6.129309144126227071e-01
-1.000000000000000000e+00
-5.820956035874029766e-01
6.319855943878854854e-01
-1.000000000000000000e+00
4.007928279321298359e-01
-9.289770087663711262e-01
3.047541785578098406e-01
1.000000000000000000e+00
6.932824222778077861e-01
-4.019528214580542214e-01
3.961945334513256034e-01
-1.000000000000000000e+00
1.000000000000000000e+00
-1.000000000000000000e+00
-4.511836849827588480e-04
1.000000000000000000e+00
2.690521360624460456e-01
-4.274666563434138533e-01
-1.000000000000000000e+00
5.432423830109434082e-01
7.927737945513753104e-01
-3.454919564602657589e-01
2.488091398016178957e-01
1.000000000000000000e+00
-8.375725091436942993e-01
1.000000000000000000e+00
1.000000000000000000e+00
1.000000000000000000e+00
9.939465864367218462e-01
2.781797101284381180e-01
1.817412929000572497e-02
-1.000000000000000000e+00
-1.000000000000000000e+00
-1.000000000000000000e+00
-3.441519254328863631e-01
-6.937838471941009111e-01
3.905604147139246640e-01
-1.703831868735403710e-01
1.000000000000000000e+00
-3.169756864472100810e-01
8.519738585800916697e-01
-4.155214541646914395e-01
5.865608779650043347e-01
-6.263552465477304487e-01
-7.819787926398307221e-01
-8.961544165741262002e-01
1.000000000000000000e+00
7.104159451397185077e-01
1.000000000000000000e+00
-1.000000000000000000e+00
3.649562192555929618e-01
-1.226961661262073178e-01
-1.000000000000000000e+00
-5.751988432347936442e-01
-6.881911655201748967e-01
-2.098200453844190627e-01
4.984436582381968073e-02
1.000000000000000000e+00
4.011395427459876206e-01
-1.251680812129855602e-01
-8.919017596502722967e-01
5.936169514801458158e-01
1.000000000000000000e+00
-5.641594874599944465e-01
1.000000000000000000e+00
-1.000000000000000000e+00
-1.000000000000000000e+00
1.000000000000000000e+00
-8.111656111804104174e-01
-1.000000000000000000e+00
-9.838555325798679085e-01
4.543661817882263532e-01
1.000000000000000000e+00
9.423401344534823032e-01
1.000000000000000000e+00
1.000000000000000000e+00
-4.867575506613532887e-01
5.177055953013343093e-02
-1.000000000000000000e+00
-1.000000000000000000e+00
1.000000000000000000e+00
3.432003958186085057e-01
1.000000000000000000e+00
-9.733420148263978167e-01
1.140076721667317994e-01
-1.000000000000000000e+00
1.000000000000000000e+00
1.000000000000000000e+00
3.364734182667878937e-01
-1.000000000000000000e+00
7.063246382266163970e-02
1.000000000000000000e+00
-1.000000000000000000e+00
6.002708718646595498e-01
1.000000000000000000e+00
8.624165678701520843e-01
1.000000000000000000e+00
2.181212178498117549e-01
-1.000000000000000000e+00
-1.000000000000000000e+00
3.530703941715225835e-01
-1.000000000000000000e+00
1.000000000000000000e+00
1.000000000000000000e+00
1.000000000000000000e+00
-1.345881752222203298e-01
1.000000000000000000e+00
-1.000000000000000000e+00
-5.563335423659271362e-01
-6.532641990607177540e-01
-1.000000000000000000e+00
2.512127691372286753e-01
-1.000000000000000000e+00
-9.879052932982540502e-01
-2.436954060864624516e-01
-2.352438586351085492e-01
-1.000000000000000000e+00
-1.000000000000000000e+00
8.047197657941373983e-01
-6.247056431174694557e-01
8.254245776981545824e-01
-9.313566242817405971e-01
-2.806412494868060215e-02
-6.975238526659621741e-01
-1.029761071266447892e-01
-5.428630591515126724e-02
7.470515341990040525e-01
3.813606380467521317e-01
1.000000000000000000e+00
-4.522721326415506393e-01
-4.478091800953146739e-01
1.000000000000000000e+00
-3.909119645686307543e-01
-1.000000000000000000e+00
1.000000000000000000e+00
-2.779712429551495223e-01
1.493673979088241399e-01
1.330120255023869991e-02
-1.000000000000000000e+00
9.199041264052221223e-02
-5.733643110461128511e-01
7.638287068996149065e-01
1.000000000000000000e+00
1.000000000000000000e+00
-3.537004778920885828e-01
1.000000000000000000e+00
-9.532370801990303066e-01
1.000000000000000000e+00
1.365524830717893545e-01
4.452748141932056924e-01
1.000000000000000000e+00
-1.000000000000000000e+00
-4.755633440043489646e-01
1.000000000000000000e+00
-1.000000000000000000e+00
-1.000000000000000000e+00
4.995709910704329015e-01
1.000000000000000000e+00
1.000000000000000000e+00
1.000000000000000000e+00
-4.823561755801695217e-01
-2.470915905924534473e-01
-6.449142761973651883e-01
2.499111667281557203e-01
2.356579256323180216e-01
5.441670898752496432e-01
1.000000000000000000e+00
-1.000000000000000000e+00
1.000000000000000000e+00
-1.000000000000000000e+00
1.000000000000000000e+00
-1.712596976760656364e-01
-5.977354005192252184e-02
-1.000000000000000000e+00
1.000000000000000000e+00
-1.000000000000000000e+00
-4.084940217039159105e-01
1.000000000000000000e+00
6.478208328957509865e-01
1.000000000000000000e+00
-2.425376279312345118e-01
1.000000000000000000e+00
1.000000000000000000e+00
4.184786624490214324e-01
-1.940988462894535083e-01
7.194778541578217279e-01
1.000000000000000000e+00
-1.000000000000000000e+00
3.182638957271369806e-01
-2.990581784692051270e-01
7.610968651729270729e-01
-1.000000000000000000e+00
-1.000000000000000000e+00
-2.852591461814002471e-01
1.000000000000000000e+00
-2.874763130239563758e-01
-7.308952478038640566e-01
6.563234345140054327e-01
-1.649320770255415791e-01
-1.450146588610337628e-02
1.000000000000000000e+00
-7.998151803925324099e-01
1.000000000000000000e+00
-1.000000000000000000e+00
-1.000000000000000000e+00
-7.257693906872740852e-01
1.000000000000000000e+00
-8.730991104182049822e-01
1.000000000000000000e+00
9.059598117110646553e-01
1.000000000000000000e+00
-1.000000000000000000e+00
1.000000000000000000e+00
-1.000000000000000000e+00
4.177066107397781058e-01
3.609694461952056566e-01
-1.000000000000000000e+00
-1.000000000000000000e+00
6.285162976176263960e-01
-1.000000000000000000e+00
3.344677448896027361e-01
9.345239574019714723e-01
-9.659785961192265402e-01
-3.244159949119422848e-01
-5.430081161582991367e-01
4.060452321999806213e-01
1.000000000000000000e+00
-9.093984388292857268e-01
-5.911569688881628259e-01
-1.000000000000000000e+00
-1.000000000000000000e+00
9.905262601651468879e-01
1.000000000000000000e+00
1.000000000000000000e+00
