8.310983142139458102e-02
7.796043839884740922e-01
1.000000000000000000e+00
-7.455099494136337990e-01
-7.675367316468708623e-01
-1.000000000000000000e+00
-4.432468870551041773e-01
-3.693318956210589477e-02
6.127869592535424292e-01
-6.205118225882622074e-01
3.835787312614217237e-01
7.939530407590131844e-01
-3.561057415352618660e-01
9.853335080814518143e-02
1.000000000000000000e+00
2.432817689478368184e-01
1.000000000000000000e+00
-9.512573745877148657e-01
5.062051153567230788e-01
5.938413114189103892e-01
8.025480720185669270e-01
3.625293230128563415e-01
-1.000000000000000000e+00
-1.000000000000000000e+00
-1.000000000000000000e+00
-2.376783489481816836e-01
9.642974929423697716e-01
-1.000000000000000000e+00
-1.000000000000000000e+00
1.000000000000000000e+00
-1.000000000000000000e+00
2.411795132141370535e-01
-3.578296237941716029e-01
2.511499089992432765e-01
-1.000000000000000000e+00
-1.000000000000000000e+00
-1.000000000000000000e+00
1.000000000000000000e+00
1.000000000000000000e+00
-1.000000000000000000e+00
1.907655949898381387e-01
-1.000000000000000000e+00
-1.000000000000000000e+00
-1.093514890765601155e-01
1.000000000000000000e+00
-6.794094096881789779e-01
5.201271720253641817e-03
6.978390831509786452e-01
1.000000000000000000e+00
1.001961539194044237e-01
-2.003407754319164180e-01
-8.470973901709122345e-01
-2.532227711971161144e-01
6.580460685182784042e-01
-9.358577972949944090e-02
4.597679581464705345e-01
3.468682521142610331e-02
-1.000000000000000000e+00
5.153834739489593364e-01
-1.000000000000000000e+00
-1.228628530519326745e-01
5.153347737988824839e-01
1.000000000000000000e+00
1.000000000000000000e+00
-9.571579395634386422e-01
-3.673881480964387158e-01
4.524639274950594814e-01
1.000000000000000000e+00
-1.000000000000000000e+00
5.896934575043185633e-01
1.000000000000000000e+00
7.840714796243335449e-01
7.318873406608232823e-01
-1.000000000000000000e+00
-6.035961824726251423e-01
1.000000000000000000e+00
1.000000000000000000e+00
-3.489437240386101813e-01
-1.000000000000000000e+00
-1.000000000000000000e+00
-9.773947344411024751e-01
1.000000000000000000e+00
-3.738788948204262441e-01
-2.105994732429339322e-02
1.000000000000000000e+00
2.247109251025292131e-01
4.623293087463811180e-01
8.830188191456433966e-01
1.000000000000000000e+00
-3.388910188695239412e-01
4.292129461100638865e-01
9.311108489656838572e-01
1.423968270523880975e-01
-8.999157724036408457e-01
1.389453350307908730e-01
1.000000000000000000e+00
-1.000000000000000000e+00
1.000000000000000000e+00
-6.742317409885467683e-02
9.826494401227690023e-01
1.000000000000000000e+00
-1.000000000000000000e+00
1.000000000000000000e+00
-1.000000000000000000e+00
9.872561283382094155e-01
5.367268657743311522e-01
-5.852222404858173910e-01
-1.000000000000000000e+00
-1.000000000000000000e+00
-9.411568113454822360e-01
1.000000000000000000e+00
1.000000000000000000e+00
-3.712400890863840619e-01
4.228092995619234795e-01
1.000000000000000000e+00
-1.000000000000000000e+00
-1.000000000000000000e+00
-4.758985112642797333e-01
-1.208482499907834740e-01
2.825674827822393098e-01
-9.041000589109327024e-02
2.131520861934924627e-01
8.622730818458155255e-01
1.000000000000000000e+00
3.100664772337814457e-01
-1.000000000000000000e+00
-1.000000000000000000e+00
1.000000000000000000e+00
9.032549731291594775e-02
1.000000000000000000e+00
-7.838027722649986151e-01
-3.493442017023130619e-01
-7.219457255942969276e-01
1.000000000000000000e+00
1.000000000000000000e+00
4.553282403560411362e-01
9.396759249416426485e-01
3.276243594795216207e-01
-6.065555947339840159e-01
1.372198111927926956e-01
-2.451991733591571410e-02
-6.931275433185397628e-01
1.000000000000000000e+00
1.000000000000000000e+00
-4.401987836172142066e-01
-1.000000000000000000e+00
1.000000000000000000e+00
-1.000000000000000000e+00
8.055217304275018586e-01
1.000000000000000000e+00
8.725562332253378184e-01
1.138405664155149877e-01
-1.000000000000000000e+00
-1.694540561467094975e-01
2.511668079788375030e-01
1.104027456576549271e-01
-1.000000000000000000e+00
-6.287477517890620593e-01
-7.130237446407968749e-01
1.000000000000000000e+00
-3.338620765491689957e-01
-9.545297966500726483e-01
1.000000000000000000e+00
-4.720279948659218960e-01
-5.072119901358596028e-01
-1.000000000000000000e+00
2.235735025930765119e-01
-7.300768659539114136e-02
-1.000000000000000000e+00
-2.889020966650771571e-01
-6.591970656089095604e-01
-1.000000000000000000e+00
2.284847107200927985e-01
-6.198106097268033521e-01
6.453769617746833998e-01
-4.018541628599160420e-01
3.387456393946366440e-01
9.307569346482396089e-01
5.261637295317489471e-01
-1.000000000000000000e+00
3.759371385219809625e-01
-1.006166896895828444e-01
-1.000000000000000000e+00
1.000000000000000000e+00
-4.578849877964463744e-01
1.967119977893983240e-01
-3.615519972573563723e-01
-4.507118757801342745e-01
-1.000000000000000000e+00
-2.123149753947802809e-01
-2.219341400239904782e-02
9.864164960440935381e-01
1.000000000000000000e+00
2.021298987888157095e-01
7.992423197188871509e-01
9.499675963477026697e-01
1.000000000000000000e+00
2.579002850170756256e-01
9.720826508205000493e-01
-1.000000000000000000e+00
-3.192066065701099076e-01
-1.000000000000000000e+00
8.183133719120415650e-01
5.120591466604432762e-01
-1.000000000000000000e+00
5.436987315527767040e-01
-1.000000000000000000e+00
-7.294792439221122748e-01
6.503146303552469476e-01
3.614443377004072921e-01
-1.000000000000000000e+00
-1.000000000000000000e+00
4.064461125722832469e-01
1.000000000000000000e+00
1.000000000000000000e+00
-1.000000000000000000e+00
-1.000000000000000000e+00
1.000000000000000000e+00
1.000000000000000000e+00
-2.803675234989158604e-01
-1.000000000000000000e+00
1.000000000000000000e+00
4.006875863678366345e-01
-3.525282897637926904e-01
5.650480550454584083e-01
1.000000000000000000e+00
4.245851116021603922e-01
-3.835832417675667516e-01
4.031252950934123280e-01
-4.847564815224466583e-01
-1.000000000000000000e+00
-7.686581767256606135e-01
6.323798864574659007e-02
1.000000000000000000e+00
-4.367844936790994392e-01
-1.464765984606031246e-01
3.674274973606150851e-01
7.695159564937514851e-01
-5.879188500543555129e-01
3.557460314246596589e-01
2.245711442651677769e-01
7.526642475882145966e-01
1.000000000000000000e+00
1.000000000000000000e+00
1.000000000000000000e+00
-1.264169464849862479e-03
7.391255482994618653e-01
-1.000000000000000000e+00
-1.000000000000000000e+00
1.193742343753149138e-01
-1.427392499578576945e-01
-1.779062294747885409e-01
1.000000000000000000e+00
5.904774364163334344e-01
-5.541553745979963530e-01
-1.000000000000000000e+00
2.919557989486439853e-01
1.000000000000000000e+00
1.000000000000000000e+00
1.000000000000000000e+00
1.000000000000000000e+00
-1.000000000000000000e+00
1.000000000000000000e+00
-1.000000000000000000e+00
-1.000000000000000000e+00
