-1.000000000000000000e+00
1.000000000000000000e+00
-7.279235628013431825e-01
2.222566748009977000e-01
-2.976540382378353167e-01
-7.022307826721567725e-01
1.000000000000000000e+00
-6.166671670312136033e-01
-8.863547796689230651e-01
1.000000000000000000e+00
-1.000000000000000000e+00
1.000000000000000000e+00
-3.887164249946417627e-01
1.000000000000000000e+00
1.000000000000000000e+00
2.034683870290476815e-01
2.343642365611446898e-01
2.531018011910234344e-01
-4.200662315426151316e-01
2.548559033743711399e-01
9.402992713019022730e-01
-1.626431529422329436e-01
-1.791207968257056971e-01
-8.667388628783669891e-01
8.044013103178648816e-01
1.000000000000000000e+00
4.603908110254992803e-01
5.358594469306536823e-01
2.132165741830827077e-01
-9.493177128291562239e-01
-5.333817932936244510e-01
1.000000000000000000e+00
8.574756705628814313e-01
1.000000000000000000e+00
-5.155741368877420072e-04
-6.309182474412232677e-01
-1.000000000000000000e+00
-6.938294333498540301e-01
-6.065564320922001151e-01
-7.875727042422085988e-01
-1.000000000000000000e+00
1.000000000000000000e+00
-5.352686002407436305e-01
1.856722695171498239e-01
1.000000000000000000e+00
8.865611967402762250e-01
-1.000000000000000000e+00
1.000000000000000000e+00
-1.000000000000000000e+00
5.328674377741347001e-01
-1.000000000000000000e+00
-8.430665692354432084e-01
-6.927992985793380853e-01
-1.000000000000000000e+00
-5.919874085851571932e-01
-1.000000000000000000e+00
1.744083082802638796e-01
-1.000000000000000000e+00
-1.000000000000000000e+00
-4.548196457161157724e-02
1.000000000000000000e+00
-1.000000000000000000e+00
-1.000000000000000000e+00
-1.000000000000000000e+00
-1.000000000000000000e+00
-1.000000000000000000e+00
1.000000000000000000e+00
6.846867070512905329e-01
-9.395730652667284577e-01
2.821937406935649539e-01
8.185907541736952009e-01
-1.000000000000000000e+00
6.078487102862792923e-01
-1.000000000000000000e+00
2.216567156619624335e-01
4.312322035824059929e-01
-9.774844726502760484e-01
1.000000000000000000e+00
5.095032717058810556e-01
-1.000000000000000000e+00
1.000000000000000000e+00
-1.000000000000000000e+00
-1.000000000000000000e+00
9.003847623118654830e-02
-1.000000000000000000e+00
6.057329386415813977e-01
1.306214453689759081e-01
-1.000000000000000000e+00
5.772902564157085248e-01
-9.257529994149990005e-01
-7.535988880060799922e-01
-1.000000000000000000e+00
-5.169031293726988885e-02
2.798754309595029577e-01
8.887476121722021061e-02
-3.090944214874713492e-01
-1.000000000000000000e+00
-8.203228315859311115e-01
8.115524487904032247e-01
-9.945205451279974795e-01
1.000000000000000000e+00
1.000000000000000000e+00
1.672697158447962462e-02
-6.718335025096141555e-01
-1.000000000000000000e+00
7.648575398486425758e-01
8.283957964172130595e-01
9.150570839595348893e-01
1.000000000000000000e+00
1.000000000000000000e+00
1.000000000000000000e+00
3.624762793327317434e-01
-1.000000000000000000e+00
-1.000000000000000000e+00
-1.000000000000000000e+00
-5.443495810718135264e-02
1.000000000000000000e+00
-1.000000000000000000e+00
-1.000000000000000000e+00
6.981612221582227384e-01
-2.182947856100732054e-01
1.000000000000000000e+00
1.000000000000000000e+00
1.000000000000000000e+00
-1.000000000000000000e+00
-1.000000000000000000e+00
-1.000000000000000000e+00
1.000000000000000000e+00
-1.000000000000000000e+00
4.124125958722142382e-01
-1.000000000000000000e+00
-1.000000000000000000e+00
-2.315471315676136399e-01
9.275888778291179193e-01
7.156562739044927124e-01
5.024270485617001736e-01
-6.458831139672153165e-01
7.946800596191695432e-01
-4.218776873333875965e-01
5.777753825396660936e-01
7.194060730426623529e-01
-7.554246443617554929e-01
5.160304511130415772e-01
-1.000000000000000000e+00
-4.068264291302061686e-01
4.089724766193096883e-01
1.000000000000000000e+00
-3.336902530084872032e-01
-8.395128177366089073e-01
-2.829514733750311539e-02
1.000000000000000000e+00
1.000000000000000000e+00
-1.000000000000000000e+00
1.000000000000000000e+00
-3.651198065346886734e-01
-7.271991294733801681e-01
5.099042151268413647e-01
4.570198258439222005e-01
-1.000000000000000000e+00
-8.961196529182221537e-01
3.020055765354061617e-01
1.707755045220562540e-01
7.617988145342342587e-01
-1.000000000000000000e+00
4.857219298967667687e-01
-9.980291597296558903e-01
6.718857672134894710e-01
1.000000000000000000e+00
-3.493089077525568520e-01
4.085805930621971838e-01
2.600810534043330735e-01
1.000000000000000000e+00
4.818933818919421963e-01
1.000000000000000000e+00
1.000000000000000000e+00
6.401285082345420374e-01
-1.000000000000000000e+00
-4.867732696529238900e-01
7.186134526138632239e-02
-8.159056161079870639e-01
9.827521810899804144e-01
-1.000000000000000000e+00
-1.000000000000000000e+00
3.571352748899527807e-01
-6.087402636184927607e-01
-6.736355161842215722e-01
-6.554604145062257192e-01
-2.324763009126085134e-02
7.994387351948650799e-02
7.873757610872023083e-01
1.000000000000000000e+00
8.914586656359452244e-01
7.386411691187473316e-01
6.992784767938982071e-01
-1.000000000000000000e+00
9.577909334782470641e-01
-1.000000000000000000e+00
-2.991515013144895319e-01
-3.325221677453429336e-01
-1.000000000000000000e+00
-3.057135008719519265e-02
1.000000000000000000e+00
7.836513647677114669e-01
2.116028690208014429e-01
-1.000000000000000000e+00
3.994677499739590631e-01
-1.000000000000000000e+00
-2.234931279565022799e-01
6.109907474366058633e-01
-1.000000000000000000e+00
1.000000000000000000e+00
-1.488383001339963485e-01
-4.023791542479961958e-01
7.707348274720637882e-02
-4.696720283964519460e-01
-1.000000000000000000e+00
-1.000000000000000000e+00
-1.000000000000000000e+00
1.000000000000000000e+00
1.993800983999090004e-01
-8.880181500693551389e-02
-8.653141531326323799e-01
3.802804989099838329e-01
1.000000000000000000e+00
2.002548805086774575e-01
-2.094452966412960193e-01
2.201595067019552765e-01
-6.839603762554764543e-01
-1.000000000000000000e+00
4.949113638634775048e-01
-8.909013410183739268e-01
-7.045194067567257523e-01
-1.000000000000000000e+00
7.237679450944420889e-01
1.000000000000000000e+00
2.797809469130907445e-02
-1.000000000000000000e+00
3.469216763822054461e-01
-5.748926589849712165e-01
4.644572148567704950e-01
-8.562775306574317291e-01
1.000000000000000000e+00
-6.917238435472433666e-01
-1.000000000000000000e+00
4.596501167040070723e-01
1.000000000000000000e+00
1.102612923128187539e-01
-1.603796616033722477e-01
-1.000000000000000000e+00
2.891339278512954358e-01
-1.822455279558867769e-01
-4.667809490605672185e-01
-1.000000000000000000e+00
-1.000000000000000000e+00
9.426536629544575163e-01
7.180115607255999066e-01
2.474025386520484204e-02
1.000000000000000000e+00
-1.000000000000000000e+00
-2.011344262439873631e-01
-1.000000000000000000e+00
1.000000000000000000e+00
8.631048178605449372e-01
-1.000000000000000000e+00
4.606063178965280613e-02
