-3.156997609940688232e-01
6.161037640406574756e-01
-2.681461155603266366e-01
1.864896735861858446e-01
-5.872880414474439537e-01
6.551295669063650351e-03
-1.469522694939100482e-01
9.253627520442393450e-01
6.686420034369469079e-01
7.945950197022431105e-01
-7.722389926460606624e-01
-5.407671682503132349e-01
9.296576311929172221e-01
5.578599296527719797e-01
8.712375476371021499e-01
7.063261605442658908e-01
-7.009308637452080770e-01
-4.465220657546695726e-01
3.976247903685046214e-01
5.961378214756796190e-02
-7.223805491137635926e-01
5.660603524630338779e-01
-5.429306160544364879e-01
-4.870530255298577416e-01
-4.990906314528913423e-01
-4.362667321789088781e-01
-6.251865300880452558e-01
8.724002030661162088e-01
-3.264802908577444374e-01
5.895614337169270414e-01
-5.668181836890604508e-01
-3.765460455341722579e-01
-3.038184564833623647e-01
4.724718642877674402e-01
8.558362086023656445e-01
9.880106413949836242e-01
9.903592136431982329e-01
-6.067623576308958100e-01
5.600210517335766358e-01
-3.930824912036798846e-01
-6.941785037602530295e-01
-4.799190030087165937e-01
6.386057686327066829e-01
9.616047821351820790e-01
4.304206083509469760e-01
2.867139498980291190e-01
2.470451451412847277e-02
-1.159160000810408597e-01
7.018703811454880537e-01
-2.207381330424944554e-01
9.260331895532873947e-01
-3.300040394622882900e-02
-2.737962176997177366e-01
-9.096409714500603982e-01
9.125773811310973205e-01
-8.472873410271950512e-01
9.771693057727504073e-01
-7.536278411473582572e-01
9.478290970938472171e-01
7.067695432155665092e-01
9.484569446895452227e-01
-1.261079855435032204e-01
-8.138967703516550856e-01
9.062670521788196432e-01
7.075896082443668966e-01
9.250015834072113918e-01
4.463954007447747951e-01
1.417794032692401007e-01
-6.340950880902709308e-01
6.745283443363576659e-01
-4.291189354519227006e-01
7.767548068019995977e-01
9.473901007677754116e-02
-2.181289261013803493e-01
7.431460792348469901e-01
4.264335016292144509e-01
-1.143420636483272190e-02
-9.343764251935198217e-01
5.416612621724992138e-03
-4.727876854373518345e-01
-2.311902155549994120e-03
-4.495699755329281011e-01
-9.201051920351834834e-01
-9.217050816138232516e-01
-6.886389183868963926e-01
-3.530557050827172194e-01
-5.238463094775340778e-01
-4.122163921357762106e-01
-7.761657408311111173e-01
-6.034029836958016979e-01
5.020372103816737042e-01
9.557193018186094235e-02
-3.415415487888027180e-01
3.300334729076341844e-01
-2.936822137015167034e-01
-1.453560898512922250e-01
4.800815249254219985e-01
-3.493958427024081992e-01
-3.323754744508051751e-01
9.762333676891448153e-01
3.885771434983740225e-01
-3.394119340079233549e-01
9.501948592834539298e-01
-5.321327402982856114e-02
-1.350569817066094025e-02
-2.301784856787250089e-01
6.269231366140284312e-01
-4.066827536761683515e-01
-3.823447216939235282e-02
-5.355679206248176172e-01
2.436494275720055835e-01
4.045002477854857670e-01
7.941178342176502536e-01
-3.284136401154931217e-01
-6.725817034865924082e-01
-3.662851417209986860e-01
6.242603741472552148e-01
9.832917608890430206e-01
9.850498579716722158e-01
1.663395018604350017e-01
-8.733488835320695198e-01
8.052308161772561146e-01
8.111199413945267001e-01
-2.933179185522400978e-01
-4.347232453307854350e-01
-7.773682967618458228e-01
6.927646506584164143e-01
7.889712329345766051e-03
-7.180883025799214003e-01
-6.643961067194752435e-01
1.623843242804787756e-01
-6.625115898077322818e-01
-3.874621355448464310e-01
-3.773477588727369714e-01
5.302545072489168732e-01
7.907698165469514429e-01
4.646564556334802365e-01
-1.630447962723224897e-02
-8.129219801940585910e-01
7.780438491338328433e-01
1.158556518717659412e-01
-3.606633343158383020e-02
-8.462140148507071302e-01
4.385257187651085964e-01
6.833963121292914167e-01
-9.540729397229916753e-01
-5.464132107674402050e-01
-8.045635362039416094e-02
-8.369096617704647745e-01
-9.869650640119558282e-01
-7.815709391199376910e-01
3.915401769256976472e-02
-9.794209349002895859e-01
4.107850119458757998e-01
-5.093877267835855704e-01
-3.451801082905952001e-01
1.824881110956950714e-01
-8.463320501125268791e-01
-2.233318859374588961e-02
5.060065200851791012e-01
-8.320206581794715728e-01
-4.972191594693335936e-01
6.998213551120930909e-01
-6.216481935742486087e-01
-6.167961548488289925e-01
-9.133521317349764246e-01
7.714177979650604922e-01
-1.325131414776794525e-01
9.617822037266312574e-01
1.973059792507856347e-01
9.084323876238256101e-01
3.144579692058691034e-01
3.606902116585477547e-01
8.249579471845405187e-01
-8.355163316555791475e-02
-4.615906491942944889e-02
3.939840057990646738e-01
3.199458255916478588e-01
8.570991450371814313e-01
1.526190381244769689e-01
2.922943034495273373e-02
5.728983987582665360e-01
-5.626242221569999202e-01
-2.438806344535615622e-02
9.020756956554987216e-01
2.634195850253275850e-01
-6.546364865926406207e-01
7.880309665411489028e-01
6.046229058126519895e-01
-4.757899114700501197e-01
-8.739509883828548986e-01
-6.090546565828818260e-01
-1.379363427284454602e-01
2.693822609660327938e-01
-6.245940862953018868e-01
4.785032499764452218e-02
2.284075344583802458e-01
1.872716917779446710e-01
-3.077291412955118766e-01
-4.211284748367143393e-01
2.380785610223021820e-01
5.515848826578078068e-01
-3.023613308277208755e-01
-1.280805512934475310e-01
-7.545875469925198420e-01
3.254161591539479481e-01
4.068895641206173863e-01
7.438707984615078317e-01
-7.851876059696398791e-01
3.152162629432027074e-01
-3.950550493657718487e-01
-3.162206850338384889e-01
7.850540005604407234e-01
1.860410157976617462e-01
-7.249252658224103474e-01
1.245618131837493703e-01
-6.574938244536165932e-01
-4.233024274296579570e-01
-2.263687246123666785e-01
-7.499090340365139884e-01
-9.016309638135755478e-02
-2.423879471258683083e-01
3.346018214081112330e-01
-7.435145326029637403e-01
-2.021070898326247089e-01
7.349504924375178661e-01
-6.708884031399002801e-01
9.555098134554400602e-01
1.859955611298516054e-01
-2.113503478849361183e-01
-8.914937038121930613e-01
2.731928871703070971e-01
7.141003117210285023e-01
-6.221372155283533267e-02
3.717839045531461384e-01
-1.951132990097232955e-01
9.151889500983920733e-01
-7.417087579024184141e-01
-8.514648579969208431e-01
6.480944638598737928e-01
-6.417119818299004130e-01
1.297318014024670951e-01
-9.066890724242211430e-01
-1.720177348931839489e-01
-3.798935203573319264e-01
-7.233022493573355582e-01
6.303039108789327827e-01
-7.404008729008551004e-01
9.331418083072733349e-01
-2.786460522187423905e-01
4.805405992800773074e-01
5.345038537586037641e-01
2.988164289027399612e-01
4.202332154648211748e-01
-6.699108163667546467e-01
-3.899616544856163713e-01
-9.331849004641961098e-01
7.655946331245329084e-01
8.924113135624938131e-01
4.773510702885581658e-01
5.014496996882142898e-01
-5.716799623397259555e-01
-1.560667072238279829e-01
-4.429379422621555484e-01
5.670352087636245653e-01
