1.000000000000000000e+00
-1.000000000000000000e+00
-6.289495859296660996e-01
-1.000000000000000000e+00
-4.285663052281705188e-01
-1.000000000000000000e+00
6.903840571467747544e-01
2.154052276863660520e-01
-4.326823506966551713e-01
-8.500468237545719674e-01
4.542016693248627224e-01
-1.000000000000000000e+00
-4.078057417368711191e-01
-4.282355810154196973e-01
1.000000000000000000e+00
-3.921659762698536111e-01
8.669653109832292648e-01
-5.359764110659729353e-01
6.347195331164250387e-01
9.338925208818256163e-01
-1.000000000000000000e+00
7.816124561625751310e-01
1.000000000000000000e+00
2.536200082964276126e-01
9.885829568645484455e-01
8.577010841862020563e-01
8.901136755322885952e-01
1.000000000000000000e+00
9.924186107593557793e-01
9.389151112558762335e-01
-1.000000000000000000e+00
5.354866895149699157e-01
-7.618513057423286217e-01
1.902057290205598772e-01
-9.218077434015371496e-01
-7.711180929868155509e-02
1.000000000000000000e+00
-1.000000000000000000e+00
-7.713207621243585166e-01
-5.220491269179090565e-01
-1.000000000000000000e+00
1.000000000000000000e+00
2.805873135460218437e-01
-1.246607496885855371e-01
-9.099706731545562644e-01
4.488729869759510716e-01
-1.000000000000000000e+00
1.000000000000000000e+00
7.829916228154498725e-01
-1.000000000000000000e+00
7.950145513005264508e-01
-1.000000000000000000e+00
6.685628901842062266e-01
4.447241321279025161e-01
9.941313334698487214e-02
1.000000000000000000e+00
4.732697362259870033e-01
-1.000000000000000000e+00
1.000000000000000000e+00
-2.284451215075944397e-02
-9.096651744456454303e-01
-1.000000000000000000e+00
-1.000000000000000000e+00
1.931219797930774362e-01
8.801170659650343620e-01
-7.746620690196317494e-01
1.000000000000000000e+00
5.777473158806196718e-01
6.366426435477170465e-01
1.000000000000000000e+00
4.794118333304501212e-01
1.367970244259454071e-01
2.552815922494557910e-01
1.000000000000000000e+00
-1.000000000000000000e+00
4.979723762768606399e-01
4.275625462059930992e-01
-1.000000000000000000e+00
1.000000000000000000e+00
1.000000000000000000e+00
1.000000000000000000e+00
6.445493779648584498e-01
3.982031736728014470e-01
1.000000000000000000e+00
2.262801227453732356e-01
-4.013966289122221087e-01
-8.962044831401561051e-01
1.000000000000000000e+00
-9.667225019831640065e-01
8.834174042643838654e-01
1.000000000000000000e+00
-1.000000000000000000e+00
-3.037789656144318506e-02
-4.537156327962509339e-01
6.513940374500751807e-01
-7.945798329239204261e-01
-1.000000000000000000e+00
-3.346786909823714629e-01
8.557505387137487318e-01
4.117538699238032507e-03
1.000000000000000000e+00
-1.640426800910182725e-01
-9.144365198172581533e-01
-9.523137707715860767e-01
1.000000000000000000e+00
1.000000000000000000e+00
1.000000000000000000e+00
9.680513598847848566e-01
9.105983419178831362e-02
-9.715210580433342180e-01
-1.000000000000000000e+00
2.799302110455848536e-01
1.000000000000000000e+00
-5.065175385054354606e-02
1.000000000000000000e+00
-1.000000000000000000e+00
1.978375535975709365e-01
2.314905985179580572e-01
-3.773532747605612969e-01
3.453269369281445345e-01
-8.517132589792324460e-01
6.198983136925348969e-01
-2.121907454573988550e-01
1.360309859979792479e-01
1.000000000000000000e+00
8.156978977719517854e-01
1.000000000000000000e+00
-1.696003490538111613e-01
-5.475392415223239162e-01
-2.034888147311786077e-01
9.357685451917019392e-01
-1.749578622138860950e-01
-1.000000000000000000e+00
-1.000000000000000000e+00
-1.966990793644599611e-01
8.247980759747586266e-01
-1.581699614013293287e-02
1.000000000000000000e+00
-4.193636281460892956e-01
8.147617698554594501e-01
3.343604259502981346e-01
1.000000000000000000e+00
-2.194260782036859814e-01
1.272149473337857994e-01
-1.000000000000000000e+00
-6.185288059236135894e-01
-1.000000000000000000e+00
-1.232828739952671337e-01
1.000000000000000000e+00
-1.000000000000000000e+00
-3.791647363947880933e-03
-2.351240695771871780e-01
-6.637368618110748297e-01
3.166274617216702780e-01
-4.246912370620093968e-01
-4.629612009514818549e-01
-1.000000000000000000e+00
4.016008925160863274e-01
1.000000000000000000e+00
-1.000000000000000000e+00
-1.000000000000000000e+00
1.000000000000000000e+00
1.000000000000000000e+00
5.428087938091299414e-01
-1.237088323404117451e-02
-4.884127887670384194e-01
1.000000000000000000e+00
2.707951147611322718e-01
-4.694617549717433058e-01
-1.000000000000000000e+00
-6.204595915095220127e-01
1.000000000000000000e+00
-4.743359523323918414e-01
8.609882098307326537e-01
-4.559986413267409500e-01
-2.300195497105172460e-01
-1.000000000000000000e+00
4.909285502032889603e-02
2.717300776554611996e-01
2.060653628277041016e-01
-9.409387133005984172e-01
-1.000000000000000000e+00
1.000000000000000000e+00
7.954672864204650473e-01
-1.000000000000000000e+00
-7.000366292062112361e-01
-1.000000000000000000e+00
1.000000000000000000e+00
1.000000000000000000e+00
-1.000000000000000000e+00
-4.623594844754530531e-02
1.245773169077497577e-01
3.948977045678399023e-01
-6.983026462766792619e-01
-4.036453120104070980e-01
-4.831091646491039171e-01
-9.608479697216314452e-01
-1.000000000000000000e+00
8.700805067386139235e-01
-1.000000000000000000e+00
4.744504459737060031e-01
4.013120370186652464e-01
-8.696904035638339803e-01
-1.671522806936669991e-01
6.840554222503232307e-01
7.637732886640502539e-02
4.409045195982077558e-01
-4.225418243582061417e-01
5.718201310721229280e-01
2.506636137667951902e-01
4.675689741233282071e-01
1.000000000000000000e+00
4.581443650319139138e-02
1.082370196650646044e-01
-8.627085664714356783e-01
-9.960243843526873642e-01
-1.000000000000000000e+00
-7.194200179614615998e-01
-8.227121715539661428e-01
-1.212825272344738581e-01
-1.000000000000000000e+00
8.849124089787676617e-01
1.063634064986272720e-02
-1.000000000000000000e+00
-1.000000000000000000e+00
-3.173362312582930223e-01
-1.000000000000000000e+00
6.228484039034190012e-01
1.000000000000000000e+00
-6.751941332423498920e-01
8.246902193618912413e-01
4.544253101103890025e-02
-8.090289271310475705e-01
1.000000000000000000e+00
-1.000000000000000000e+00
2.672184735572651348e-01
-1.000000000000000000e+00
-1.000000000000000000e+00
4.139344217918810021e-01
-2.904033153748017959e-01
4.742877349000913789e-02
-6.704388779688557065e-01
-8.872490714423081348e-01
1.000000000000000000e+00
-1.000000000000000000e+00
-2.236889281379090266e-01
-3.458131912997512991e-01
4.474657524617660087e-01
-1.000000000000000000e+00
8.348318460230377269e-01
1.000000000000000000e+00
1.000000000000000000e+00
-1.000000000000000000e+00
4.812581637680860003e-02
8.662893121453258960e-01
-8.972222373433043074e-01
2.180376575369556980e-01
1.000000000000000000e+00
9.437011751094037670e-01
-8.472159287567142538e-01
2.240375860940874153e-01
-1.000000000000000000e+00
-2.817812907277486012e-01
-5.525557132649813186e-01
1.000000000000000000e+00
