-1.237044920468839265e-01
-3.114406150009071395e-01
7.501408016473012363e-01
-1.000000000000000000e+00
3.593274394071204747e-01
-6.378625868789666864e-01
-9.028902756731382873e-02
1.000000000000000000e+00
-7.679525491128142978e-01
6.620788632455267830e-01
1.000000000000000000e+00
-1.000000000000000000e+00
-1.000000000000000000e+00
1.000000000000000000e+00
4.095612059974207408e-02
-1.000000000000000000e+00
-1.000000000000000000e+00
1.000000000000000000e+00
-8.931915504422952568e-01
-3.297892672310829276e-01
-6.109831837819748035e-01
-6.361706620948031077e-01
8.563216472461832041e-01
3.631883926836670939e-01
7.446585487253729596e-01
-1.091844433585842378e-01
-1.000000000000000000e+00
1.000000000000000000e+00
1.000000000000000000e+00
1.000000000000000000e+00
7.097054403859777150e-01
-1.515235299934558633e-01
-1.000000000000000000e+00
5.134723155912186421e-01
-1.000000000000000000e+00
6.973835127239188525e-01
-1.000000000000000000e+00
2.092943013452581713e-01
6.349341520466555977e-01
1.000000000000000000e+00
-2.434474055427944261e-01
1.000000000000000000e+00
1.000000000000000000e+00
1.584845720108413736e-01
1.000000000000000000e+00
-8.307949123816362746e-01
-1.000000000000000000e+00
9.013544989613806457e-01
-1.000000000000000000e+00
-1.000000000000000000e+00
-3.985602034563766605e-01
1.000000000000000000e+00
-1.000000000000000000e+00
6.680489240223732583e-01
-1.000000000000000000e+00
-1.004297332505893481e-01
1.000000000000000000e+00
1.000000000000000000e+00
1.000000000000000000e+00
6.352620902371763911e-02
-3.579294187717321218e-01
1.000000000000000000e+00
-1.000000000000000000e+00
9.002414728691006118e-01
-1.000000000000000000e+00
1.000000000000000000e+00
-8.112588769895770491e-02
1.000000000000000000e+00
1.000000000000000000e+00
-9.341611401046694407e-01
7.108753960030855801e-03
7.888040877197115552e-01
-1.000000000000000000e+00
1.000000000000000000e+00
6.623783592348037041e-02
-1.818248705332593529e-01
1.000000000000000000e+00
2.757491723634657443e-01
4.821217246601192663e-01
-6.327632459557063216e-01
1.000000000000000000e+00
-1.000000000000000000e+00
-1.000000000000000000e+00
-2.679309380123046092e-01
-3.828917646167607214e-01
1.000000000000000000e+00
1.000000000000000000e+00
1.000000000000000000e+00
7.996473139323134749e-02
2.929348516292036297e-01
-3.201663243051746655e-01
1.503857696273447342e-01
2.480384903114506434e-01
1.000000000000000000e+00
-6.255474122807949122e-01
1.000000000000000000e+00
-1.000000000000000000e+00
1.000000000000000000e+00
1.734922064917653328e-01
1.000000000000000000e+00
1.000000000000000000e+00
-6.387666139910165297e-01
-1.000000000000000000e+00
-1.000000000000000000e+00
-1.000000000000000000e+00
1.000000000000000000e+00
4.194861989906097377e-01
-2.280864807945048867e-02
-1.000000000000000000e+00
1.000000000000000000e+00
4.775172969478466145e-01
1.416203338977711779e-01
-1.000000000000000000e+00
1.000000000000000000e+00
7.424931119166557902e-01
-1.491739361851979195e-01
-1.000000000000000000e+00
4.373436968075568032e-01
-1.000000000000000000e+00
3.385826229699097079e-01
-1.000000000000000000e+00
1.000000000000000000e+00
7.089039069439944107e-01
-2.332253972503530726e-01
6.120128654352521291e-01
-1.000000000000000000e+00
1.000000000000000000e+00
1.000000000000000000e+00
-3.511417687879252458e-01
1.000000000000000000e+00
-1.000000000000000000e+00
-7.258480011952648248e-01
-1.000000000000000000e+00
1.000000000000000000e+00
1.000000000000000000e+00
-1.000000000000000000e+00
-6.406097918911535238e-02
-1.268490318988171328e-01
-4.679692840057635417e-01
7.331042330654401473e-01
-6.441820184582814912e-01
-1.000000000000000000e+00
-8.478854925060848036e-01
-5.363277588918968775e-03
-1.000000000000000000e+00
-7.227910147851768219e-01
-1.578184846794896401e-01
1.000000000000000000e+00
-1.000000000000000000e+00
1.000000000000000000e+00
-6.135463345601821494e-02
1.614685483632194440e-02
-4.669956135822050936e-01
-1.000000000000000000e+00
-1.000000000000000000e+00
-5.958170098236703627e-01
-1.000000000000000000e+00
-7.842866754525132933e-01
3.297989234181930573e-01
3.705815245753939502e-01
4.903054442273284685e-01
8.691544850912710229e-01
1.000000000000000000e+00
-1.952249950886919549e-02
-1.000000000000000000e+00
1.000000000000000000e+00
-1.000000000000000000e+00
-1.919759302419818958e-01
6.438711201544298213e-01
1.000000000000000000e+00
9.008890472335793209e-01
8.421351223470752156e-01
-2.418293448427906167e-01
-7.501023635498160758e-02
1.000000000000000000e+00
-1.000000000000000000e+00
4.165785945689752801e-01
-1.553624597658886941e-01
1.688854637195890129e-01
1.000000000000000000e+00
5.889009506718861919e-01
-8.935573753687662268e-01
1.000000000000000000e+00
8.782882877958501089e-01
-1.000000000000000000e+00
-7.139749699851205555e-02
-2.806750518721018439e-01
7.253169706047429832e-01
-1.000000000000000000e+00
5.083645999140327110e-01
-1.000000000000000000e+00
2.939476141390134911e-01
-8.842098486482981023e-01
5.906333718535331512e-01
-1.000000000000000000e+00
-5.304331855722468347e-01
-1.000000000000000000e+00
1.000000000000000000e+00
1.000000000000000000e+00
1.000000000000000000e+00
-1.397544721291115177e-01
-1.000000000000000000e+00
3.064198566750083175e-01
5.449992296038418393e-01
1.000000000000000000e+00
-1.000000000000000000e+00
-1.000000000000000000e+00
2.062686409805528642e-01
1.630705573932856867e-01
5.194443452282819784e-01
1.923539194009747932e-01
-5.696371481480979604e-01
1.000000000000000000e+00
4.768381371769160326e-01
-1.000000000000000000e+00
-1.000000000000000000e+00
-1.762203751128188500e-02
-8.231745640235901273e-01
1.000000000000000000e+00
-1.000000000000000000e+00
-1.000000000000000000e+00
-1.000000000000000000e+00
1.000000000000000000e+00
-5.162953250045212439e-01
-1.000000000000000000e+00
-4.063511906474366331e-01
-1.000000000000000000e+00
-1.934940731098719890e-01
4.397343398401382109e-01
4.156483077202276499e-01
-1.000000000000000000e+00
1.000000000000000000e+00
1.000000000000000000e+00
1.000000000000000000e+00
6.789620186879641306e-01
3.190400173017217123e-01
-1.000000000000000000e+00
-3.854863203591016863e-01
9.136793840612735806e-01
-1.807886567601094674e-01
1.000000000000000000e+00
9.628413831382545141e-01
-1.000000000000000000e+00
-1.000000000000000000e+00
8.253826932856824783e-01
-1.000000000000000000e+00
-7.619804578420144026e-01
-1.000000000000000000e+00
-1.000000000000000000e+00
1.000000000000000000e+00
8.769489140224524526e-01
-1.000000000000000000e+00
1.000000000000000000e+00
-1.000000000000000000e+00
1.726708135211678652e-01
6.285619187972883992e-01
-1.000000000000000000e+00
7.062019073809454595e-01
2.367793662358056439e-01
-5.892029064929794613e-01
-2.278637878901400571e-01
-9.183965531775144520e-01
-9.221037503723735762e-01
1.000000000000000000e+00
1.000000000000000000e+00
