-2.024163591829974962e-02
1.000000000000000000e+00
3.003707935845824628e-01
-4.644765357385682303e-01
-1.000000000000000000e+00
-1.000000000000000000e+00
1.000000000000000000e+00
-1.000000000000000000e+00
5.803299623876068125e-02
-4.964778485650067075e-01
-1.000000000000000000e+00
-8.690993720505952869e-01
8.576377190876779411e-01
8.151331780983392949e-01
-1.000000000000000000e+00
-7.772588672174767233e-01
-1.000000000000000000e+00
1.000000000000000000e+00
-6.521573318445117451e-02
3.420890886553586974e-01
-1.000000000000000000e+00
-8.291542009902875821e-01
1.000000000000000000e+00
-5.666568525806392476e-02
1.000000000000000000e+00
3.113625996712652833e-01
1.000000000000000000e+00
-7.813992840142002239e-01
1.000000000000000000e+00
1.000000000000000000e+00
-3.627731578850595939e-02
-5.216300946082410572e-01
3.371479451272001437e-01
-1.000000000000000000e+00
-2.214390158578992129e-01
-1.000000000000000000e+00
1.000000000000000000e+00
-3.849718645350919122e-01
1.000000000000000000e+00
8.615593365148708216e-01
6.596430135466115896e-01
1.729466557128227500e-01
8.829015268550766127e-01
-7.226667185911662683e-01
1.000000000000000000e+00
-9.176995405353610691e-01
-1.000000000000000000e+00
3.978949371822071424e-01
3.350096219128466668e-01
-1.000000000000000000e+00
1.000000000000000000e+00
-5.877863761911015228e-01
-3.299055546828725261e-01
-7.943249555440929921e-01
-1.330393957684861128e-01
-7.783963445216190991e-01
-1.000000000000000000e+00
1.000000000000000000e+00
7.370353708698806905e-02
1.000000000000000000e+00
1.000000000000000000e+00
1.000000000000000000e+00
1.000000000000000000e+00
1.000000000000000000e+00
1.000000000000000000e+00
-1.000000000000000000e+00
-1.000000000000000000e+00
5.170091346981461333e-01
-4.038199433964002605e-01
-8.789550865723889661e-01
4.902848536670085799e-01
-3.453933112114693227e-01
1.000000000000000000e+00
1.000000000000000000e+00
-8.957540885559250876e-01
2.723051543163873545e-01
-1.000000000000000000e+00
-8.041619380139564122e-02
-2.895781268009585685e-01
-1.000000000000000000e+00
3.515960328105310340e-01
2.472959083768129229e-01
3.977837810542084185e-01
-1.000000000000000000e+00
-8.482116561715604686e-01
-1.000000000000000000e+00
5.195459294098192515e-02
-4.176714033569782769e-01
1.682980221971311363e-01
1.000000000000000000e+00
1.000000000000000000e+00
-6.482101845134549123e-01
-1.000000000000000000e+00
1.000000000000000000e+00
1.000000000000000000e+00
-6.190248040578141264e-01
-1.000000000000000000e+00
6.370375815113207274e-01
-1.000000000000000000e+00
9.623182596283452739e-01
3.685902839870250358e-01
1.000000000000000000e+00
-6.956708184218405311e-01
1.000000000000000000e+00
7.206455735923104067e-01
-4.600020790697849637e-01
3.191068105281954503e-01
-3.971892258015495836e-01
-1.000000000000000000e+00
1.314711416815361744e-02
4.387175478498024916e-01
1.000000000000000000e+00
1.000000000000000000e+00
3.274708855093799720e-02
-2.879108654244972865e-01
-8.179485090439044814e-01
1.000000000000000000e+00
-4.183149515516539907e-01
4.439384498333767137e-01
6.125567023175869652e-01
4.377138422526689610e-01
9.249813444157960474e-01
1.501756467529629102e-01
1.000000000000000000e+00
3.220961913575659530e-01
1.000000000000000000e+00
-1.000000000000000000e+00
-4.487947294176999891e-01
-1.000000000000000000e+00
1.500239811534528345e-01
1.639185822435851314e-02
-1.000000000000000000e+00
-1.000000000000000000e+00
3.045173368393805369e-02
-9.119357533623700940e-01
1.000000000000000000e+00
1.000000000000000000e+00
1.945476773278514426e-01
-8.367612481191173401e-01
-2.614988703638357892e-01
6.162538917967069763e-02
3.880639374281154019e-01
8.157321331539905129e-01
-1.000000000000000000e+00
-1.000000000000000000e+00
1.000000000000000000e+00
1.000000000000000000e+00
-4.935275377921535811e-01
-4.607882050215165171e-01
5.537396016620760308e-01
1.000000000000000000e+00
-1.000000000000000000e+00
-8.835339393940491171e-01
4.854771432117244157e-01
1.000000000000000000e+00
6.923493626743069118e-01
1.000000000000000000e+00
1.000000000000000000e+00
1.000000000000000000e+00
-1.000000000000000000e+00
-1.000000000000000000e+00
1.000000000000000000e+00
1.000000000000000000e+00
6.137557059713107943e-01
-6.295810726303694427e-01
-7.753395875588686703e-01
-1.000000000000000000e+00
1.000000000000000000e+00
-1.000000000000000000e+00
9.834343033084419483e-01
-3.595924954529684525e-01
7.407889735124255637e-01
1.000000000000000000e+00
1.000000000000000000e+00
-1.962291719771471765e-01
8.186110997761284480e-01
-7.692029978481718100e-01
1.476938868392257964e-01
1.000000000000000000e+00
-2.463262784807979389e-01
-1.000000000000000000e+00
4.726275361699346922e-01
-7.676406339580210680e-02
-1.065756667752615350e-02
1.000000000000000000e+00
9.556854141066749575e-01
-1.000000000000000000e+00
-1.000000000000000000e+00
-1.679861434406888510e-01
1.000000000000000000e+00
1.000000000000000000e+00
4.110672632343332356e-01
-1.000000000000000000e+00
7.680130315650057771e-02
-6.213865042835375885e-01
-2.225694487445559755e-01
5.877174744761133329e-01
-2.579743317416071102e-01
1.000000000000000000e+00
-7.297725571877182738e-01
1.000000000000000000e+00
-1.000000000000000000e+00
-1.000000000000000000e+00
9.503326367591380386e-01
-1.000000000000000000e+00
1.000000000000000000e+00
3.841692605280190298e-01
-2.934516745513053859e-01
-2.703700291736337302e-01
1.000000000000000000e+00
-1.000000000000000000e+00
-1.000000000000000000e+00
-1.000000000000000000e+00
-5.066279019175228271e-01
-8.939640196652351989e-01
-1.000000000000000000e+00
1.835056079062097334e-01
8.551110727771498166e-01
7.755413919927354183e-01
3.612373101926578123e-01
-9.164587346142576418e-01
-6.109760652430130667e-01
2.839897787531633355e-01
-1.000000000000000000e+00
-1.000000000000000000e+00
4.735754554632286561e-01
-8.967867711174674072e-01
-1.265498500275576976e-01
1.000000000000000000e+00
-1.000000000000000000e+00
1.000000000000000000e+00
1.000000000000000000e+00
3.842064466376600151e-01
4.345135384107707277e-01
-9.534253620830385190e-01
-1.000000000000000000e+00
5.569129178690722659e-01
3.440320233926217330e-01
-6.944077699506859824e-01
1.000000000000000000e+00
1.000000000000000000e+00
2.524531945847490744e-01
1.000000000000000000e+00
4.434600269219038937e-01
6.961958239533873050e-01
-2.425926863908566822e-01
-4.872745916583425263e-01
-1.000000000000000000e+00
-3.071734329598355129e-01
1.000000000000000000e+00
-7.433560066918497578e-01
8.258481033310118846e-01
-1.000000000000000000e+00
-1.000000000000000000e+00
1.000000000000000000e+00
-7.388916239092522265e-01
-3.550494196353016774e-01
1.000000000000000000e+00
7.855107512342686116e-01
-1.355188902351135427e-01
3.782319128636132954e-02
-1.305965646995711493e-01
-3.634947854278587354e-01
8.224168245251788356e-01
-8.915902306564168489e-01
