-1.408301282520023623e-01
-7.762544607868425706e-01
8.992177755433561348e-02
1.000000000000000000e+00
-7.319559802763069278e-01
1.000000000000000000e+00
-1.318736548222468885e-01
4.435530872333472985e-01
-5.654107444619937972e-02
-1.000000000000000000e+00
-5.415973803351642468e-02
-7.916609493704601652e-02
1.000000000000000000e+00
1.000000000000000000e+00
4.215298606635484724e-01
-1.329683304833313429e-01
1.000000000000000000e+00
-3.218220437360952424e-01
4.616959926851119667e-01
-1.000000000000000000e+00
-1.216481782710521209e-01
-2.204131774050985537e-01
6.835489236158915904e-01
-1.000000000000000000e+00
-3.320722272138337816e-01
1.000000000000000000e+00
2.240310398479848364e-01
3.485489608416483254e-01
8.247656337243582936e-01
-1.000000000000000000e+00
1.000000000000000000e+00
-2.441554629758192485e-01
4.794199251199053324e-01
2.630153103042617846e-01
1.000000000000000000e+00
-3.393561339978140579e-01
-1.000000000000000000e+00
-2.034560086869718898e-01
5.476407968571492813e-01
-6.641900589211481298e-01
1.000000000000000000e+00
-3.762332276059349723e-01
7.551540845351436548e-01
9.229364623086433461e-03
1.000000000000000000e+00
8.639556938760105664e-01
1.000000000000000000e+00
-1.000000000000000000e+00
1.000000000000000000e+00
-3.104560015776147153e-01
-2.974365249541905537e-02
-1.000000000000000000e+00
2.312949000005040112e-01
-1.000000000000000000e+00
-1.000000000000000000e+00
9.215201734313243076e-01
1.390897497239539649e-01
-5.896496334247784687e-02
2.976436904363627955e-01
9.107728752490927837e-01
-3.509324428078594016e-01
1.000000000000000000e+00
-6.821121043756352975e-01
1.000000000000000000e+00
-6.142243778440625857e-01
-6.468630054589614709e-01
1.000000000000000000e+00
1.000000000000000000e+00
-8.570007474033476402e-01
-6.018913375672731991e-01
-6.452909364773411482e-01
7.442740020287640368e-01
-1.845410163326453024e-01
-3.202235044894676808e-01
1.000000000000000000e+00
5.055368237556023825e-01
-2.892440973748146016e-01
-1.000000000000000000e+00
5.405678261551245534e-01
-1.000000000000000000e+00
-8.831201261177201722e-03
-1.000000000000000000e+00
8.297040356161109464e-01
-1.000000000000000000e+00
-1.000000000000000000e+00
-2.999903228355798035e-01
8.150540323858792569e-01
-4.800800068980592972e-01
9.855593974978571481e-02
-8.129893358060786834e-01
1.642930133899163092e-01
1.000000000000000000e+00
1.000000000000000000e+00
-1.000000000000000000e+00
-5.776596385200195582e-01
-9.461818524907206207e-01
-6.063566500869868037e-01
-2.039331428389971890e-01
-7.427317622312230583e-01
8.156986301194459887e-01
5.514988371867324268e-02
-1.276473597387284276e-01
4.068558244535656065e-01
-7.696016112892714034e-01
9.588115201332526594e-01
6.020450511784276593e-01
-3.779844921227736854e-01
1.378875799854251127e-01
5.612980628518104975e-01
5.250769535777768393e-01
6.459464018263545437e-01
8.246776845634868902e-01
-7.358465429569137628e-01
-1.000000000000000000e+00
1.000000000000000000e+00
1.000000000000000000e+00
6.030253682805001292e-01
-9.025244290688677617e-01
2.678766681208493150e-01
7.597133112854098647e-02
6.252658995666651176e-01
-3.279349915995737885e-01
-6.422309222862083722e-01
-1.000000000000000000e+00
1.000000000000000000e+00
8.392474803355232105e-01
1.000000000000000000e+00
-1.000000000000000000e+00
-1.000000000000000000e+00
1.000000000000000000e+00
-1.000000000000000000e+00
1.051416601510667959e-01
-1.000000000000000000e+00
-1.000000000000000000e+00
4.931531662563559681e-02
9.191916765703646020e-01
2.750137371061239788e-01
1.000000000000000000e+00
-1.000000000000000000e+00
1.000000000000000000e+00
-1.000000000000000000e+00
1.000000000000000000e+00
1.000000000000000000e+00
-1.000000000000000000e+00
-8.710963862078948683e-01
-1.000000000000000000e+00
1.000000000000000000e+00
-9.917594885591548559e-01
-1.000000000000000000e+00
-8.184827773607861179e-01
2.322529046434922417e-01
-8.427148541816404936e-01
-1.000000000000000000e+00
4.222405005459606286e-01
1.024455636694990845e-01
1.000000000000000000e+00
4.561799511027262444e-01
6.371335016935497642e-01
6.867105327814306825e-01
-8.337993338864435611e-01
1.000000000000000000e+00
3.761178380473881866e-01
8.005811014777602930e-02
7.466983380318672481e-01
-1.716195932046635786e-01
3.186466902196078976e-01
-1.000000000000000000e+00
1.000000000000000000e+00
1.000000000000000000e+00
-1.000000000000000000e+00
-7.651507491762045143e-01
-1.000000000000000000e+00
-1.000000000000000000e+00
-1.000000000000000000e+00
1.000000000000000000e+00
1.000000000000000000e+00
4.370947629353667541e-01
-5.198733989725077276e-01
4.864657588149295941e-02
-5.786590320444646718e-01
1.000000000000000000e+00
-7.366262344665944761e-01
1.000000000000000000e+00
9.868246897275489982e-01
6.496705539159268739e-01
-1.000000000000000000e+00
-1.000000000000000000e+00
-5.331728894778220429e-01
1.000000000000000000e+00
6.900736075738360675e-01
-9.922048841686151865e-01
-1.000000000000000000e+00
6.925064770555362514e-01
-9.568924894657180324e-01
7.250134507719410148e-01
8.787757471821684430e-01
-4.675380123318029213e-01
-6.498205184115070088e-01
1.000000000000000000e+00
8.161502070609421011e-01
-9.141344234132520175e-01
2.345631947950793661e-01
-5.318676102817265772e-02
-9.374360672538398775e-01
-4.887421800251713910e-01
-3.943604988053297511e-01
-6.246831189321256916e-01
-1.000000000000000000e+00
6.886490264395994654e-01
-2.057701259717338305e-01
-1.000000000000000000e+00
8.470286814512049123e-01
1.307289121758961059e-01
-1.597303310065201210e-01
-2.450811883472807651e-01
8.354263455158690288e-01
-1.000000000000000000e+00
1.000000000000000000e+00
-5.940233923323352538e-01
1.000000000000000000e+00
2.516112534854282323e-01
1.000000000000000000e+00
-1.000000000000000000e+00
-2.264687109943874788e-03
-1.000000000000000000e+00
1.000000000000000000e+00
1.000000000000000000e+00
1.000000000000000000e+00
4.762127583761492922e-01
5.842850971050104203e-01
-1.000000000000000000e+00
-6.097478427701301662e-01
-5.728697745185320489e-01
9.199840951543210021e-01
-6.112181645121359530e-01
-1.000000000000000000e+00
-1.000000000000000000e+00
1.792238707392599939e-01
7.445118508321995066e-01
7.871562431644607560e-01
-1.000000000000000000e+00
6.119588544914471573e-01
-2.608849154844632423e-01
-7.091505587856183901e-01
8.932544437806333448e-03
-1.000000000000000000e+00
-1.000000000000000000e+00
1.000000000000000000e+00
1.000000000000000000e+00
-9.607477316802299772e-01
6.572435152933164826e-01
-7.586392498835778930e-01
7.419749490001574799e-01
-5.109734067176368022e-01
7.673195858562216198e-01
1.000000000000000000e+00
-8.355262646208665434e-01
8.780304072748337241e-01
-3.169056486741619327e-01
-1.000000000000000000e+00
1.891606116508769420e-01
1.000000000000000000e+00
-1.916905487339825576e-01
7.716912388406215184e-01
-2.465033492934032289e-01
