7.975276248073268626e-01
-9.815941707287072493e-01
1.000000000000000000e+00
-1.000000000000000000e+00
1.000000000000000000e+00
-1.000000000000000000e+00
1.000000000000000000e+00
-1.270825864986923071e-01
7.316677903268786753e-02
1.000000000000000000e+00
-3.626552397275354389e-01
-6.349867643220854507e-01
4.938579265276670238e-01
5.212101059574538731e-01
2.424755424870483900e-01
8.233412039247842706e-01
6.579737074481746273e-01
-1.000000000000000000e+00
-7.624157800946607111e-03
-1.553414101074146458e-02
-1.000000000000000000e+00
1.516437027174846186e-01
-1.000000000000000000e+00
-1.812970886908323309e-01
-1.353938718604726921e-01
-6.658828319837621912e-01
-3.245215361412823879e-02
-6.228655866514893891e-01
8.552807306457690384e-01
5.269300226147910493e-02
8.914163968198405286e-01
-2.168794420228695730e-01
1.000000000000000000e+00
-7.204829810608921470e-01
-1.000000000000000000e+00
-7.404020295928934736e-01
-9.564747972795872855e-02
-4.162769779718165086e-01
-1.340373870864752792e-01
3.403684168539213850e-01
-1.000000000000000000e+00
-7.660747952713764519e-03
1.536257175947091935e-01
-1.891394774017363112e-01
-7.136697458905409963e-01
-1.400321073434778185e-01
-1.319101760979544125e-01
-1.000000000000000000e+00
8.511368078204003540e-01
5.924500617679584469e-01
8.041589540562323890e-01
-1.000000000000000000e+00
3.703264922278528548e-01
1.000000000000000000e+00
3.576397258771812915e-01
1.000000000000000000e+00
-2.664168088945232937e-01
1.000000000000000000e+00
-1.000000000000000000e+00
1.720813449409701601e-01
1.000000000000000000e+00
-6.923726684729898384e-01
-1.000000000000000000e+00
-1.000000000000000000e+00
-1.555519642032621164e-01
-8.446749609369308409e-01
-9.286662039835567040e-01
-1.000000000000000000e+00
3.745233442886672925e-01
-9.321631768170615118e-01
-1.000000000000000000e+00
4.823157052380695475e-01
-1.000000000000000000e+00
-1.000000000000000000e+00
-1.760495108950923260e-01
1.000000000000000000e+00
1.000000000000000000e+00
-9.457134383040546322e-01
-1.000000000000000000e+00
-1.710268892609771996e-01
-2.467299652358592166e-01
1.000000000000000000e+00
5.831121858833254734e-02
-8.526962972345144554e-01
5.665463215971744404e-01
-4.006406072473416291e-01
1.000000000000000000e+00
-1.000000000000000000e+00
-4.519292837672210794e-01
2.757065068636470606e-01
-1.000000000000000000e+00
-1.000000000000000000e+00
9.546522743656991050e-01
-2.614875554873421493e-01
9.020064490323710382e-01
2.066849895565026074e-02
-1.000000000000000000e+00
8.239625505966774455e-02
5.139079098004688539e-01
1.000000000000000000e+00
-2.545691466203892084e-01
4.212956234227546171e-01
-9.055897148643490269e-01
-1.000000000000000000e+00
1.569687609746812651e-01
1.000000000000000000e+00
2.406614760641280215e-01
8.830694101575153887e-01
7.609919636597050063e-01
-1.000000000000000000e+00
9.278472719680217473e-01
1.000000000000000000e+00
-6.794100352348173555e-01
-7.201167872123781510e-01
-2.397431376970133865e-01
6.260858555610211429e-01
-1.000000000000000000e+00
1.000000000000000000e+00
-9.565683191101228555e-01
-6.775172855362096569e-02
-1.929827208382750570e-03
7.191088402457340711e-01
3.973463913652883761e-01
-3.282331909746105669e-01
8.476415739006826211e-01
5.153179144788193611e-01
6.748393247531332406e-01
1.000000000000000000e+00
-1.000000000000000000e+00
8.898670882194288367e-01
-1.000000000000000000e+00
-2.713953493624509106e-01
1.000000000000000000e+00
1.000000000000000000e+00
5.876435260052096377e-01
-4.978327780002067549e-01
1.000000000000000000e+00
-1.235972343608813251e-01
-1.905612608907869543e-03
4.287570567854529502e-01
-7.639844111519710212e-01
2.015153516312472304e-01
-6.247678650724992622e-01
-7.307784250561082384e-01
-2.299485740506218567e-01
-6.714606029683806154e-01
-6.826483701760377443e-02
-9.455868227022798944e-01
-9.378519838973797818e-01
3.080774926479405984e-01
3.083886151093813144e-01
-7.640527673776495998e-01
-3.366073353914614263e-01
-1.664166805620972411e-01
6.270084358335095143e-01
8.168914240284310679e-01
1.000000000000000000e+00
-1.000000000000000000e+00
-1.000000000000000000e+00
2.566265983086486457e-01
1.000000000000000000e+00
1.000000000000000000e+00
4.893693785085648784e-01
1.606533717646403958e-01
-8.122304093640699829e-01
3.101166084821218583e-01
2.370377137179755511e-01
-6.648247845572896608e-02
-4.545275308928065083e-01
-4.404821346094998091e-01
1.073870285979201533e-01
-3.070488600355012476e-01
-1.000000000000000000e+00
-8.171040464554231164e-01
-3.442180070431648531e-01
9.220902116309013241e-01
-4.460692279985933872e-01
-3.637003753682037654e-01
-1.000000000000000000e+00
-9.833835945604336715e-01
-2.248287607022743106e-01
6.468439256337628063e-01
3.334536170921629239e-01
1.000000000000000000e+00
-5.221635452933008903e-01
8.589956520151111885e-01
1.000000000000000000e+00
7.664769678398755115e-01
-5.170973275992668539e-01
-3.572843017986513381e-01
6.882291130966471382e-01
-6.842521199651061536e-01
-5.245446177032369039e-01
-1.000000000000000000e+00
1.000000000000000000e+00
5.469902847707868165e-01
-8.868756215986040026e-02
1.000000000000000000e+00
1.259849633814902337e-01
7.071101126225131095e-01
4.559642059650044210e-01
-1.000000000000000000e+00
4.686212402670485444e-01
-4.166829896302043368e-01
-1.000000000000000000e+00
5.148795826140282195e-01
-1.000000000000000000e+00
6.552187385768968308e-01
7.468577958681359430e-01
1.883428522193706378e-01
1.710438530066057949e-01
1.946386655585423675e-01
1.000000000000000000e+00
9.262821146811754947e-01
-4.735667329841175555e-01
-6.889221300713613827e-01
1.000000000000000000e+00
9.126409414363134687e-01
1.885613646859922721e-01
6.540107730014033116e-01
-1.000000000000000000e+00
2.754708970848616101e-01
7.294909390961026308e-01
-9.581059930087140741e-02
8.500982875761899926e-01
-9.360637769242647899e-01
-8.450458518412746756e-01
-4.872176636120275628e-01
3.813265961086362843e-01
-7.608451814563437221e-01
8.371682287281214663e-01
7.599699923710914184e-01
9.464840933299962789e-01
-3.596092598984124145e-01
9.892600104256912275e-01
-9.873888591950760185e-01
-1.364570469861473567e-01
-1.060377430363476092e-01
-1.000000000000000000e+00
-4.415479934129591388e-01
-1.000000000000000000e+00
-1.000000000000000000e+00
1.000000000000000000e+00
-8.724989478613590643e-01
-7.173662287515628622e-01
3.975636959539117221e-01
1.977264035997546576e-01
-1.000000000000000000e+00
-5.571364309248483249e-02
3.689057846196824864e-01
1.000000000000000000e+00
-8.663705205839914436e-01
1.000000000000000000e+00
2.050315924563101966e-01
-4.492909742072570545e-01
-7.242104802616171622e-01
-8.041334222447724667e-01
3.323118363282966392e-01
2.098595556669187179e-01
-6.758528717807306130e-01
1.000000000000000000e+00
3.744188907353089846e-01
1.000000000000000000e+00
1.000000000000000000e+00
1.000000000000000000e+00
