6.594519697457026375e-01
6.150554442733441318e-01
1.000000000000000000e+00
1.836105884476885997e-01
1.000000000000000000e+00
-7.388614373739935681e-01
-1.000000000000000000e+00
-1.000000000000000000e+00
1.000000000000000000e+00
1.000000000000000000e+00
1.000000000000000000e+00
-4.876212363486104318e-01
-1.000000000000000000e+00
-1.000000000000000000e+00
-3.105341095865685186e-02
-3.564482320216936229e-01
-1.000000000000000000e+00
6.813977959021231268e-01
1.000000000000000000e+00
8.297228970423429217e-01
-2.683050335773405903e-01
1.000000000000000000e+00
1.000000000000000000e+00
1.000000000000000000e+00
2.705272619733775086e-01
1.277908748466377031e-01
-1.000000000000000000e+00
1.000000000000000000e+00
-1.000000000000000000e+00
-5.392916393616948856e-01
2.466316761059509366e-01
-4.864789854552387105e-01
7.326611792087592834e-01
9.294440346150950605e-01
-1.000000000000000000e+00
-4.749299009467914945e-01
8.780924171038048121e-01
-4.338965043650614972e-01
-4.482556587568908846e-01
2.173275802273196833e-01
1.000000000000000000e+00
3.309773753022047793e-01
1.000000000000000000e+00
-7.178323284614940292e-02
6.211395442810774270e-02
3.766851815470306786e-01
-8.345320700164444716e-01
-3.631777701242084877e-01
-1.000000000000000000e+00
-1.000000000000000000e+00
-7.562564364131453276e-01
1.879293927728695746e-01
-1.202248452013732205e-02
1.319490793370137194e-02
-7.535572878673387764e-01
-5.270182340774903773e-01
-1.364986500532578417e-01
-6.688986829922735078e-01
-1.000000000000000000e+00
-6.065157647131125263e-01
4.933757056939346297e-01
1.000000000000000000e+00
1.000000000000000000e+00
-8.155151880901303496e-01
-1.000000000000000000e+00
8.718243629000428374e-01
5.730066008535075195e-01
-3.191182368821781634e-01
-4.408496451766320545e-01
-1.000000000000000000e+00
1.000000000000000000e+00
1.000000000000000000e+00
1.996812414799064017e-01
9.279366035512938149e-01
-1.000000000000000000e+00
1.429733353692573261e-01
-1.000000000000000000e+00
6.927242069052729212e-01
-1.000000000000000000e+00
9.900569297774841626e-01
-5.038575762302895944e-01
-4.658856676339846459e-01
-1.947102509730654907e-01
-9.746584884180975461e-02
-2.396086703493116588e-01
-1.000000000000000000e+00
6.899188301557755976e-01
5.505651156812204627e-01
5.279087286285253366e-01
-1.068329967974732675e-01
-2.247727304698379780e-01
-1.000000000000000000e+00
-1.000000000000000000e+00
-1.000000000000000000e+00
-1.000000000000000000e+00
-7.900411220112493194e-01
-3.688843742103529166e-01
2.952161980659877560e-01
8.437592289936400591e-02
-1.000000000000000000e+00
-1.000000000000000000e+00
1.358124485177798491e-01
-1.000000000000000000e+00
3.095134205199735478e-01
-1.000000000000000000e+00
3.618319863945513859e-01
-1.514419191324910541e-01
-1.000000000000000000e+00
-6.707385334115960607e-01
9.635071318163040965e-01
2.254305644472909265e-01
4.920173734169643875e-01
1.780454389042329666e-01
1.413504405435734856e-01
1.000000000000000000e+00
-1.782301453485022336e-01
-1.000000000000000000e+00
-4.038162646162162250e-01
-1.000000000000000000e+00
5.102111433401085305e-01
-7.316159669514870068e-01
-1.000000000000000000e+00
-9.553573468978827643e-01
1.000000000000000000e+00
1.000000000000000000e+00
-1.000000000000000000e+00
-1.122897882813564951e-01
-1.000000000000000000e+00
2.324713662166413009e-01
-9.255725012673734486e-01
-6.688026334816254970e-02
4.849125290290842161e-01
1.000000000000000000e+00
1.000000000000000000e+00
4.639519935683418805e-01
-1.000000000000000000e+00
-6.495878566337195403e-01
-2.867916753845193845e-01
-3.496951975489839270e-01
2.103054567738262826e-01
6.775510774403116221e-01
1.000000000000000000e+00
-1.000000000000000000e+00
-1.000000000000000000e+00
1.000000000000000000e+00
6.185235896999456695e-02
3.122920283323686874e-01
2.827584076980447780e-01
7.147914256481824324e-01
-1.000000000000000000e+00
-7.892291620766694882e-01
8.098551554893264059e-01
-1.000000000000000000e+00
1.000000000000000000e+00
1.000000000000000000e+00
-6.292797219330252823e-01
1.000000000000000000e+00
1.213240456273614321e-01
-1.698201250071620094e-01
7.945961851278342536e-01
6.826691128636789285e-01
-9.875154237376817523e-01
-1.796089088560984814e-01
9.698271869099308606e-01
1.000000000000000000e+00
1.000000000000000000e+00
-2.497552618546629022e-01
-8.906486345050057540e-01
-3.862427149950157790e-01
-2.618558976191875942e-02
6.541268129710864354e-01
-6.679991014595026977e-01
1.000000000000000000e+00
-1.000000000000000000e+00
1.000000000000000000e+00
-1.000000000000000000e+00
9.334243986122563452e-01
1.000000000000000000e+00
1.000000000000000000e+00
4.250185584118337800e-01
1.000000000000000000e+00
1.000000000000000000e+00
-1.000000000000000000e+00
6.926308534987780652e-01
-1.000000000000000000e+00
-1.000000000000000000e+00
6.694379200280187181e-01
-2.523069893297480437e-02
1.000000000000000000e+00
4.778716656797248330e-01
6.862550251901176068e-01
5.670439865089822451e-01
4.985385557157808734e-01
-8.503673723928228956e-02
6.946134598920912229e-01
9.737594224308632196e-02
1.000000000000000000e+00
6.356027428357683418e-01
-8.995327357903950549e-01
1.768357377323060142e-01
-3.360240230945823470e-01
8.873558735943907205e-01
7.470269086544569781e-01
-7.984151094437961227e-01
-7.595187183256257857e-01
-1.000000000000000000e+00
7.556763877201770896e-01
-6.789773081901438745e-02
1.000000000000000000e+00
-2.961863594067307703e-01
-1.000000000000000000e+00
-3.932343170754664108e-01
-1.000000000000000000e+00
-1.000000000000000000e+00
-1.000000000000000000e+00
-1.716389563826647979e-02
-7.073882346998049409e-01
1.000000000000000000e+00
-5.575921231216810492e-01
-8.255095835851589126e-01
-1.000000000000000000e+00
-1.000000000000000000e+00
3.442827432451855962e-01
-2.280029869837418566e-01
-2.115446185326340101e-01
2.664716091601683212e-01
-2.241269527068612266e-01
1.000000000000000000e+00
1.000000000000000000e+00
7.846019099121936957e-01
-9.383298562152815325e-01
1.000000000000000000e+00
1.000000000000000000e+00
1.000000000000000000e+00
1.000000000000000000e+00
-1.245709242430033115e-01
9.480604897695672495e-01
4.799502534975170764e-01
1.000000000000000000e+00
-5.544381956480690654e-01
3.415808070821542142e-01
2.398938708642054385e-01
-5.701518561584177913e-01
-9.181902490363121894e-01
5.404776711277369250e-01
-1.000000000000000000e+00
-6.272527716771697515e-02
-4.310976151067427153e-01
6.173644315412529782e-01
1.000000000000000000e+00
7.462402375096077733e-02
1.000000000000000000e+00
1.000000000000000000e+00
-4.258237843450065618e-01
1.000000000000000000e+00
2.018639464695120012e-01
2.588844844131661382e-01
-1.000000000000000000e+00
9.876965109837265722e-01
7.236038018246866432e-01
-8.708808168877102407e-02
2.684592333444020262e-01
1.000000000000000000e+00
-1.000000000000000000e+00
-5.182051004868605260e-01
