3.765796754420823178e-01
-8.453769350713846720e-03
4.957556162196540273e-01
7.485499929610400782e-01
9.580210063894690764e-01
5.403567708140217807e-01
2.581550229720979139e-01
-1.000000000000000000e+00
-1.017886668354631707e-01
-6.944045032914007987e-01
-3.714928898976850857e-01
-5.807739548924271134e-01
-8.723638516897136430e-01
-1.803559312520963687e-01
-9.939427000270795176e-01
4.537694485805231492e-01
-6.375890098145386986e-02
1.000000000000000000e+00
6.159676336475538028e-01
1.000000000000000000e+00
1.000000000000000000e+00
1.000000000000000000e+00
-4.942282312393206922e-01
1.000000000000000000e+00
-5.476532008460834877e-01
9.294929504654185770e-01
7.549559110552550578e-01
8.703172332071560380e-01
-1.000000000000000000e+00
-3.661676934613650181e-01
1.238059291595733080e-01
-1.000000000000000000e+00
-1.000000000000000000e+00
-8.220169261888665702e-01
3.247147145519354572e-01
8.792280821154571102e-01
1.000000000000000000e+00
-5.177495579537347847e-01
8.531839874241152755e-01
-1.000000000000000000e+00
1.000000000000000000e+00
7.700859342344807956e-01
-1.295136068023661213e-01
1.000000000000000000e+00
7.246266229721376462e-01
9.404791876227172054e-01
-5.247146904973616355e-01
-3.270266732446260871e-01
4.394640179137779268e-01
5.938918031875046744e-01
1.000000000000000000e+00
4.815063628942948259e-01
1.000000000000000000e+00
3.724317317066885291e-01
-1.000000000000000000e+00
5.522358372619563527e-01
-9.548546726748706748e-01
-1.256928061402432517e-01
3.956556953473215898e-01
1.161762615060066839e-01
-1.000000000000000000e+00
1.000000000000000000e+00
-1.000000000000000000e+00
-6.218519312895012252e-01
1.000000000000000000e+00
-9.230873939918391446e-01
-5.406175179994057167e-01
-5.415202036580704092e-01
2.449470897632077815e-01
8.881802583853595223e-01
1.000000000000000000e+00
1.000000000000000000e+00
9.026344649099922179e-01
1.526846603535301217e-01
6.665605243669818769e-01
-4.524930074073034714e-01
-9.081468184222762918e-01
-3.900875922102724491e-01
8.824677878377440443e-02
2.756283358993958377e-01
-1.000000000000000000e+00
5.060422619999618288e-01
1.362825983648401351e-01
-7.505676418436916242e-01
5.324783242510480186e-01
-3.664719298625290778e-01
3.518479978987256729e-01
-2.047041455077744931e-01
1.000000000000000000e+00
5.003481392999008515e-01
4.351791058770746456e-01
-1.000000000000000000e+00
1.603387206988510783e-01
8.924651080357366428e-01
-8.189934424765088483e-01
2.592106758956600476e-01
-1.000000000000000000e+00
-5.785211348001801923e-01
4.615244509874969481e-01
6.261442672919454999e-01
-2.606296963037983971e-01
1.000000000000000000e+00
1.494856813627317704e-01
-3.158850234652781364e-01
1.000000000000000000e+00
-1.975292407559658958e-01
-6.690891141129138298e-01
1.000000000000000000e+00
-1.000000000000000000e+00
-3.843242429979258357e-01
7.436651414249562109e-01
-7.276570229214200936e-01
1.000000000000000000e+00
-1.000000000000000000e+00
5.224304107483603854e-01
-5.185168149563557094e-02
-5.272759977355006011e-01
-1.000000000000000000e+00
-7.051827046571933488e-01
8.279937234426493209e-01
8.676132866981833835e-02
4.319589683426650062e-02
-6.969675582884922171e-01
-5.212577674166429809e-02
8.459115289843873731e-01
-1.377426966753622084e-01
2.026753834158667722e-01
-6.850706784377684766e-01
-3.947916483945117516e-01
-1.000000000000000000e+00
1.000000000000000000e+00
-9.231520554874157458e-01
2.329209052446898909e-01
3.717727811053792575e-01
-1.000000000000000000e+00
8.622735977205828739e-01
-1.000000000000000000e+00
-2.270078627201050914e-01
4.563260575873615554e-01
1.000000000000000000e+00
-6.396777459005931199e-01
4.760626816020985252e-01
2.311147477979515752e-01
-1.000000000000000000e+00
-9.977058219780052806e-01
3.546521500992052545e-01
-3.137892739079117810e-02
2.020177102246536460e-01
4.670956866077609071e-01
1.000000000000000000e+00
-5.501473006510101404e-01
1.000000000000000000e+00
9.469238790732041888e-01
-2.320446584455226890e-01
-1.000000000000000000e+00
-9.010883377160228136e-02
1.000000000000000000e+00
-7.852768211094187656e-01
7.714802593360171601e-01
-7.074601555620854132e-01
-1.000000000000000000e+00
-1.815594948200738856e-01
-4.994205778958411557e-01
-4.394404642299009067e-01
-1.287365856002191666e-01
-5.221839004421405805e-01
-6.256187903842173048e-01
5.911237216133946593e-01
-9.230613761610009238e-01
5.349441248212498667e-01
-6.252032369791014066e-01
-8.278984342839472710e-01
-1.000000000000000000e+00
2.888522545190025936e-01
-8.501000116341796975e-01
-6.835203215424678902e-02
-8.455557296486100327e-01
-1.000000000000000000e+00
7.693572074814731820e-01
-7.028909679820989354e-01
2.458622152769414093e-01
7.886629267519604802e-01
1.000000000000000000e+00
1.361078341800007196e-01
-1.376381733455232514e-01
-5.407776233100809460e-01
-1.000000000000000000e+00
-3.034278342086303981e-01
1.000000000000000000e+00
1.000000000000000000e+00
-5.251758537866387799e-01
-1.000000000000000000e+00
9.413963500497659620e-01
-1.000000000000000000e+00
-1.000000000000000000e+00
-9.181493203678938730e-01
-8.484988837918920890e-01
-1.000000000000000000e+00
1.000000000000000000e+00
3.565207597148665197e-01
6.355341369755660441e-01
-2.082893370339067296e-01
-1.000000000000000000e+00
-1.879836034676112266e-01
1.000000000000000000e+00
4.904608762307710590e-01
7.079117024451415663e-01
-1.000000000000000000e+00
1.621183844909390714e-02
-7.466896064866541671e-01
-9.399752707982997890e-01
-5.123861071804021172e-01
-4.745533956756662342e-01
1.000000000000000000e+00
-6.770816460419665228e-01
-5.158713237703089760e-01
4.674618522738267501e-01
1.806814122626619890e-01
1.552705637490615631e-01
7.181656203496011859e-01
4.742316275963467387e-01
-5.581886883437509050e-01
1.000000000000000000e+00
3.107809118156138473e-01
9.284940410174397085e-01
1.000000000000000000e+00
1.574809314592966469e-01
-4.011573960306988873e-01
-1.000000000000000000e+00
-1.000000000000000000e+00
3.900695304303541944e-01
4.554687635839078097e-01
-7.673273393666864006e-01
-5.187089844564114482e-01
5.718706640289198395e-01
-4.746688909222666064e-01
1.000000000000000000e+00
7.647142411958616215e-01
9.856293223644496670e-01
1.000000000000000000e+00
-2.617129581115880121e-01
-7.243450968386421218e-01
-1.000000000000000000e+00
-1.000000000000000000e+00
4.845557643369959866e-01
1.000000000000000000e+00
-4.935135670771727545e-01
1.000000000000000000e+00
4.142433947645036696e-01
1.000000000000000000e+00
1.000000000000000000e+00
6.609625241655199268e-01
6.527378141822928193e-01
-5.552080680174518168e-01
1.000000000000000000e+00
-4.268385742581428666e-01
6.235199540516587202e-01
3.608382146863280404e-01
-4.690117293288760814e-01
-4.447618034815656873e-01
-1.000000000000000000e+00
-5.460511260722831217e-01
4.922791690675456522e-01
2.767744754295454190e-01
-1.000000000000000000e+00
