-1.497919089915564772e-01
-1.000000000000000000e+00
5.467285325363155923e-01
-7.284536593966617346e-02
-1.000000000000000000e+00
2.438403597255883737e-01
-1.593073454964987479e-01
-7.155527060324531341e-01
5.453890072688896140e-01
-2.866250694447842751e-01
4.661518376732692870e-01
-1.000000000000000000e+00
-2.353555734613108630e-01
-9.705819708628841136e-01
-1.000000000000000000e+00
1.523440087973127743e-01
-2.943198553682635499e-01
1.000000000000000000e+00
4.393407871988874724e-01
-1.000000000000000000e+00
-6.163851381146646657e-01
-1.000000000000000000e+00
4.201516436226991891e-01
-1.000000000000000000e+00
-1.000000000000000000e+00
1.000000000000000000e+00
-6.383609068252062979e-01
-1.000000000000000000e+00
4.487731891217752733e-01
-4.476209241391247429e-01
-6.420990136532532810e-01
-8.489144113208653142e-01
1.000000000000000000e+00
1.000000000000000000e+00
8.986971845394063907e-01
-4.483532026789552871e-01
8.771481631046778027e-01
4.326851078251069960e-01
-1.000000000000000000e+00
-1.000000000000000000e+00
-9.716086621822950242e-02
1.000000000000000000e+00
1.000000000000000000e+00
1.000000000000000000e+00
-8.239072332045030977e-01
8.136206123952115510e-01
4.719694093030939452e-01
-3.242247739377535076e-01
-3.187221453469027965e-01
7.672137067436465285e-01
-4.285111097329092900e-01
-1.000000000000000000e+00
6.128896614727572523e-01
2.556490891804823473e-01
-9.793356817033853634e-01
1.000000000000000000e+00
1.000000000000000000e+00
-1.000000000000000000e+00
-1.000000000000000000e+00
-3.739097356232122527e-02
-7.315204853468566526e-01
-2.750398213697449190e-01
-9.832993441868255469e-02
1.000000000000000000e+00
4.485993904754959072e-01
3.085379972576268726e-01
-6.758423498532868390e-01
6.192438167086440348e-01
-6.108262885968778200e-01
-1.884603862294187415e-01
3.486998870082325119e-02
-7.658825820825049258e-01
9.305334002202017007e-01
1.000000000000000000e+00
1.000000000000000000e+00
1.000000000000000000e+00
-5.424772122389924789e-01
2.317892713754422518e-01
-1.000000000000000000e+00
2.039823224770210275e-01
-1.000000000000000000e+00
-1.000000000000000000e+00
-1.369486584914821892e-01
-1.204318702659736839e-01
4.892488613099141848e-01
-7.379699592241115713e-01
2.549430298020502472e-01
8.361968792267739925e-01
-1.000000000000000000e+00
9.868673023290441826e-01
5.549080580571377208e-01
-2.930329223969652119e-02
5.889316438803180453e-01
1.000000000000000000e+00
-6.983014035998797997e-01
-1.000000000000000000e+00
-1.000000000000000000e+00
5.818190195457122460e-01
-1.000000000000000000e+00
4.653924498116204234e-01
7.154157988294236326e-01
-4.961372865682073252e-02
-1.000000000000000000e+00
-6.131991833135301828e-01
-5.096577504793825542e-02
1.000000000000000000e+00
4.171247095899710544e-01
7.594413709134064661e-01
1.000000000000000000e+00
1.000000000000000000e+00
-9.656404532880841218e-02
6.067334468954663773e-01
3.519616433642301367e-01
9.508522614919144855e-01
1.000000000000000000e+00
-2.730166186672771111e-01
2.035470719789715111e-01
1.000000000000000000e+00
9.190638828198873789e-01
6.340566140828427510e-01
-2.659560197139129167e-01
-5.878136230205033286e-01
-3.595819495307989166e-01
1.000000000000000000e+00
-5.468334244672912181e-01
-1.000000000000000000e+00
4.715942254168251635e-01
-1.000000000000000000e+00
-1.000000000000000000e+00
-1.000000000000000000e+00
6.869805873021301856e-01
1.000000000000000000e+00
-1.000000000000000000e+00
8.515571724780446328e-02
-2.666878606130066443e-01
-6.091341718550261630e-01
-7.004490489817533083e-01
1.000000000000000000e+00
2.326360237595989366e-01
-1.000000000000000000e+00
1.000000000000000000e+00
5.427416591181349892e-01
1.000000000000000000e+00
1.000000000000000000e+00
-1.000000000000000000e+00
6.994649330031473822e-01
-3.664776520252378544e-01
-1.000000000000000000e+00
-1.000000000000000000e+00
-3.977804983277466455e-01
9.104402860664129182e-01
-1.000000000000000000e+00
-7.194721218878579183e-01
1.553184327576260793e-01
1.000000000000000000e+00
-1.706214114888502942e-01
1.000000000000000000e+00
1.000000000000000000e+00
1.000000000000000000e+00
3.949901655429817193e-01
-1.506257237208070698e-01
-1.000000000000000000e+00
9.049204274711619700e-01
-6.917114491915489216e-01
7.248923869630269357e-01
8.032964503295128011e-01
6.822065936425882882e-01
-1.000000000000000000e+00
-1.000000000000000000e+00
-1.000000000000000000e+00
1.000000000000000000e+00
1.000000000000000000e+00
1.000000000000000000e+00
-5.773178794800462033e-01
1.000000000000000000e+00
-7.671444420593708236e-01
2.204113242350704827e-01
-1.000000000000000000e+00
7.176626038170825783e-01
4.046866607499677859e-01
-1.362039272433791526e-01
-1.000000000000000000e+00
6.011105447770956900e-01
-5.822303336081320335e-01
9.220970450248484607e-01
-3.604511889793634571e-01
-1.000000000000000000e+00
7.398274807329779934e-01
6.932900029368116446e-01
-1.000000000000000000e+00
-6.071607123485338597e-01
1.000000000000000000e+00
9.156567681971022887e-01
-9.964215918611716294e-01
7.716273917198805954e-01
-9.906760552109807882e-01
-3.120503741863902558e-01
1.000000000000000000e+00
4.269595053074352053e-01
7.627774837152374587e-01
-1.000000000000000000e+00
-1.000000000000000000e+00
-1.000000000000000000e+00
-9.812224500094357538e-01
-9.329954256554837677e-01
-1.000000000000000000e+00
8.244052087550663988e-01
-1.000000000000000000e+00
3.028050982173863259e-02
1.000000000000000000e+00
-1.000000000000000000e+00
1.000000000000000000e+00
1.579129462531205785e-01
-7.922036732747002041e-01
-9.758665155272208125e-01
-8.712594125628164710e-01
-1.000000000000000000e+00
-1.846703562427823297e-01
-7.453285638158224646e-01
-9.535380639582916595e-01
-2.284112397187698096e-01
-8.066460378594210168e-01
1.000000000000000000e+00
-1.000000000000000000e+00
3.988637691282870823e-01
-1.000000000000000000e+00
-1.000000000000000000e+00
1.000000000000000000e+00
1.000000000000000000e+00
-4.297197440758796505e-01
-1.000000000000000000e+00
-1.267227557688468398e-01
-1.000000000000000000e+00
4.839740814517359824e-02
-1.000000000000000000e+00
-1.000000000000000000e+00
-1.000000000000000000e+00
-1.000000000000000000e+00
1.000000000000000000e+00
-1.000000000000000000e+00
4.566564463627460491e-01
-7.291182540284570912e-01
3.738007728859256140e-01
5.929060981296545574e-01
-4.701490887168775501e-01
-4.605819867195805051e-01
6.902311294726367619e-01
2.958378524296586543e-01
1.000000000000000000e+00
1.000000000000000000e+00
-1.000000000000000000e+00
-1.000000000000000000e+00
-1.000000000000000000e+00
-9.757141856859338214e-01
9.548657194382127456e-01
1.000000000000000000e+00
1.000000000000000000e+00
7.826047576207705303e-01
1.000000000000000000e+00
-1.064930273087649065e-01
-1.000000000000000000e+00
1.000000000000000000e+00
1.000000000000000000e+00
-1.000000000000000000e+00
-1.074099668689194598e-01
