-1.219381870935751788e-01
2.395367515193169705e-01
-1.000000000000000000e+00
-3.873301063912758524e-01
-1.000000000000000000e+00
-6.741220611495737369e-01
1.000000000000000000e+00
4.112594437830550120e-01
8.817909519499267379e-01
-1.000000000000000000e+00
3.807988486874509526e-01
-7.581461402115458048e-01
-5.558350414088601976e-01
-1.000000000000000000e+00
1.000000000000000000e+00
1.000000000000000000e+00
-1.000000000000000000e+00
-1.000000000000000000e+00
8.755459752967017506e-01
-1.083705981100982485e-01
-1.000000000000000000e+00
8.659478636855612033e-01
-1.794548857948377041e-01
-9.321616649339821148e-01
1.000000000000000000e+00
-8.531173148569048958e-01
-1.000000000000000000e+00
-2.720664554176934757e-01
-2.499877556425614822e-01
-1.000000000000000000e+00
-1.000000000000000000e+00
9.450971889956083505e-01
1.703894961952451270e-01
-6.094857324809848098e-01
1.000000000000000000e+00
-8.531734874806766733e-01
6.149876945039822740e-01
-1.000000000000000000e+00
4.973672107526612707e-01
-1.000000000000000000e+00
-1.609964333784404955e-01
-3.019922165149544480e-01
-5.911014177314080076e-01
-3.270423419749672322e-01
-1.000000000000000000e+00
-1.000000000000000000e+00
-3.791651957174597132e-01
1.968844088260394143e-01
1.000000000000000000e+00
-1.000000000000000000e+00
6.809672631903269657e-01
5.863121444908414581e-02
-1.000000000000000000e+00
7.780687281867304517e-02
5.545998098633903028e-03
-1.000000000000000000e+00
8.036893519451728807e-01
1.000000000000000000e+00
-3.925541537906740430e-01
-1.000000000000000000e+00
-7.491899432676074611e-01
3.984658583081822636e-01
1.000000000000000000e+00
-1.000000000000000000e+00
-1.000000000000000000e+00
1.000000000000000000e+00
3.905655136836935770e-01
-7.351062588276373599e-01
9.622333657682811126e-01
-1.000000000000000000e+00
-6.848250511042187627e-01
-4.214573126376180978e-01
-6.594244743049637592e-01
-8.803538207381206293e-02
-1.000000000000000000e+00
1.000000000000000000e+00
8.673406827266503250e-01
-1.000000000000000000e+00
-7.368609099973628673e-01
1.000000000000000000e+00
-1.000000000000000000e+00
3.444751855683317321e-02
-2.359864838494769579e-01
1.000000000000000000e+00
-1.000000000000000000e+00
-7.057591881221159102e-01
-1.000000000000000000e+00
-1.000000000000000000e+00
1.000000000000000000e+00
1.000000000000000000e+00
-1.000000000000000000e+00
1.000000000000000000e+00
-8.783964254004118510e-01
-1.000000000000000000e+00
2.189130891142040403e-01
8.335187521228737406e-01
1.537584551879569161e-01
1.000000000000000000e+00
3.985551364253688833e-01
1.000000000000000000e+00
6.369368190100677118e-02
8.303546035783231360e-01
-1.000000000000000000e+00
8.365116862504098361e-01
-1.000000000000000000e+00
-3.659734887403383041e-01
4.861290370061130961e-01
6.955554163663193457e-01
7.832736331857086398e-01
1.000000000000000000e+00
5.413917700217755202e-01
-1.723660659640501025e-01
6.460033232550390636e-01
8.586671397738006029e-01
5.832186150527659541e-01
1.000000000000000000e+00
-9.656670733725361000e-01
2.601830270712661153e-01
-1.000000000000000000e+00
1.926743108480660771e-02
1.000000000000000000e+00
-1.000000000000000000e+00
1.000000000000000000e+00
-4.578811243303096967e-01
8.641496336327032513e-01
-1.000000000000000000e+00
-9.549416257547860276e-02
-1.000000000000000000e+00
-1.000000000000000000e+00
-3.404594136967004081e-01
2.698467534168784709e-01
-8.665993866717995875e-01
-1.000000000000000000e+00
1.000000000000000000e+00
2.773436538723583755e-01
8.118408485207486702e-01
-9.414061341094440705e-01
1.000000000000000000e+00
-7.592991508751527618e-01
1.000000000000000000e+00
-1.000000000000000000e+00
8.280424717693820602e-01
-1.000000000000000000e+00
2.786807683423292437e-01
7.833807044286369425e-01
1.000000000000000000e+00
3.100366246144992122e-01
-1.179128850921830063e-01
-5.788767210689254039e-01
-1.000000000000000000e+00
7.168937272612038170e-01
1.000000000000000000e+00
-8.322251297563643124e-01
-1.000000000000000000e+00
1.433096174971343340e-01
1.904987059014952022e-01
4.290012301017382956e-01
3.932084999582828866e-01
1.000000000000000000e+00
-1.000000000000000000e+00
-5.558953115226636932e-01
1.000000000000000000e+00
-1.852667806958128160e-01
4.633184730899434500e-01
-1.000000000000000000e+00
7.189663405394106643e-01
6.890790457671102098e-01
-9.280933675993063847e-01
-6.433691627960391735e-01
1.000000000000000000e+00
5.331087898947013404e-01
8.846741807185810602e-01
1.000000000000000000e+00
-6.257739278768414959e-02
3.308951882211252915e-03
3.356308882976921093e-01
-1.000000000000000000e+00
-2.276490915878490173e-01
1.000000000000000000e+00
1.000000000000000000e+00
-1.412422881823143239e-01
1.000000000000000000e+00
7.693711685555066904e-01
2.023678189158752971e-01
1.000000000000000000e+00
7.712859318732441238e-01
1.000000000000000000e+00
1.000000000000000000e+00
-8.822469739694413504e-02
1.000000000000000000e+00
5.423132908025607435e-02
-2.125327997946911407e-01
-1.000000000000000000e+00
1.000000000000000000e+00
-1.000000000000000000e+00
1.000000000000000000e+00
-1.000000000000000000e+00
1.000000000000000000e+00
-1.000000000000000000e+00
4.187159257152928138e-02
-6.572375720538672361e-01
4.790539678340096641e-01
6.174051598384783235e-01
8.462629494053703905e-01
1.000000000000000000e+00
9.438930188678970046e-01
-5.227515844648226162e-01
1.000000000000000000e+00
3.799631483590716341e-01
-1.906934426459208076e-01
-1.000000000000000000e+00
-7.225957597420428202e-01
7.865325948057777516e-02
1.000000000000000000e+00
-1.000000000000000000e+00
4.382428352824716544e-01
5.455041634169035536e-01
5.264332294422031655e-01
-7.354169351971606705e-02
1.413244572716875480e-01
-7.902298059150738574e-01
1.211615316970051648e-01
9.967476612222399002e-01
-4.383036314606217898e-01
1.691968356177129262e-01
-7.233641861100646997e-01
-1.000000000000000000e+00
-8.380143955754753016e-01
-9.758897415533827058e-01
6.369931880645225419e-01
1.000000000000000000e+00
-2.502851953519237282e-01
-5.335317046324909995e-01
1.000000000000000000e+00
9.203730492895016990e-01
1.000000000000000000e+00
1.000000000000000000e+00
1.000000000000000000e+00
1.000000000000000000e+00
4.662700936280450570e-02
-6.450973739787301264e-01
2.940187450446717921e-01
1.000000000000000000e+00
1.000000000000000000e+00
3.023752894608190411e-01
1.000000000000000000e+00
3.581935447571371611e-02
1.000000000000000000e+00
-1.222975349466697281e-01
1.000000000000000000e+00
1.471578478506572196e-01
2.330947669952581069e-01
4.622979186200303348e-01
-1.000000000000000000e+00
-1.000000000000000000e+00
1.000000000000000000e+00
1.000000000000000000e+00
1.000000000000000000e+00
1.000000000000000000e+00
-1.000000000000000000e+00
-4.312569849397474009e-02
1.000000000000000000e+00
-1.000000000000000000e+00
1.000000000000000000e+00
6.905035953230242995e-01
