-7.011216459000694234e-01
5.356115575440563159e-01
3.516583819730976224e-01
1.000000000000000000e+00
-1.000000000000000000e+00
1.000000000000000000e+00
-1.000000000000000000e+00
1.000000000000000000e+00
-5.645873531712326532e-01
-3.458614737022340790e-01
1.000000000000000000e+00
7.519870124450972471e-01
-1.000000000000000000e+00
-6.510299826972592019e-01
-4.877623800696471168e-01
5.576847413232092210e-01
-4.056198182982962419e-01
-5.284217827662529565e-02
1.000000000000000000e+00
-2.575711710445275360e-01
-1.862623612117600969e-01
-1.000000000000000000e+00
-4.635123881627739584e-01
-2.195291619375746017e-01
-1.000000000000000000e+00
-1.000000000000000000e+00
-8.909894170067094166e-01
5.457442227433240145e-02
-3.402901635797791480e-01
4.340124998239452969e-01
-1.000000000000000000e+00
-3.074085438278650884e-01
-9.597966856331444641e-01
-4.814180222689876665e-01
7.396198804794646975e-01
1.000000000000000000e+00
1.000000000000000000e+00
-6.116251980655691423e-01
1.000000000000000000e+00
5.152982350240288278e-01
-3.037549586632232179e-01
4.937944171668503524e-01
6.953661066394190016e-01
1.000000000000000000e+00
6.255324326899172616e-02
3.767734773094507661e-01
-9.976506127576150185e-01
1.000000000000000000e+00
-3.144932936069012586e-01
-1.000000000000000000e+00
1.252381458685059012e-01
1.299135656710428410e-01
1.000000000000000000e+00
9.635814779142850561e-01
1.000000000000000000e+00
6.977942639490615218e-01
1.000000000000000000e+00
-7.057675010599062659e-03
-3.802154099720513325e-01
-1.000000000000000000e+00
2.238358188011844163e-01
-3.395652197056394650e-01
1.000000000000000000e+00
-1.876975121424955262e-01
-2.187469815657353545e-01
-5.174139418928913603e-01
-8.474022540089277689e-01
-9.007528375529931797e-01
1.000000000000000000e+00
-2.136729308781717962e-01
1.000000000000000000e+00
-2.525423687366108727e-02
4.502106090612301159e-03
2.852079821996984510e-01
9.073031000528912760e-01
-1.000000000000000000e+00
1.000000000000000000e+00
1.131281892443795067e-01
-1.000000000000000000e+00
-1.000000000000000000e+00
7.994656064690387476e-01
-1.000000000000000000e+00
6.682115892621770525e-01
3.167583923956280856e-01
-2.046982139522142696e-01
6.635824206073333009e-01
-1.177306633201461450e-01
-1.000000000000000000e+00
-1.000000000000000000e+00
-1.000000000000000000e+00
-1.000000000000000000e+00
-2.471460900855487197e-01
9.964139152337396776e-01
5.509229950140740462e-01
-4.911867703138488306e-01
1.000000000000000000e+00
-1.000000000000000000e+00
-2.816016888302282917e-01
7.079054999935314729e-01
1.479400173626339576e-01
1.000000000000000000e+00
1.000000000000000000e+00
-9.898484287758166911e-01
1.000000000000000000e+00
3.086051249085430825e-02
3.813804111599307101e-01
1.000000000000000000e+00
-1.000000000000000000e+00
-1.000000000000000000e+00
-8.523437594326854772e-02
-3.324176941085856818e-01
-7.359165528841532522e-01
4.093313472239529238e-01
2.239293598579561451e-02
-1.000000000000000000e+00
6.153355861602761712e-01
-3.210869763776631469e-01
3.576466321111869129e-01
1.000000000000000000e+00
-6.455156163375467271e-01
-7.921289589912512419e-01
2.317180905635335963e-01
1.000000000000000000e+00
-6.195412499514298954e-01
6.636675780493732635e-01
1.000000000000000000e+00
1.000000000000000000e+00
-1.000000000000000000e+00
3.010734709320389557e-01
1.000000000000000000e+00
-1.000000000000000000e+00
-3.517381699930475225e-01
-3.813719794520171735e-01
-8.930030626196279187e-01
4.341481509273839023e-01
-1.000000000000000000e+00
1.000000000000000000e+00
8.384536486176106251e-01
-1.000000000000000000e+00
-8.523075438516145574e-01
4.376371209692840325e-01
1.589623816980351156e-01
-2.263390826635037212e-01
7.152980923143371639e-01
-2.449623027752573234e-02
-1.000000000000000000e+00
-4.457353281231526410e-01
1.000000000000000000e+00
4.930027399133050658e-01
-9.690926779506313649e-01
-1.000000000000000000e+00
9.979050070034717335e-01
6.163750804279213291e-01
-9.304774623380697163e-01
7.053778180062755254e-01
-6.749640481738317099e-02
-6.966289401346654753e-01
-1.000000000000000000e+00
3.407516640878152092e-01
-1.000000000000000000e+00
5.018160527663828585e-01
2.399052220796972223e-01
-3.686235835825160123e-01
-1.000000000000000000e+00
-3.278522224465625357e-01
-1.000000000000000000e+00
4.392751150850845998e-01
1.000000000000000000e+00
-1.000000000000000000e+00
-1.000000000000000000e+00
-4.658713100902394100e-01
-1.000000000000000000e+00
6.214695896055033586e-01
8.259326327499864062e-01
-1.795772985656103327e-01
-1.000000000000000000e+00
5.767854390972126932e-01
-1.000000000000000000e+00
9.387132714181978255e-02
-1.000000000000000000e+00
2.129628136777873548e-01
8.068285051785265005e-02
-1.000000000000000000e+00
1.000000000000000000e+00
-1.461639994116868957e-01
-5.569416886839329006e-01
1.000000000000000000e+00
4.866006310260485024e-01
7.386930993051332717e-01
1.000000000000000000e+00
1.509483507285518389e-01
-1.000000000000000000e+00
3.224792472881239935e-01
-1.000000000000000000e+00
5.095140985309221104e-01
-1.000000000000000000e+00
-1.000000000000000000e+00
3.405308206245239999e-01
-6.655888625260717451e-01
8.673210344968613761e-01
1.000000000000000000e+00
-5.207666637670915755e-01
-1.000000000000000000e+00
1.000000000000000000e+00
9.125597064146057091e-01
1.127348630318375511e-01
-1.000000000000000000e+00
5.366375736856171530e-02
1.000000000000000000e+00
-1.140533076278407165e-01
1.000000000000000000e+00
-4.831370325623536299e-01
3.837255948977986719e-01
8.942735688052885212e-01
-1.000000000000000000e+00
8.640636136061701222e-01
-1.000000000000000000e+00
-5.689521782863729005e-01
-1.000000000000000000e+00
-5.802033841935527736e-02
1.814626537590607880e-01
4.505556269290043603e-01
-1.000000000000000000e+00
-1.000000000000000000e+00
-1.000000000000000000e+00
4.011063221253821087e-01
2.182675174116993633e-01
5.043025721801885908e-01
-8.179952550008922074e-01
6.463755858427520096e-01
-9.759030896102647290e-01
1.000000000000000000e+00
5.525254733021857101e-01
1.000000000000000000e+00
8.061820541233092330e-01
-1.000000000000000000e+00
1.000000000000000000e+00
3.608011665265248302e-01
-1.890448003589139114e-01
5.361594920748435911e-01
8.480274290765312806e-01
-1.000000000000000000e+00
-4.211641448851091152e-01
1.000000000000000000e+00
1.000000000000000000e+00
2.478279531231160071e-01
-1.000000000000000000e+00
-2.990890359399703824e-01
-6.158623376926601889e-01
-1.000000000000000000e+00
-1.000000000000000000e+00
1.000000000000000000e+00
-6.164689389861464086e-01
9.747668187456820510e-02
-3.006411612651244125e-01
-1.000000000000000000e+00
6.077713427015901670e-01
1.000000000000000000e+00
9.688776412222864787e-01
-1.000000000000000000e+00
1.000000000000000000e+00
-1.523467907175946046e-01
-1.000000000000000000e+00
9.962587904196840149e-01
-1.000000000000000000e+00
