9.292678249569790161e-01
-6.887396231771414357e-01
-3.392579424333861393e-01
1.000000000000000000e+00
-1.000000000000000000e+00
3.237668532307407254e-01
-9.402239332571160624e-01
1.000000000000000000e+00
1.357477682532312602e-01
-2.537225767293476153e-01
1.000000000000000000e+00
-4.535786870383993197e-01
-1.000000000000000000e+00
1.000000000000000000e+00
-4.988887200133911293e-01
9.250249863726651700e-01
-7.405413576714314772e-02
-1.000000000000000000e+00
5.280597212762444537e-01
1.000000000000000000e+00
1.490064365296290827e-01
-4.932922262577807970e-01
-3.571928305661325465e-01
-1.305002522051545433e-01
-6.601010883790016104e-01
1.000000000000000000e+00
-5.316441838241676709e-01
-1.000000000000000000e+00
-1.104255424199585001e-02
7.756376308346797366e-01
5.192566794908228811e-01
1.000000000000000000e+00
-3.825493567064156553e-01
-7.271900456750857167e-01
5.452723846489976323e-01
-7.892784090656407292e-01
-6.499283410212264300e-01
7.286972844541770300e-01
8.545377831206555364e-01
-1.000000000000000000e+00
1.000000000000000000e+00
-6.458023158407371067e-01
1.000000000000000000e+00
9.302781561130406551e-01
1.000000000000000000e+00
-7.868511376801085033e-02
-9.325780627331010653e-01
-1.000000000000000000e+00
-6.790612102874226119e-01
-1.000000000000000000e+00
8.452513078263097501e-01
-1.000000000000000000e+00
-1.000000000000000000e+00
1.000000000000000000e+00
-8.904131299279823830e-01
-5.114960055948956086e-01
1.000000000000000000e+00
1.000000000000000000e+00
-1.000000000000000000e+00
8.288534497073791751e-01
-1.000000000000000000e+00
-3.731935223127094137e-01
-1.000000000000000000e+00
9.001497799003745914e-01
7.140122620447273416e-01
1.000000000000000000e+00
1.000000000000000000e+00
-4.802951641434761165e-01
-1.000000000000000000e+00
-1.467151543312140705e-01
-2.628674942336033382e-01
1.000000000000000000e+00
6.687009682676333666e-01
-5.880871150920949919e-01
5.540003920346544541e-01
-1.000000000000000000e+00
-1.000000000000000000e+00
1.000000000000000000e+00
8.842283411519002989e-02
-5.036662588353794101e-01
-3.875435315859443453e-01
1.095027095236067449e-01
-1.270370202307293250e-01
1.000000000000000000e+00
-5.224716651987384441e-01
6.865719251875027629e-01
-2.131507010266997515e-01
-3.453852452075885093e-01
4.357218449756677936e-01
-3.651760605847018115e-01
1.000000000000000000e+00
1.342295409179748988e-01
8.169172170511407316e-01
5.536892743004211415e-01
-9.958719311939134844e-01
-3.384602580599421762e-01
-1.000000000000000000e+00
-1.000000000000000000e+00
1.000000000000000000e+00
3.481797624148652570e-02
-7.089017786505131813e-01
-1.000000000000000000e+00
1.000000000000000000e+00
-4.759362567696678314e-01
-9.659645312769389314e-01
7.162559478503738308e-01
-1.000000000000000000e+00
-3.690593642637172156e-01
-3.273973380939497746e-01
1.000000000000000000e+00
1.000000000000000000e+00
1.000000000000000000e+00
-1.000000000000000000e+00
5.014666732385162362e-01
1.000000000000000000e+00
1.000000000000000000e+00
6.901292344196956474e-01
1.358249100665620546e-02
1.000000000000000000e+00
-1.000000000000000000e+00
-1.000000000000000000e+00
-1.000000000000000000e+00
1.042833411999984916e-01
1.000000000000000000e+00
-1.000000000000000000e+00
-5.125695453981591321e-01
-1.000000000000000000e+00
2.994046350176895466e-01
5.428456930560703331e-01
3.446023227639916087e-01
7.364750945800986326e-01
5.615749047530405047e-01
9.659113758597664967e-02
1.000000000000000000e+00
1.000000000000000000e+00
2.974338888473677667e-01
-8.606542959071223908e-01
-1.000000000000000000e+00
-1.000000000000000000e+00
-9.668212706978773774e-01
-9.325422982823171614e-01
1.483533572993601113e-01
-3.748684315557181401e-01
5.797134892350390700e-01
-1.000000000000000000e+00
-1.000000000000000000e+00
5.918147014304515618e-01
3.258510086768128255e-01
6.084071392988533722e-01
1.000000000000000000e+00
1.000000000000000000e+00
1.000000000000000000e+00
-1.747814066637143338e-02
-1.000000000000000000e+00
-7.301645368023390592e-02
5.104725299829238061e-01
-7.537996472662084058e-01
7.055975385493806762e-02
1.191181656927724486e-01
-1.000000000000000000e+00
-6.115636689989445429e-01
5.387625797148360984e-01
7.693300863029997050e-01
3.141290100934557294e-01
-1.000000000000000000e+00
1.429419349405597339e-01
-1.000000000000000000e+00
-4.979512275264373899e-01
-1.000000000000000000e+00
-1.000000000000000000e+00
1.000000000000000000e+00
1.000000000000000000e+00
-2.204181177586427287e-01
-1.000000000000000000e+00
-1.000000000000000000e+00
9.040731727636097670e-01
-1.000000000000000000e+00
2.422087304998735702e-01
-6.179806170875268290e-02
1.000000000000000000e+00
-2.648427415336314095e-01
-1.000000000000000000e+00
9.848971822847751856e-02
5.562890171586404309e-01
1.767383988758790547e-01
-1.000000000000000000e+00
1.708351160325770612e-01
1.000000000000000000e+00
-1.000000000000000000e+00
-1.000000000000000000e+00
8.840485059007634483e-01
9.866930559685436197e-01
1.000000000000000000e+00
1.000000000000000000e+00
-1.034810921759420355e-01
6.849449109408456415e-02
-8.772020704801061219e-01
-9.180274527863847567e-01
-1.000000000000000000e+00
-8.107293257712616663e-02
-4.233994349952643343e-01
2.030898085159005551e-01
1.000000000000000000e+00
1.000000000000000000e+00
2.231103613409604891e-01
-4.163232509410907944e-01
-5.181149784773000366e-01
4.612621543278839775e-01
1.000000000000000000e+00
5.659149268924092979e-01
1.000000000000000000e+00
-1.390709142293818368e-01
-1.000000000000000000e+00
1.000000000000000000e+00
-5.058265660884304626e-01
3.292673894678127544e-01
-8.778979863651503734e-01
-2.109821011404963975e-01
1.000000000000000000e+00
-9.720717948291128785e-01
-7.722845714262667194e-01
5.931229285008083885e-01
1.775181933398965045e-02
6.807300080293050559e-01
8.377199327660249661e-01
-9.403736765914616491e-01
1.000000000000000000e+00
1.000000000000000000e+00
-1.000000000000000000e+00
1.000000000000000000e+00
-5.982316572546161337e-01
-1.000000000000000000e+00
1.531074207423968048e-01
-3.161118007390382179e-01
5.530983514943907942e-01
-9.643313775388482334e-01
-1.392107372378112995e-01
-1.000000000000000000e+00
-1.000000000000000000e+00
5.256588808349981212e-01
-1.000000000000000000e+00
-1.000000000000000000e+00
1.000000000000000000e+00
7.789290566584088360e-01
-1.671630100396833685e-01
2.129655566060009164e-01
-7.141386809698859750e-01
7.671315086148682294e-01
-1.000000000000000000e+00
4.214662149246418688e-01
-1.000000000000000000e+00
5.067136529849545212e-01
2.082082879920339469e-01
-4.473976761981872663e-01
-4.552206606614616069e-01
1.000000000000000000e+00
1.000000000000000000e+00
-7.864336424866769093e-02
1.000000000000000000e+00
-5.176696729264917973e-01
9.963049858807846437e-01
-6.662980832718047308e-01
1.092025767032644978e-02
8.873158187300161925e-01
-1.000000000000000000e+00
