-1.000000000000000000e+00
-1.388250370623637098e-01
1.000000000000000000e+00
2.297426308118217797e-01
-1.000000000000000000e+00
-3.729063059715125306e-01
-1.394206782048738047e-01
1.000000000000000000e+00
7.209385994752184335e-01
1.000000000000000000e+00
1.000000000000000000e+00
1.000000000000000000e+00
6.425833612965730079e-01
-1.000000000000000000e+00
6.284037518322371785e-01
-1.000000000000000000e+00
6.228636902943696096e-02
-1.000000000000000000e+00
9.419123095382195832e-01
-1.000000000000000000e+00
-9.084912869264469837e-01
-5.440891341841269657e-01
5.524902551094454939e-01
-1.000000000000000000e+00
-3.379416468214639924e-01
-1.000000000000000000e+00
-1.000000000000000000e+00
4.193588629553968161e-01
1.000000000000000000e+00
-4.002861857881567786e-01
-4.612753968410542305e-01
-1.000000000000000000e+00
-8.230743193174117067e-02
5.402102520816109976e-01
2.561681813079393910e-01
4.047503064191333433e-01
-9.582971672000049068e-01
1.000000000000000000e+00
-2.553975252120886941e-01
-1.000000000000000000e+00
8.853301898331411568e-01
-4.987481756109558573e-01
-3.257744918584111193e-01
-1.475796758611254145e-01
-5.291467572980856904e-02
-5.362615344611185719e-01
-1.000000000000000000e+00
4.792391336017373105e-01
5.053160129078728691e-01
1.000000000000000000e+00
1.000000000000000000e+00
-4.028952388741487978e-01
-8.440000784657469834e-01
2.978703929825667895e-01
-9.378344727803039627e-01
1.000000000000000000e+00
4.836629882780207890e-01
8.062727241646603371e-01
-1.000000000000000000e+00
6.568319590462100566e-01
1.000000000000000000e+00
-3.221632161253605853e-01
1.000000000000000000e+00
-3.903680472705517990e-01
7.226136294716991593e-01
-1.000000000000000000e+00
8.453770366389701252e-01
2.277388314648263190e-01
-2.219324972068870139e-01
9.654045281993215433e-01
-1.445251425003295509e-01
9.325831855064684595e-01
-9.635113858420463195e-01
3.848743621548758598e-01
1.000000000000000000e+00
4.850742405269494739e-01
-1.000000000000000000e+00
-1.000000000000000000e+00
-1.373105524712665559e-01
-1.000000000000000000e+00
4.587470746206745442e-01
3.056101984658161630e-01
-1.000000000000000000e+00
-5.512164352572560544e-01
-1.000000000000000000e+00
5.747453627907346263e-01
-1.000000000000000000e+00
1.000000000000000000e+00
1.000000000000000000e+00
3.526538748346139673e-01
-6.158310024588304898e-01
-6.773957605014415684e-01
-1.000000000000000000e+00
1.000000000000000000e+00
9.275724266274061325e-01
-9.223859304231085687e-02
8.670752220217714523e-02
1.000000000000000000e+00
1.000000000000000000e+00
1.000000000000000000e+00
5.235594806571818305e-01
7.597748461485991367e-01
1.000000000000000000e+00
-5.310301902837957222e-01
1.000000000000000000e+00
1.000000000000000000e+00
-2.439436608424286890e-01
3.113365794418632704e-01
-6.829925982781293037e-01
-5.298233284319281422e-01
5.330914596722406973e-01
-1.000000000000000000e+00
9.472090580016082617e-01
2.835634953061222374e-01
-3.345861384532713423e-01
-5.718542150682673908e-01
2.191852878070240374e-01
1.000000000000000000e+00
-1.000000000000000000e+00
-1.000000000000000000e+00
1.000000000000000000e+00
-1.000000000000000000e+00
-4.714806358486001159e-02
1.000000000000000000e+00
1.000000000000000000e+00
7.765929040851569098e-01
1.000000000000000000e+00
1.000000000000000000e+00
8.593269671177473645e-01
-1.000000000000000000e+00
9.065497873230323744e-01
-8.464194414082322204e-01
1.000000000000000000e+00
3.516288633033502475e-01
1.000000000000000000e+00
3.568196906245256761e-01
1.000000000000000000e+00
-4.279430200510289106e-01
6.888806348326587115e-03
1.250068523243919039e-01
-1.000000000000000000e+00
1.000000000000000000e+00
1.000000000000000000e+00
5.190265791716441868e-01
-1.000000000000000000e+00
4.468371570728777442e-01
6.892421795269654261e-01
1.551579355076659894e-01
-1.000000000000000000e+00
-1.697870530291378799e-02
-4.948721733458149030e-01
1.000000000000000000e+00
1.392612198975829996e-01
1.000000000000000000e+00
1.000000000000000000e+00
1.000000000000000000e+00
-1.000000000000000000e+00
6.010662082091438041e-01
-1.687464394648428845e-01
1.000000000000000000e+00
2.933675581818572242e-01
1.000000000000000000e+00
-1.000000000000000000e+00
1.000000000000000000e+00
-1.000000000000000000e+00
1.000000000000000000e+00
-8.985576120073848205e-01
1.000000000000000000e+00
9.950997474617251370e-01
-1.000000000000000000e+00
6.463621566598850565e-01
9.609274998175816318e-01
1.000000000000000000e+00
1.000000000000000000e+00
4.007928812616213810e-01
-5.307930585467426354e-01
1.000000000000000000e+00
1.063607118398013363e-01
-1.000000000000000000e+00
7.440654827811699068e-01
9.647576106479860414e-02
-1.000000000000000000e+00
-4.093447925534710596e-01
1.000000000000000000e+00
-1.000000000000000000e+00
-1.000000000000000000e+00
5.226305873642549393e-01
1.000000000000000000e+00
4.630170202357996034e-01
5.623823312148683584e-01
-9.715749458637278346e-01
-1.000000000000000000e+00
1.000000000000000000e+00
1.847721476369144078e-01
1.000000000000000000e+00
-1.000000000000000000e+00
4.888689726663708601e-01
3.956265325890722107e-01
1.000000000000000000e+00
8.179422161927802915e-01
1.000000000000000000e+00
1.000000000000000000e+00
2.990424829112858784e-01
-2.706559111528455963e-01
8.495459654024317686e-04
-4.196942150963068885e-01
6.925919758335490339e-01
8.580373099978699791e-02
9.758911889701809006e-01
-1.000000000000000000e+00
-8.572712844444011493e-01
-1.000000000000000000e+00
6.952612410109394459e-01
-1.000000000000000000e+00
-4.855929306229492259e-01
5.046278203858250988e-01
6.105891444117222955e-01
4.627436442622678836e-02
9.626039597898370381e-01
-3.019937189980216319e-01
-9.179175609731067276e-01
-1.000000000000000000e+00
1.000000000000000000e+00
-7.232999892493305882e-01
-3.707985682765612134e-01
-4.855133304626446655e-01
4.767113889860358222e-01
9.392242808021500355e-01
-4.478216242833633620e-01
1.000000000000000000e+00
9.851541914228816310e-01
-1.000000000000000000e+00
-6.276148540632611184e-01
-4.622965075033594884e-01
-9.242890728287779245e-01
-4.329440071747091556e-01
-1.000000000000000000e+00
-4.099395748281292606e-01
-2.527456115449211449e-01
-1.000000000000000000e+00
-2.326978999969787631e-01
-3.070343041826005814e-01
-8.566357872384977590e-01
-2.518088959287293482e-01
9.756785081310879182e-01
1.000000000000000000e+00
1.000000000000000000e+00
1.000000000000000000e+00
-4.393120535465686594e-01
9.676327793456180881e-01
-1.000000000000000000e+00
1.000000000000000000e+00
-1.299999594075638143e-01
1.000000000000000000e+00
4.404912592388549042e-01
1.000000000000000000e+00
-6.923193717476605613e-01
3.115565054989939409e-01
1.000000000000000000e+00
-3.873214721684362649e-01
-1.000000000000000000e+00
1.000000000000000000e+00
5.488406289571047258e-01
2.892739625879703347e-01
-2.291711101867786038e-01
