7.509593057254551063e-01
6.081251738903479254e-01
2.265438180142878011e-01
4.886043060267959426e-01
-1.826994722973188656e-01
8.441190206708593102e-01
4.353179651016307328e-01
-3.415199228342791216e-01
-1.000000000000000000e+00
3.722813300446063955e-01
1.000000000000000000e+00
-5.197712654940320753e-01
-1.000000000000000000e+00
-3.484302539100569973e-01
9.077642027062332586e-01
-4.979771554181320337e-01
-9.009321276217854280e-01
4.796808020890508395e-01
-3.960498163729369026e-01
1.158408428888497710e-01
-3.060183457531245876e-01
8.990290263914060276e-01
-2.549313231646925804e-01
5.243804655036503615e-01
6.950929507138381425e-03
1.027410014327654331e-01
-2.961008453921132322e-02
1.134102701325867546e-01
-4.390773878641056616e-01
-8.672102633864999799e-01
7.930029541178833519e-01
-2.817330216981550062e-01
-6.078565922291672141e-01
2.425415419061494049e-01
-7.491270111334474846e-01
-3.632210804452162822e-01
1.880920570098698619e-01
1.000000000000000000e+00
-5.247066693864044229e-01
1.000000000000000000e+00
-4.059944702273787231e-01
2.024539759213084267e-01
-1.000000000000000000e+00
-9.067852863267908958e-01
5.175828833834272835e-01
-6.945323146189026353e-01
-9.856536312435388858e-01
-6.205852638680612321e-01
-1.000000000000000000e+00
-2.601559586425821191e-01
-6.290367285738680536e-01
1.000000000000000000e+00
-7.455377772211182474e-01
-1.134458118477637001e-01
8.358737884024804998e-01
-3.104794817720371025e-01
-6.566860032894232813e-01
9.879432620132362342e-01
3.641497559789599325e-01
1.000000000000000000e+00
-1.302091939403284271e-01
9.318176409795961845e-01
1.000000000000000000e+00
4.188734923696824097e-01
-1.000000000000000000e+00
3.082278482829892141e-01
6.440225684592875144e-01
3.672975310870905119e-01
-4.338794614994612164e-01
-4.334478953540878976e-01
-1.000000000000000000e+00
1.000000000000000000e+00
-4.478176962547015805e-01
-4.734644843564239647e-01
2.811414330602624023e-01
7.606557508192000050e-01
5.148923688645770103e-01
-1.000000000000000000e+00
-2.398179906890087754e-01
-1.627302907766581264e-01
-1.000000000000000000e+00
-4.756785585285281392e-01
-5.559114650332519503e-01
4.346091461616079510e-01
-3.879903790189801471e-01
4.169253114162932983e-01
-1.000000000000000000e+00
-4.828342797946569842e-01
2.084418508562830841e-01
-8.837021367873911792e-01
1.000000000000000000e+00
1.000000000000000000e+00
-9.589799480720979652e-01
1.000000000000000000e+00
-2.708012401560766502e-01
-9.192159336021525906e-01
8.596658178073011136e-01
-8.542343493940527388e-01
1.000000000000000000e+00
-7.743360611840393037e-01
-6.882687203880926141e-01
2.880350194118395102e-01
3.674705324328808587e-01
-8.388641227883031348e-01
1.000000000000000000e+00
-1.000000000000000000e+00
1.000000000000000000e+00
-6.843884550104057940e-01
2.611118844753497203e-01
6.811601806746472310e-01
-3.935283348525444591e-01
3.873265502949871930e-01
-7.424796766897356903e-01
3.697585860726189111e-01
-2.049675972742470709e-01
-2.952328566800138665e-01
7.789480676195883468e-01
8.936292366586218172e-01
1.000000000000000000e+00
8.999910785378983924e-01
-1.000000000000000000e+00
1.000000000000000000e+00
7.074951773632669472e-01
4.000200462499654552e-01
3.472451886860328241e-01
-7.386756131759221189e-01
9.503219579981394549e-01
6.400920581598192882e-01
-4.752631051680267227e-01
1.000000000000000000e+00
1.000000000000000000e+00
8.053959744902527973e-04
-4.927467718008236020e-01
-1.000000000000000000e+00
-5.871317592213283199e-01
4.642879529213930212e-01
-9.752518133238941012e-01
2.769545104319837137e-02
4.345197852055646681e-01
-1.841250308384023704e-02
4.751087811293159269e-01
3.818929967101403200e-01
1.000000000000000000e+00
-6.071282943637499319e-01
-3.298838646038415590e-01
-1.000000000000000000e+00
8.815720974540208754e-01
-8.653314914004777147e-01
-1.000000000000000000e+00
-2.929305273837063961e-01
3.242787188097404627e-01
7.953168448802236945e-01
-1.000000000000000000e+00
5.954629446990444830e-01
-2.185151640185611921e-01
4.385136440795738277e-01
4.568374171838753828e-01
-5.082351538871869856e-01
-6.338625290467053697e-01
-7.848394518684949084e-01
-5.428181666290392560e-01
-8.967509271519347180e-02
1.206258040977183921e-01
-7.017271781005540721e-02
-5.923687868665163947e-01
6.485828789531884464e-01
-1.000000000000000000e+00
9.081559583929341706e-01
3.201958872090848729e-01
2.229793940440030209e-01
9.040635977344756435e-01
-5.244839841414228321e-01
3.780642516931478347e-01
-6.971096504913447678e-01
1.000000000000000000e+00
-3.438455752086679862e-01
-3.806471508154564143e-01
9.883099086508062570e-01
1.000000000000000000e+00
-1.000000000000000000e+00
-1.000000000000000000e+00
7.591581795947202060e-01
-1.937073361774710456e-01
1.000000000000000000e+00
3.060600783564393357e-01
1.000000000000000000e+00
-4.580161648157892174e-01
1.000000000000000000e+00
1.000000000000000000e+00
-4.396142336706754250e-01
-1.000000000000000000e+00
-5.152934967339728445e-01
4.654871973572731747e-01
-1.000000000000000000e+00
5.201472682964978222e-01
9.288057997157068701e-01
-7.088256559591343819e-01
1.000000000000000000e+00
7.128431931610501593e-01
-9.500571899669516540e-01
-1.000000000000000000e+00
-7.957849080306020895e-01
-7.430673359289730051e-02
-1.000000000000000000e+00
-4.311727196345511715e-01
2.164599270618583482e-01
8.052180605859813323e-01
-1.000000000000000000e+00
-1.000000000000000000e+00
-4.870268168206213222e-01
-1.000000000000000000e+00
-8.537087098210331959e-01
3.945879311837583447e-01
1.000000000000000000e+00
-1.000000000000000000e+00
-1.000000000000000000e+00
9.789836144076280444e-01
1.000000000000000000e+00
5.609891285665489224e-01
9.126626814021568945e-01
5.198411940092652062e-01
-8.470209623212698880e-01
4.294756636787091519e-01
3.710860726112971131e-01
-8.671458642971987540e-01
5.711104795321990668e-01
7.059136508690220246e-01
-2.072851538928004445e-01
-2.304515283949906124e-01
7.741038801053732321e-01
2.204107111853947920e-01
-6.226546226450004884e-01
4.998847867359312858e-02
-3.066532808394691889e-01
-3.111979602285329105e-01
-6.045903151259262032e-01
-6.611157028938157154e-01
-2.062296820316622536e-02
-7.406605854336769656e-01
-4.771083282753558752e-01
1.818943210449516790e-01
3.403079310579546490e-01
-1.545675705400206823e-02
-1.000000000000000000e+00
3.109422318017331932e-01
-5.269055250681011771e-01
1.000000000000000000e+00
-2.304499298676116192e-01
7.739513731653622219e-01
-1.000000000000000000e+00
-3.746765303595844809e-01
-2.864123774767695085e-01
9.359939131040428961e-01
-8.498217105255985171e-01
-1.000000000000000000e+00
-3.992578557338433143e-01
3.497819467804894611e-01
-1.248668710116200842e-01
-3.122754142607976346e-01
2.601254415885909665e-01
-4.452549714399319791e-01
1.000000000000000000e+00
7.173755009567522878e-01
8.621950138369371963e-01
4.548794830605948913e-01
