-2.944679029730061792e-01
6.807906081127705900e-01
-3.499337189295905759e-01
-9.583309052222939162e-01
2.869013380235641009e-01
3.761333985371375643e-01
7.247556386014326613e-01
3.865165822827909547e-01
8.372258875531803923e-01
8.715573454746188276e-01
-6.037247353944725781e-01
7.215646225364829025e-01
-7.997241257263170144e-01
-1.956676586972583287e-02
8.384900598068982802e-01
-6.483970245649424147e-01
1.555228403906332435e-01
8.434654489665365240e-01
8.005678324606211316e-01
6.930192610123075969e-01
-5.628633604459618578e-01
5.075491254137267649e-01
9.734571121106860847e-01
8.987641742665810618e-01
3.738969173309363292e-01
-3.297303572326470977e-01
1.418941476615680486e-01
7.059474144742439172e-02
2.704043046704982522e-01
8.901554064757370988e-01
9.787354198988298393e-01
-4.385237246239535036e-01
9.111038874096502038e-01
4.372790928109191455e-01
4.983504661025000004e-01
1.859498483141126535e-01
-3.315976149796542316e-01
8.083694497739128959e-01
-2.032026759303231511e-01
3.140616951334829210e-01
-5.144702626150234881e-01
-1.625935561847584587e-01
-1.867416320931030160e-01
-6.478868550962006978e-01
1.680963000741662050e-01
4.026262761843257820e-01
-5.554823994373347951e-01
-9.926736738666133153e-01
4.508552800209677525e-01
3.565528258925667604e-01
-5.388270464814510774e-01
1.786058356220741050e-01
-7.460701693864131290e-01
9.751471957154962400e-01
3.200703644032869555e-01
3.567181427169971997e-01
-3.560098487102036913e-03
-1.980537645809048453e-01
7.471326506471844819e-01
-2.494817450934783132e-01
6.351084012393912737e-01
4.480622721222005111e-02
-5.229311444979811707e-01
6.483778041247933999e-02
-8.737349244656322789e-01
1.506489279547169602e-01
3.214331357998216898e-01
2.638363691888887530e-01
6.143005045787441887e-01
5.352408106847317271e-01
-4.756438663320203819e-01
-2.958893374359718997e-01
3.873733692186112076e-01
-9.033440652187918474e-02
2.929525661708252127e-01
-6.806643102206062501e-01
-6.954080079820610383e-01
3.239831507415249501e-01
3.304855303940801292e-02
-4.133138908857509897e-01
-6.009798797180627705e-01
6.160770540838800269e-01
2.526939024800856082e-02
-1.861273539773982133e-01
1.388498344829476316e-01
-4.727176470407326025e-01
6.559612772991438856e-01
6.588093777722432431e-01
3.366131189175844973e-01
-1.771828992155140003e-01
9.544015525742606254e-01
-6.643817316866016398e-01
-7.295115472415540925e-01
-1.226232546279939495e-01
-8.466439543926325140e-01
4.417681221929323776e-01
3.988867245682208296e-01
-9.323977950064026299e-01
-4.775847195548603707e-01
-5.634900562047839845e-01
8.566986671864618152e-02
4.803169670136193670e-01
-1.033637726739433660e-02
-6.697437813257627326e-01
-7.883397335097621639e-01
9.599373999672928814e-01
4.491242752525792525e-01
-5.878883241802101978e-01
5.034176106803940343e-01
5.880943006710743770e-01
8.304644290986467059e-01
2.307405302293712435e-01
-2.942367880937357683e-02
-1.600736989727460369e-01
-6.298212897094466189e-01
-7.554879419826887599e-01
4.208857644547361332e-01
-8.838374249215776857e-01
4.126130042473641346e-01
-6.543411916979977594e-01
3.578752003710701235e-01
1.617370106722249012e-01
-5.382188390683106949e-01
9.472367847920586392e-01
-3.056531378328493087e-01
-3.539572493473865933e-01
-5.962342330465135731e-01
-9.733672715221270977e-01
-7.525993332687725967e-01
-1.221501803510156581e-01
-1.761628499190301955e-01
3.920589388314275059e-01
5.009509178101323457e-02
3.322369029616052405e-01
3.624011060968661546e-01
5.739161203539151490e-01
-6.902559431226344966e-01
-4.037515951847201467e-01
6.106535209280949950e-02
1.027052471796658928e-01
-9.076715934626333748e-03
-5.955810048768137577e-01
-2.828113167447205978e-01
3.200355624889481554e-01
-7.819785347807408638e-01
-6.870540471815751449e-01
1.698439710336183683e-01
-9.293014266837116288e-01
1.617220261905139012e-03
7.162178470434603650e-01
9.390211050353181044e-01
-4.623769812427800385e-01
-4.205268521981775365e-02
-7.660078909129506286e-01
-9.426554612882751538e-01
-2.134903770359284358e-01
3.268579166558687188e-01
-8.309873864430972201e-01
-3.213141619308295116e-01
-9.514691606516412214e-01
2.268605104071350631e-01
-8.319170029003517541e-01
2.685421793476840957e-01
6.590065388754553499e-01
-1.821031261969607851e-01
-6.667294882559515745e-01
-8.239466274391855638e-01
1.601463364107993392e-01
-9.551775418893382330e-02
-4.067313614655758691e-01
9.647951768798785910e-01
-3.195905327531147755e-01
-7.106176221421265371e-01
3.492459269962604473e-01
-8.279135524867713425e-01
5.305983649542331815e-01
4.877689314983668645e-02
-4.384402865434653407e-01
3.607052692600545285e-01
-3.722507932002927511e-02
6.406619512733155997e-01
3.593939670511663298e-01
-2.786125767833873557e-01
-8.790361265417820924e-01
-3.398130245925923276e-02
-7.203110672404380299e-01
-4.643713292488262923e-01
-2.451427519571500735e-01
-2.386477613653148477e-01
8.735116129058395629e-02
9.545874107488483418e-02
9.277170712430726773e-02
6.202177180623646979e-01
-7.084607206642434818e-02
4.000347714611063310e-02
4.840912771788612456e-01
-5.190108112977591670e-01
-7.331519642281261184e-01
5.589686093101375874e-01
-7.854298358367648447e-01
-5.830478383112813745e-01
-9.859737650568496381e-01
7.380316343406811974e-02
-3.385626464374824618e-01
-5.326394031792809347e-01
1.316329640425588643e-01
-3.648884477946303662e-01
-9.121549715906742684e-01
-3.250481653342716104e-01
1.629698624733055823e-01
-2.612735905094663025e-01
-7.338045558959804815e-01
6.284584600848714953e-01
4.888303112562051300e-01
7.274996434252922750e-01
4.072719111234797129e-01
6.571139115012163412e-01
2.408726940249532600e-01
-2.531692422745117632e-01
6.626343443718116788e-01
8.774247192011783714e-01
-5.903999598128224502e-01
-4.837198091026597702e-01
8.355682272819466849e-01
-2.205082038342129902e-01
-6.931595855893015745e-01
-2.016576090920219055e-01
1.527274891121808142e-01
-1.511627436254796564e-01
-4.228549326144912524e-01
-5.065823114190206589e-01
-8.035451374162654314e-01
3.017983522198397495e-01
-2.114219549779925433e-01
-6.101781991341008737e-01
9.945930371830082883e-01
2.915784137012942256e-01
-7.261120362125568217e-01
-6.597471166782322705e-01
-2.028573633707611013e-01
-6.415793324008893794e-01
-9.078639588458703447e-01
-5.863486380164852907e-01
9.903126162427211554e-02
-3.974625422332087599e-01
-2.666714093661790574e-01
2.664822180364130322e-01
-9.192553985181604048e-01
4.024022888043110591e-02
9.680759110255885425e-01
-2.242881544045849385e-01
8.656644398962265452e-01
1.039621595581656788e-01
-9.225356805217741485e-01
8.568065540111624578e-02
2.914608747426221669e-01
5.091744553383625860e-01
-7.953476366763045924e-02
-7.741492424696716501e-01
-3.557733137213203722e-01
-3.545697415427091492e-01
9.568343495079927319e-01
5.232371087743670213e-01
9.445434818750428896e-01
-5.924291034344664197e-03
