-1.000000000000000000e+00
-1.847772310787022532e-01
5.112759812289975336e-01
1.530341164757303973e-02
-1.000000000000000000e+00
9.151792996252980927e-01
3.939431989892782093e-01
6.003224764882952869e-01
7.284364107064489335e-01
-8.782841919349728688e-01
1.000000000000000000e+00
-7.923951371321127368e-01
-1.781927481806064861e-01
-6.307589373909929797e-01
8.601013560500402333e-01
8.152992857564875795e-01
-4.256025549071573710e-01
4.146383433735096880e-01
-6.247885026103090489e-01
-5.866362922325851770e-02
4.481680561118523975e-01
1.782959197584979005e-01
-1.000000000000000000e+00
-6.819821595181850826e-01
7.369813284909643158e-02
-2.873173965113828832e-01
-1.000000000000000000e+00
-1.000000000000000000e+00
-8.772456491199029927e-01
2.072907552967806488e-02
2.329537095210694186e-01
-6.537450669235929102e-01
-2.998287357437309231e-01
6.401478922974292995e-01
1.246073957587499059e-01
9.777697981900060897e-01
1.000000000000000000e+00
1.000000000000000000e+00
-5.328478098260789331e-01
-1.000000000000000000e+00
8.463657177035731616e-01
6.377382923946792737e-01
5.051706535423716726e-01
4.498936651680873755e-01
-1.000000000000000000e+00
1.732080607568620145e-01
-1.852358147635307928e-01
-1.762433535311980215e-02
-1.000000000000000000e+00
1.000000000000000000e+00
-6.157485908541815434e-01
-5.094958731057528389e-01
1.000000000000000000e+00
9.368116531035307615e-01
8.740052027364786369e-01
-6.695227398982195322e-01
7.909631440709523620e-01
-8.800751729580003069e-01
3.309352058214232173e-02
-8.429838288947517633e-01
5.723710456135955305e-01
1.000000000000000000e+00
8.514370010803368194e-01
-1.257119330606580598e-01
-2.198951870093639460e-01
-1.000000000000000000e+00
-5.347459150637066116e-01
1.000000000000000000e+00
3.298153624795417405e-01
-5.257374386155470036e-01
1.000000000000000000e+00
8.953797874601887585e-02
-1.140717554454346860e-01
-3.698577429331735278e-01
-1.000000000000000000e+00
1.000000000000000000e+00
-9.297429211192105303e-01
-1.000000000000000000e+00
-4.568655926782806409e-01
7.043506019413009467e-01
7.804892159916538841e-01
1.000000000000000000e+00
-6.935616424187285300e-01
-2.867242732019725793e-01
3.495905463560089466e-02
-1.893396276052954352e-01
6.743545165709514677e-01
-1.000000000000000000e+00
9.594101749411283464e-01
7.438124891451580734e-01
1.000000000000000000e+00
7.466933696242812335e-01
-1.678890202013609834e-01
-5.243130289798894061e-01
-8.105559612477797327e-01
-6.526627579272727964e-01
-6.254827761320160828e-01
-7.089293302303401045e-01
-5.734508938538208644e-01
-1.000000000000000000e+00
-2.107161245974706332e-01
-9.312681994399594210e-01
5.634278856816934411e-01
1.000000000000000000e+00
2.662899831449493937e-01
-4.902508415022747146e-01
-8.286871862914132469e-01
-5.054732747454221409e-01
-8.939041686660076369e-01
-8.236188676275346676e-01
4.818779174758751616e-01
-7.452677566467471593e-01
-5.642853029960164246e-01
3.608902790923383397e-01
-3.696966305327815672e-01
-2.539281408595708278e-01
9.591995515335061118e-01
1.000000000000000000e+00
1.000000000000000000e+00
-4.344433352199104093e-01
-1.442679860262148228e-01
9.589155627683387806e-01
4.034756066924187756e-01
-1.918204344433714903e-01
1.000000000000000000e+00
-4.836334585254755680e-01
4.646849709637114190e-01
-5.331011158087495261e-01
-1.496051939238589590e-01
2.311794292177653531e-01
2.122517471809917122e-01
4.608979913913144322e-01
-3.257071545933187817e-01
-1.000000000000000000e+00
6.235865456611315860e-01
2.180870676503157135e-01
-4.940225269088790450e-01
-2.741757739688512885e-01
-1.000000000000000000e+00
6.747198070204403209e-01
-9.438852604091283460e-01
8.802524777308600168e-01
-7.111939271930767248e-01
1.000000000000000000e+00
-7.620050520339548550e-01
7.412570008471086602e-02
8.031116660472563673e-01
1.000000000000000000e+00
9.676038345466017043e-01
4.866720836364972769e-01
8.620576930737327004e-01
-4.025431746024294988e-01
6.385239657588839268e-01
5.608843450021092636e-01
-1.380562390797379635e-02
9.479127230327748510e-01
4.939081712068384977e-01
-1.024983274778132891e-01
1.000000000000000000e+00
-9.922696873390459693e-01
-2.157924550462089752e-01
-7.061767348668652744e-01
5.703072782867411039e-01
3.439581719019710881e-01
-9.207332814338660132e-01
9.032850284822362408e-01
3.327208927516074333e-01
-1.000000000000000000e+00
-1.000000000000000000e+00
4.267026481880391575e-01
5.104534772493869443e-01
1.104167946372096587e-01
1.000000000000000000e+00
-3.518151093969098531e-01
-2.955025745302601869e-01
-4.902950456681245961e-01
4.882224644274115732e-01
-1.000000000000000000e+00
5.709314026901242123e-01
-9.705160064449305235e-01
-9.293016653513923586e-01
-1.000000000000000000e+00
2.391758961790226845e-01
-3.652488888486893348e-01
-1.803770285531045570e-01
1.655235099413419064e-01
6.600269003378889110e-02
5.243828409228146192e-01
-6.300525336257931652e-01
-3.269944905644162070e-01
9.269675613478584042e-01
6.542481183423781710e-01
-5.832725486515416558e-01
-1.000000000000000000e+00
-6.090549182892039948e-01
-1.858624082224056284e-01
1.000000000000000000e+00
7.026765649153801085e-01
1.432004825493606859e-01
-4.441163963415970528e-01
-6.262149644887431421e-01
4.690028563028658670e-01
-3.805205997012461872e-01
1.000000000000000000e+00
-4.740747436398349279e-01
7.283803814525642295e-01
-3.138482918822215195e-01
1.000000000000000000e+00
1.907416496164404396e-01
-9.646238313762789396e-02
7.728316207802721216e-02
8.355570441132220694e-02
7.569303068279058522e-01
4.741035069484582642e-01
-8.837227858744787223e-01
-1.536351728410078610e-01
-4.989254251748680424e-01
-1.000000000000000000e+00
9.014055800343478975e-01
6.955040290330476438e-01
-2.590715836238585701e-01
7.855089764957552401e-01
2.442799583311423550e-01
9.271478955893706075e-01
3.026106980502358823e-01
3.680841869022341006e-01
-2.867152948168552040e-01
4.033343269880746984e-01
6.300095718922049670e-02
4.255678662062263307e-01
5.683577658359104667e-01
-6.993435336092809207e-01
2.034668905586862753e-01
-1.000000000000000000e+00
8.240481953875888887e-01
-1.000000000000000000e+00
-6.733214606474031694e-01
-6.228382964908476538e-01
-1.000000000000000000e+00
1.000000000000000000e+00
-1.000000000000000000e+00
-8.434295560453497487e-03
1.490929852086972929e-01
-1.000000000000000000e+00
-1.000000000000000000e+00
-1.955383356898573455e-01
3.639099801667211587e-01
1.000000000000000000e+00
6.562901453372669280e-01
-2.289484061419013727e-01
3.767417234381824631e-01
6.344593641374250970e-01
6.120059693997295103e-01
-1.379811592383057839e-01
8.737423778338588853e-01
-1.000000000000000000e+00
-1.294482161627521499e-01
-1.029870700945079154e-01
1.000000000000000000e+00
1.000000000000000000e+00
-1.000000000000000000e+00
-8.461153046895206753e-01
5.057404991038076947e-01
5.752669342987102308e-01
1.688677749152802665e-01
