-9.157217781639861442e-01
2.644231080200174500e-01
4.027976560662820393e-01
-1.000000000000000000e+00
-7.225897044015696657e-01
-1.000000000000000000e+00
1.000000000000000000e+00
-1.000000000000000000e+00
2.214708156949264650e-01
4.263280913316514487e-01
-8.280705432242905228e-01
-1.000000000000000000e+00
8.923876281799625332e-01
9.373808130832611551e-01
-4.877644405237888670e-01
1.000000000000000000e+00
-6.553290608567723385e-01
1.000000000000000000e+00
-9.358090160446381756e-01
3.954682938821216798e-01
-8.843853004915223082e-01
-5.831842221664437220e-01
-1.000000000000000000e+00
1.000000000000000000e+00
-5.627608184249969225e-01
8.427916247270665906e-01
3.508178535273769327e-01
9.843328852232149373e-01
-1.000000000000000000e+00
-1.000000000000000000e+00
-1.000000000000000000e+00
-1.000000000000000000e+00
1.000000000000000000e+00
-4.817856408879560570e-01
-4.787082042595552922e-02
-9.600814326053908054e-02
9.283831938933755357e-01
3.722607842264147315e-02
3.071445682568352264e-01
-6.141968725714785915e-01
-6.009292198566493770e-01
-7.920963208020481705e-01
1.000000000000000000e+00
8.029166317301565936e-01
-9.078309580148458124e-01
-1.000000000000000000e+00
-4.451659075624010420e-01
-1.000000000000000000e+00
-6.269532079254873658e-01
-1.000000000000000000e+00
-5.470111115920555100e-01
-5.105391347011638548e-01
7.702280590952983452e-01
5.896123376096722435e-01
-7.595328909514047488e-01
-9.723091416820188737e-01
6.127846229314628523e-01
-1.000000000000000000e+00
1.000000000000000000e+00
-3.676007399775585993e-01
7.874333701718854162e-01
-5.262801014937488198e-01
2.250542442142833277e-01
3.219805648206199855e-01
-1.000000000000000000e+00
-2.851008889124984069e-01
-1.000000000000000000e+00
1.000000000000000000e+00
-7.043111891594453500e-01
5.485624044433462521e-01
5.270225915360877700e-01
5.551956687339125729e-01
-8.047310298995440370e-01
2.495718335860693804e-01
-4.659633406268655076e-01
-1.000000000000000000e+00
9.324654899927524720e-01
1.000000000000000000e+00
-2.079384830070801771e-01
1.000000000000000000e+00
-1.000000000000000000e+00
3.552570433660779958e-01
-3.548700910650510743e-01
5.467060565849728437e-01
-5.321078745392615605e-02
-1.000000000000000000e+00
2.370573412734588992e-01
-1.000000000000000000e+00
4.597287478766231561e-01
-8.043484687028150670e-01
1.000000000000000000e+00
5.524033283877698430e-01
-7.199157578835689852e-01
9.209292534317545798e-01
-1.000000000000000000e+00
-1.000000000000000000e+00
3.977296753575215726e-01
-4.710512409182365801e-02
5.544341797960019580e-01
-6.858399032802209305e-01
3.715874052277076123e-01
-7.033967258797877431e-01
-3.338626728053524229e-01
-2.394755475377716714e-01
-3.636466802317828151e-01
-4.003323578495310286e-04
-1.000000000000000000e+00
-5.182952292568852037e-01
-9.274301763520811370e-01
1.705968761767016062e-01
-8.801193745929802859e-01
-4.140450107408275016e-01
1.043722478821614424e-01
-1.415226407688592036e-01
8.361251122966684157e-01
6.712548983029132943e-01
-1.000000000000000000e+00
-5.032549765042462209e-01
2.310940503134939483e-02
1.152525811599414141e-03
1.000000000000000000e+00
9.300646058488641899e-01
3.357857055247870370e-02
2.059397974898599659e-01
-1.000000000000000000e+00
-8.702019391533694082e-02
9.778034771660615299e-02
1.000000000000000000e+00
-1.000000000000000000e+00
1.000000000000000000e+00
2.595533065937989381e-01
1.000000000000000000e+00
1.000000000000000000e+00
7.391213821704317732e-02
-1.047671185581644515e-01
-4.374980082486779054e-01
2.820464187804329059e-01
1.000000000000000000e+00
-7.051898905531595041e-02
-9.269969966628781588e-01
1.000000000000000000e+00
6.924370492684568390e-01
8.059023564760827707e-01
-2.152901878295496729e-01
-8.847315533081283601e-01
3.294036472644443769e-01
-6.056269984029152287e-01
1.000000000000000000e+00
2.289505941913287934e-01
-7.101076701675830272e-01
1.000000000000000000e+00
1.000000000000000000e+00
-1.000000000000000000e+00
2.823195838783877920e-01
-1.183040123819538714e-01
-7.536316455943110615e-01
-1.000000000000000000e+00
3.163361318637835096e-01
1.000000000000000000e+00
6.284286211701728408e-02
1.000000000000000000e+00
-8.707437762444788509e-01
4.852611864257039831e-01
4.299756782855039816e-01
-1.862911083878936447e-01
8.053798722389382547e-02
-2.381214027671332278e-01
-4.212983601439941328e-01
3.165892638719991492e-01
1.000000000000000000e+00
1.000000000000000000e+00
-1.645227824881434764e-01
-1.000000000000000000e+00
-6.643256858079332750e-01
-2.501607892565831381e-01
8.833176712134698239e-01
-7.695755667352706109e-01
1.000000000000000000e+00
1.000000000000000000e+00
7.173068694488712316e-01
-1.000000000000000000e+00
5.534905173968145409e-01
8.541545784919590822e-01
9.128433901408501416e-01
-1.000000000000000000e+00
1.000000000000000000e+00
-5.164385939234374945e-01
-1.888978823987090827e-01
1.000000000000000000e+00
1.000000000000000000e+00
-4.254422608524373040e-01
-1.942813327874244322e-01
2.838373607403649190e-01
1.000000000000000000e+00
1.442466297777493800e-01
1.000000000000000000e+00
3.164659841981327659e-01
1.000000000000000000e+00
5.024287845383907936e-01
-3.562015122252529808e-01
6.890059039514269124e-01
-1.000000000000000000e+00
-1.000000000000000000e+00
-5.639016291470034803e-01
-7.539525150789854191e-01
-8.355600857398959302e-01
-1.000000000000000000e+00
2.523264849293839207e-01
-7.037833308398475651e-01
3.462292214463962292e-01
-1.000000000000000000e+00
-1.000000000000000000e+00
9.653248770214134522e-01
8.501453741442035472e-01
1.000000000000000000e+00
-2.571849925093763201e-01
4.906987265253923147e-01
1.000000000000000000e+00
1.000000000000000000e+00
-3.079941831121246754e-01
7.494043551266477143e-01
-7.253643395635596125e-01
4.498340312720718881e-01
1.000000000000000000e+00
-4.190920460414959692e-01
-2.763725384120526707e-01
-2.573842175471093285e-01
-1.000000000000000000e+00
7.586228988663518136e-02
1.997175013550254175e-01
-3.340808935544022362e-01
-7.128688874609145909e-02
-5.702012269576101078e-01
1.600812004041058945e-01
4.044530733120411115e-01
1.000000000000000000e+00
-1.634058441522311111e-01
5.319922496140421231e-01
-4.027114537502582969e-01
-7.086373227649849227e-01
6.751892741342981896e-01
-1.000000000000000000e+00
3.703895395350254027e-02
-4.772490356053715743e-02
7.288263458668345907e-01
1.000000000000000000e+00
-9.991402112582830064e-01
1.000000000000000000e+00
6.236863427118890524e-01
-1.449916709306116047e-01
6.198105674312750502e-01
5.663723911110051246e-01
7.857619817564621689e-01
8.029509471427498379e-01
8.977763634206430421e-01
-1.000000000000000000e+00
1.000000000000000000e+00
-6.546523875443654994e-02
1.000000000000000000e+00
-1.000000000000000000e+00
2.181097979217030691e-01
1.000000000000000000e+00
6.435186460904787076e-01
-1.000000000000000000e+00
4.199078603017606937e-01
