-4.892953461802271864e-01
6.293755746453073563e-01
7.184599988465777409e-01
4.235090034346411514e-01
6.322974892421855397e-01
-2.985978798282115099e-01
-1.662105671024305398e-01
-2.111365339724022849e-01
7.563993337722718646e-02
7.423764049264245379e-01
1.000000000000000000e+00
-1.717981660499457441e-01
3.645067802995825001e-01
-1.000000000000000000e+00
-5.115396744511147009e-02
-6.235090160860090602e-01
-7.431918477134866752e-01
-1.000000000000000000e+00
1.000000000000000000e+00
1.066536955294392630e-01
-1.000000000000000000e+00
-1.000000000000000000e+00
-8.840998180441717036e-01
1.000000000000000000e+00
-5.360542699789427878e-01
2.459180645507317575e-01
4.859300051803844833e-01
-1.000000000000000000e+00
-1.000000000000000000e+00
1.000000000000000000e+00
5.884438744018782863e-01
-1.549285089769009693e-01
1.088653581151923788e-01
-1.000000000000000000e+00
-9.546043508340711359e-01
-1.000000000000000000e+00
4.876916103432022975e-01
-1.000000000000000000e+00
2.312083400664497468e-01
3.293540183418930400e-02
8.554316296499016037e-01
4.704079594008783172e-01
-4.465519971812614841e-01
5.691402913667387153e-02
8.479191423355866286e-01
-1.000000000000000000e+00
-1.000000000000000000e+00
-1.000000000000000000e+00
-2.771133065359004943e-01
-1.000000000000000000e+00
-1.000000000000000000e+00
-1.144376610778546910e-02
-8.060543765625987067e-01
1.000000000000000000e+00
6.082420443880139915e-01
4.377644670418996409e-01
-1.000000000000000000e+00
1.871376594117000192e-01
-6.747710457306459464e-01
8.141472110719762956e-01
9.790000472576709800e-01
1.000000000000000000e+00
-1.000000000000000000e+00
-7.526409036900303384e-01
-1.101953678113058860e-01
1.000000000000000000e+00
-2.629664880795705706e-01
-1.000000000000000000e+00
-1.000000000000000000e+00
1.000000000000000000e+00
7.827592196990051931e-01
-1.000000000000000000e+00
1.128316261404613829e-01
1.000000000000000000e+00
-2.669058896461653507e-01
-7.076235825683387937e-01
2.618099689177755263e-03
5.908989061078335769e-01
1.000000000000000000e+00
-5.649501917996357925e-01
-6.905900660392401136e-01
1.000000000000000000e+00
-1.051758987506645204e-01
3.420736403323844099e-01
1.000000000000000000e+00
1.000000000000000000e+00
9.369222231082976471e-01
-4.334717744628148184e-01
-8.359643471714938157e-01
1.000000000000000000e+00
1.000000000000000000e+00
9.908221834018864360e-01
1.000000000000000000e+00
-4.098134574341886771e-01
4.443413059931027864e-01
-3.340129657708184041e-01
7.120804436404277737e-01
-1.000000000000000000e+00
6.785924628692823202e-01
-9.886500629147285668e-01
2.835815857563828146e-01
1.000000000000000000e+00
-7.757296445836758814e-02
1.000000000000000000e+00
1.000000000000000000e+00
1.000000000000000000e+00
5.334226580414902497e-02
1.703739389747502830e-01
1.000000000000000000e+00
7.853802159639229341e-01
4.124809635020461052e-01
6.766867646064141928e-01
-5.184673116378615276e-01
-1.971751500124951928e-01
1.000000000000000000e+00
4.563680934533489442e-01
-1.000000000000000000e+00
-2.109867476181849222e-01
1.000000000000000000e+00
-9.414349368459528078e-01
1.000000000000000000e+00
3.512804602770380202e-01
-1.528790847552010668e-01
-2.034108949470729844e-01
1.000000000000000000e+00
-7.616261625517670719e-01
2.639462366390213921e-01
1.000000000000000000e+00
-6.194261835311787312e-02
-7.037097186366336743e-01
4.641594551103140343e-01
-5.406686477570632476e-01
4.773891406786134328e-01
-1.000000000000000000e+00
-3.660433202764070693e-01
-4.447698149274210144e-01
1.000000000000000000e+00
1.000000000000000000e+00
-1.259367810119356168e-01
-9.173855884128496729e-01
-1.000000000000000000e+00
1.000000000000000000e+00
6.942643704961579676e-01
-7.895489421862689206e-01
-1.000000000000000000e+00
-1.000000000000000000e+00
-5.899599230245751169e-01
-2.912687913666754391e-01
6.571130469018189313e-01
-1.935316908098256850e-01
-5.529712491763926208e-01
-4.517268310696833655e-01
1.000000000000000000e+00
1.000000000000000000e+00
-3.872820659396041254e-01
-4.708637775491900102e-01
1.000000000000000000e+00
1.000000000000000000e+00
-1.000000000000000000e+00
-8.637291743169210889e-01
5.942498719535573848e-01
7.888514889618489789e-01
-6.429068604650565177e-01
-7.900249410591657639e-01
8.652193817027136191e-01
-1.000000000000000000e+00
1.000000000000000000e+00
-1.000000000000000000e+00
9.937171909963892213e-01
-3.804043177485429972e-01
-3.884556025330422324e-01
-1.000000000000000000e+00
-1.496755304612107373e-01
-1.452210658331085646e-01
7.363574827965201353e-01
7.112195175298625660e-01
-4.499998495102641716e-01
4.143254167586034042e-01
-2.396588072361196531e-01
1.000000000000000000e+00
1.000000000000000000e+00
-5.747987637750515688e-01
5.929109563030343644e-01
1.108833955572121610e-01
7.307242030167506730e-01
-1.000000000000000000e+00
-3.271690234983563039e-01
1.000000000000000000e+00
9.365519897588159282e-03
-4.696248149647008763e-02
6.812643533781157501e-01
4.230744458422730503e-02
5.954293632624718668e-02
1.000000000000000000e+00
-1.000000000000000000e+00
-5.750801441250885659e-01
1.543274859334053950e-01
8.514393264358544045e-02
8.791395208798393757e-01
-2.953798776893734601e-02
-2.477165446449489661e-01
7.436688115882439387e-01
8.332106393750700057e-01
1.000000000000000000e+00
-8.090806920590727369e-01
-1.000000000000000000e+00
9.363237612561320367e-01
7.023412700003834885e-01
-9.593502629532528747e-01
-6.002875698971424923e-01
4.717342280023881784e-01
-3.278612711719641748e-01
1.000000000000000000e+00
-3.258498987696356597e-01
1.000000000000000000e+00
-1.000000000000000000e+00
-1.000000000000000000e+00
-1.000000000000000000e+00
3.609834690739376351e-01
4.554975430321193119e-01
-1.000000000000000000e+00
1.000000000000000000e+00
-1.000000000000000000e+00
-4.174268886395835487e-01
-1.000000000000000000e+00
1.602617698358296261e-01
-7.455255388721044874e-01
-4.760585202564604490e-02
8.051902222732401082e-01
6.882562440419606187e-01
8.432064058370043469e-01
-7.268337098028772036e-01
1.000000000000000000e+00
1.000000000000000000e+00
-1.000000000000000000e+00
-5.416940085923499515e-01
1.000000000000000000e+00
-7.906616202874439114e-01
3.171222659265218180e-01
1.000000000000000000e+00
1.000000000000000000e+00
8.314671790786776207e-01
7.434227589346065201e-01
8.458424323969737646e-01
9.050714487061053415e-01
-1.000000000000000000e+00
1.000000000000000000e+00
5.467112884165560294e-01
-1.000000000000000000e+00
-3.543292384140035445e-01
9.208905697443827698e-01
3.707308922690398800e-01
9.434495115170864477e-01
3.752590004438507432e-01
-1.000000000000000000e+00
-1.000000000000000000e+00
-1.964169811824578726e-02
-8.078470529625531027e-01
-5.678469765009268588e-01
1.000000000000000000e+00
4.863445071562790822e-01
-1.000000000000000000e+00
1.000000000000000000e+00
4.774964658822498098e-01
5.603982460171553770e-01
