1.959609102375629019e-01
1.000000000000000000e+00
1.000000000000000000e+00
4.393663677035153370e-01
5.337644146645419418e-01
-1.000000000000000000e+00
9.969745888726977423e-02
1.000000000000000000e+00
6.476312218941564502e-01
-1.000000000000000000e+00
-6.511095764445942180e-01
-3.189188206672525228e-01
-1.355015482556372886e-01
3.057039557449758860e-01
5.902217816077333090e-01
-1.000000000000000000e+00
-1.637219465351162917e-01
-1.000000000000000000e+00
9.523666663613700178e-01
-6.167297312998726300e-02
-3.081181209850982761e-01
1.000000000000000000e+00
1.000000000000000000e+00
-1.000000000000000000e+00
3.160635967377892208e-02
1.000000000000000000e+00
-6.204121408522060843e-01
-1.000000000000000000e+00
1.000000000000000000e+00
-4.751420890801045793e-01
1.000000000000000000e+00
-5.020695792581251204e-01
1.000000000000000000e+00
1.000000000000000000e+00
7.558166695896715304e-01
-1.000000000000000000e+00
3.188528493934456032e-02
-1.000000000000000000e+00
-4.494985186458643200e-01
1.789680128616595312e-01
-1.000000000000000000e+00
-1.160429089648662426e-02
3.274285369803375811e-02
-4.064807046310745520e-01
2.461711313232481935e-01
-8.001803397690462338e-01
1.000000000000000000e+00
-1.000000000000000000e+00
-1.000000000000000000e+00
-7.474307210559751891e-01
7.632029468756083013e-01
1.000000000000000000e+00
9.265464887345327138e-01
1.000000000000000000e+00
-1.000000000000000000e+00
2.245861432419904435e-01
7.045382231938301931e-02
-7.671475108456308201e-01
1.000000000000000000e+00
-9.021284640153856560e-02
-1.932470492396721751e-01
-6.536116183884010944e-01
-9.723063758282080027e-02
1.000000000000000000e+00
1.000000000000000000e+00
-6.165160917000194196e-01
-1.000000000000000000e+00
-1.000000000000000000e+00
-1.000000000000000000e+00
-1.000000000000000000e+00
2.765286840581517858e-01
-1.000000000000000000e+00
-1.000000000000000000e+00
-3.477163069238732307e-01
1.000000000000000000e+00
3.272227499505800941e-01
-9.012236674026118388e-01
2.253318425822102844e-01
1.000000000000000000e+00
-1.000000000000000000e+00
6.381553520958986869e-01
-9.938759282306569576e-01
-1.000000000000000000e+00
-9.323005535168285007e-01
-1.000000000000000000e+00
1.000000000000000000e+00
2.617071800324287101e-01
-3.385356449232133080e-01
-1.000000000000000000e+00
3.772438979576860918e-01
7.474820152888987934e-01
-1.000000000000000000e+00
-1.000000000000000000e+00
7.213549618430223909e-01
1.000000000000000000e+00
-1.000000000000000000e+00
-6.844742021610986105e-02
-5.365822342860212535e-01
1.000000000000000000e+00
-5.630055131864597495e-02
-8.033075300959729992e-01
1.000000000000000000e+00
3.083283322304950502e-01
1.000000000000000000e+00
1.000000000000000000e+00
1.000000000000000000e+00
-9.529659340668140688e-01
-9.682377904114939371e-01
-4.621770144453776208e-01
5.537901812867460638e-01
-1.000000000000000000e+00
-1.452487626235721141e-01
1.000000000000000000e+00
-4.353188054543972174e-01
5.942448431345916937e-01
4.735006133658874461e-01
1.000000000000000000e+00
3.931287349552540222e-01
-1.000000000000000000e+00
2.730030430473084357e-01
2.678569535947727953e-01
1.000000000000000000e+00
1.000000000000000000e+00
4.035992349665196155e-01
1.000000000000000000e+00
-1.000000000000000000e+00
-1.000000000000000000e+00
1.000000000000000000e+00
-1.000000000000000000e+00
1.000000000000000000e+00
7.773594092600983885e-01
9.293642658900821973e-02
1.000000000000000000e+00
-3.783593615391387388e-01
3.450885987893458906e-01
-7.245141174110427684e-01
4.318735569659485907e-01
-3.012916482682835295e-01
-7.096368764670507590e-01
9.286145996157884053e-01
4.948947740402054318e-03
1.000000000000000000e+00
-1.000000000000000000e+00
-1.000000000000000000e+00
9.904688744485845575e-01
1.000000000000000000e+00
7.434734511098179954e-01
-1.000000000000000000e+00
1.725127224126290493e-01
-7.622557836159844502e-01
-1.000000000000000000e+00
-5.114924994007705727e-01
-1.000000000000000000e+00
1.000000000000000000e+00
-6.944554208755924218e-01
-5.334110878300541980e-01
3.461960866711528695e-01
-5.379618813576628189e-02
1.693046408525663571e-01
-1.000000000000000000e+00
-1.000000000000000000e+00
1.000000000000000000e+00
1.000000000000000000e+00
-5.559084184543303664e-01
1.465809242234441534e-01
-2.018323444970661074e-01
-7.898213876897275387e-01
-1.000000000000000000e+00
-1.787161402754109951e-01
1.000000000000000000e+00
-9.898192275572376131e-02
-3.791742782287365054e-01
-7.934342065422569368e-01
-2.554643616989937804e-02
-1.713302747641186619e-01
-1.000000000000000000e+00
1.000000000000000000e+00
-3.028620882473873621e-01
4.690070511037265355e-01
-1.000000000000000000e+00
-6.224380470281014599e-01
-1.000000000000000000e+00
-1.000000000000000000e+00
-9.256977648506499179e-01
-1.047111270684256690e-01
-1.000000000000000000e+00
-6.709245702088539876e-01
-6.988109637703779908e-01
9.948826714652005965e-01
-1.000000000000000000e+00
-6.623527155135138234e-01
6.526207983479892505e-02
1.000000000000000000e+00
-4.790879322083041458e-02
1.000000000000000000e+00
1.000000000000000000e+00
7.398525179215191816e-01
-1.000000000000000000e+00
1.000000000000000000e+00
6.451599805260999076e-01
1.000000000000000000e+00
1.000000000000000000e+00
3.860689629498945674e-01
-2.632664796432189203e-01
1.000000000000000000e+00
-1.375618729709793264e-02
8.717670026305192055e-01
-4.972732610359928418e-02
-5.730629126565958131e-01
-1.000000000000000000e+00
-7.056751667036258446e-01
1.000000000000000000e+00
-1.000000000000000000e+00
6.374003990051274604e-01
-5.295799706770127901e-01
9.624197856022391750e-01
-1.000000000000000000e+00
5.881959998824568547e-01
-3.122224970206531891e-01
5.324360927873554861e-01
7.338864719543247706e-01
-9.262765146301983332e-01
1.000000000000000000e+00
1.792658655914282084e-01
1.000000000000000000e+00
-1.000000000000000000e+00
1.000000000000000000e+00
1.000000000000000000e+00
4.277604744744011867e-01
1.000000000000000000e+00
3.092844129048449853e-01
-2.540605460835245744e-01
1.000000000000000000e+00
4.037109755904148001e-01
-1.443645941472477823e-01
-1.000000000000000000e+00
-3.351610079735674597e-01
1.000000000000000000e+00
5.535299926821164451e-01
1.000000000000000000e+00
1.000000000000000000e+00
6.855133739361918277e-01
-6.269425141678577340e-01
-8.752617406794864774e-01
1.000000000000000000e+00
8.343071476848634704e-01
5.260602415553842226e-01
1.000000000000000000e+00
1.472130582791771058e-01
-6.518984557249059009e-01
-1.268776432911266072e-01
-1.000000000000000000e+00
2.111417966207440600e-01
-8.643531774784376509e-01
-1.000000000000000000e+00
-1.000000000000000000e+00
-1.000000000000000000e+00
-5.631141674025661459e-01
6.716948432263425417e-02
7.569408290114862936e-01
-4.575115234850917201e-01
-1.000000000000000000e+00
1.000000000000000000e+00
-1.000000000000000000e+00
9.072637563762300239e-01
