-1.000000000000000000e+00
4.181361979744382396e-01
3.179899205252318950e-01
1.000000000000000000e+00
-7.172301829956262420e-02
-1.000000000000000000e+00
1.000000000000000000e+00
1.000000000000000000e+00
9.461810808798110095e-01
5.280137182466466683e-01
1.000000000000000000e+00
-8.755343377550321993e-01
-5.939184431425880151e-01
1.000000000000000000e+00
1.000000000000000000e+00
1.000000000000000000e+00
-2.404460664100199763e-01
-5.708766428718331509e-01
-5.393991256314552007e-01
8.050492681334557865e-01
-1.000000000000000000e+00
1.095192366436779086e-01
3.159526466155493374e-02
-4.881768211060816265e-01
-1.000000000000000000e+00
1.212697258634444775e-01
-2.021016265021336467e-01
9.759067204582915211e-01
1.973227861899488067e-01
-9.113459199658295873e-01
1.000000000000000000e+00
8.583463181050665636e-01
3.224167102475618552e-01
1.000000000000000000e+00
2.702702743942941854e-01
8.505731814556201087e-01
2.302723640036373753e-01
1.000000000000000000e+00
4.278993180475438862e-01
-7.911694367526770355e-01
1.000000000000000000e+00
7.523921210578010665e-01
1.000000000000000000e+00
5.373844485809702309e-01
1.000000000000000000e+00
-2.889056239983227581e-01
-7.454519938184939187e-01
-2.380916577901162068e-01
-7.483991479273258696e-01
-8.817726593301675186e-02
-6.344277085330626287e-01
1.000000000000000000e+00
-2.249311492935606172e-01
-5.822357263179980258e-01
8.155788543649666877e-02
5.196833478592386424e-01
-1.000000000000000000e+00
4.995886896631773766e-01
6.467944678121085866e-01
2.800942797563939490e-01
9.559291215165248712e-01
-1.000000000000000000e+00
-9.266515308108342897e-01
-1.000000000000000000e+00
-1.000000000000000000e+00
1.000000000000000000e+00
6.475622252800388168e-01
5.957675476303856410e-01
-3.950737142685459835e-01
1.000000000000000000e+00
-8.009272335996090453e-01
-2.478853999780901152e-01
-4.979952075125994582e-01
1.000000000000000000e+00
-1.000000000000000000e+00
-8.221256006905377500e-01
-1.000000000000000000e+00
7.887015763614220187e-01
-4.200449080394454970e-01
4.458013234362093735e-01
-3.969165873226510044e-01
1.000000000000000000e+00
7.160550282982257597e-01
6.200606159716270938e-02
-7.074981936273341265e-01
-1.000000000000000000e+00
7.889998347661393296e-01
8.029810488025250770e-01
-1.000000000000000000e+00
-1.000000000000000000e+00
-1.000000000000000000e+00
-4.825268933081152678e-01
1.000000000000000000e+00
-1.821967097776573952e-01
-1.000000000000000000e+00
-5.555219335426956340e-01
3.657993820147918962e-01
1.000000000000000000e+00
1.402088364242881635e-02
7.139888533939320325e-01
6.447679169088870177e-01
-8.220726511119549329e-01
-4.457537889941718956e-01
-1.000000000000000000e+00
-3.581079655406699813e-01
1.000000000000000000e+00
6.724098144312511405e-01
-4.523113965933938663e-01
4.334713597703740984e-01
6.375666543292375366e-01
-1.000000000000000000e+00
9.996058552911257777e-01
-1.000000000000000000e+00
5.784139689641399906e-01
-1.000000000000000000e+00
-2.644547680351279073e-01
-1.000000000000000000e+00
7.791219659809472953e-01
1.000000000000000000e+00
-1.000000000000000000e+00
-1.000000000000000000e+00
1.000000000000000000e+00
-1.805338590152438805e-02
1.135453786583462410e-02
-1.000000000000000000e+00
6.751259197390484523e-01
-1.000000000000000000e+00
8.145226322408600783e-01
4.927037179941899936e-01
-1.000000000000000000e+00
-4.314976440319306383e-01
1.000000000000000000e+00
-2.275698017895972924e-01
3.202094921545861617e-02
6.687224739699781928e-01
4.614156760926773071e-01
1.000000000000000000e+00
-1.531768215485442841e-01
-1.000000000000000000e+00
-2.982674616543153912e-01
3.131894500526894998e-01
1.000000000000000000e+00
2.523164948774864746e-01
-1.000000000000000000e+00
3.017810938119221964e-01
-1.000000000000000000e+00
5.568469829265264570e-01
3.287789920116001019e-01
-1.000000000000000000e+00
2.243786613222116255e-01
6.650234546745213970e-01
-1.000000000000000000e+00
-2.428455565346780975e-01
1.000000000000000000e+00
-1.000000000000000000e+00
8.787304748777937657e-01
1.000000000000000000e+00
3.670139011040989274e-01
-2.924323302592910512e-01
3.013239009783779121e-01
1.000000000000000000e+00
8.589359484199288186e-01
-1.000000000000000000e+00
-1.000000000000000000e+00
1.204164414944225436e-03
8.031647475021582716e-01
1.000000000000000000e+00
-1.000000000000000000e+00
4.853465009153828391e-01
1.665860748402305802e-01
1.000000000000000000e+00
-1.284148628921557567e-01
9.786373609707036403e-01
3.616034350850969581e-01
9.523139545181930066e-01
-9.024689846643796365e-02
6.554146768813546853e-01
4.697301277018250953e-01
-1.000000000000000000e+00
9.761384895853920662e-01
1.000000000000000000e+00
7.014548502668472851e-01
2.591016586758780882e-01
8.807970213266707038e-01
1.000000000000000000e+00
4.250404337971794844e-01
-1.000000000000000000e+00
1.000000000000000000e+00
1.000000000000000000e+00
-1.000000000000000000e+00
-1.054204211683792414e-01
1.000000000000000000e+00
4.134520888193202737e-01
-1.000000000000000000e+00
7.176964644859229470e-01
5.144633360146150247e-02
3.821248405668606352e-01
-1.000000000000000000e+00
-6.849119088428121671e-01
1.000000000000000000e+00
1.000000000000000000e+00
-6.442552924753667254e-01
-1.091246101727418871e-01
-5.674659288833501236e-01
-3.660488513097315266e-02
-1.000000000000000000e+00
4.704546124845458976e-01
-1.000000000000000000e+00
1.000000000000000000e+00
3.998658870391545439e-01
-4.509410142406846678e-01
-1.000000000000000000e+00
-1.000000000000000000e+00
4.451778919918765731e-01
-5.743030667891197982e-01
-1.000000000000000000e+00
1.000000000000000000e+00
3.343950999027152093e-01
1.000000000000000000e+00
-4.186652178508954991e-01
-1.000000000000000000e+00
1.000000000000000000e+00
-1.000000000000000000e+00
1.000000000000000000e+00
9.214154525509830052e-01
-2.727591166322520522e-01
-6.179412642754946727e-01
1.000000000000000000e+00
9.095211553850550690e-01
-4.972101070854753058e-01
-1.000000000000000000e+00
6.138561197828746874e-01
5.088724708889527104e-01
-1.000000000000000000e+00
4.341664733814583066e-01
-9.499565364986208849e-01
-1.000000000000000000e+00
-6.376111906666759310e-01
-1.000000000000000000e+00
-2.911660717400874621e-01
-1.000000000000000000e+00
6.476750695639887923e-01
7.488233530785082248e-01
-3.561692967278691224e-01
9.507392843081241551e-01
1.000000000000000000e+00
-5.916399366630979983e-01
1.000000000000000000e+00
-6.737896696953223907e-01
-1.000000000000000000e+00
1.000000000000000000e+00
6.403275812826227931e-01
1.261354727723623670e-01
1.000000000000000000e+00
7.277738839752911915e-01
-1.016124423550344158e-01
-7.457497991037982665e-02
6.661662029817251307e-01
8.426331596197564888e-01
1.000000000000000000e+00
-3.532992572920729546e-01
-1.000000000000000000e+00
6.758424765621495744e-02
1.381371081388353961e-01
-9.020869090447065641e-01
