1.000000000000000000e+00
1.304259747743994335e-01
1.000000000000000000e+00
-5.715777406318667264e-01
-1.000000000000000000e+00
6.400813391467191638e-01
1.000000000000000000e+00
1.000000000000000000e+00
-1.000000000000000000e+00
-8.101061014606648625e-01
1.001400107289304175e-01
5.228731080332654768e-01
-1.000000000000000000e+00
-4.075822583331157878e-01
-1.000000000000000000e+00
1.000000000000000000e+00
-1.000000000000000000e+00
-5.414832809438290262e-01
-4.418429535109280604e-01
-1.000000000000000000e+00
-3.351401317334649077e-01
-5.442443839635191516e-02
-3.675986976067980860e-01
1.000000000000000000e+00
6.894949058534334263e-01
-6.377773763177674304e-01
4.187912632564277926e-01
1.000000000000000000e+00
-4.668689099460334169e-01
1.000000000000000000e+00
-8.221660285921724709e-01
1.000000000000000000e+00
8.690017914035075286e-01
-8.585592873332847930e-01
-4.199448663833397766e-01
3.402043214615824152e-01
-3.150203190959024457e-01
-1.000000000000000000e+00
1.000000000000000000e+00
-7.263740613711748839e-01
-8.901804680029397066e-01
9.247121722018167844e-01
-7.798694951042280943e-01
8.133528806100013275e-01
5.155163858652316300e-01
1.000000000000000000e+00
-1.000000000000000000e+00
-1.000000000000000000e+00
1.000000000000000000e+00
-1.000000000000000000e+00
9.594391825441719313e-01
-8.753859005782106406e-01
6.546039677651360744e-01
9.884687760531009060e-01
-7.474315982717013584e-01
-3.814832042085293251e-01
-1.000000000000000000e+00
-1.000000000000000000e+00
-1.000000000000000000e+00
6.741168515660781457e-01
8.941199857924408967e-01
5.792835188654159584e-01
-1.986320466090744086e-01
1.000000000000000000e+00
-5.582770557557359403e-01
-1.000000000000000000e+00
1.000000000000000000e+00
8.844345820631568378e-01
9.596511713236802743e-01
-1.000000000000000000e+00
5.735626598846619295e-01
1.000000000000000000e+00
1.000000000000000000e+00
1.000000000000000000e+00
-3.984249488388491023e-01
-7.843514713114982384e-02
-2.508640968948663286e-01
1.000000000000000000e+00
-1.000000000000000000e+00
1.000000000000000000e+00
-2.152756241753350785e-02
8.664018893329187287e-01
-1.000000000000000000e+00
-1.000000000000000000e+00
-1.000000000000000000e+00
-1.000000000000000000e+00
3.852934258043844151e-01
-1.023813339767312147e-01
-1.000000000000000000e+00
-1.000000000000000000e+00
-5.342909871823272594e-01
-4.434493931140024436e-01
-4.315093333560559574e-01
1.000000000000000000e+00
1.560815934438725128e-02
-3.312571205389811535e-01
1.000000000000000000e+00
-1.000000000000000000e+00
7.142235286093157054e-01
-9.611418419964421478e-01
-7.554905583694188076e-02
1.000000000000000000e+00
-1.963597723678844886e-02
1.000000000000000000e+00
-1.932762298755444363e-02
6.177899454753317254e-01
1.000000000000000000e+00
-2.774768208027371674e-01
1.000000000000000000e+00
-9.081990198701910266e-01
1.583723859114968269e-01
-1.577406562983929006e-01
9.117328314339854245e-01
-3.521752006962688974e-01
6.418617332850553581e-01
1.000000000000000000e+00
2.788476577366301168e-01
5.496224868326760049e-02
1.000000000000000000e+00
4.782604808104798932e-01
-5.506277618199064694e-01
6.288741653165177414e-01
1.000000000000000000e+00
-2.876958146213993706e-01
7.680091281867650332e-01
-5.138274268419278368e-01
9.487517444533466460e-01
-6.874348709610145214e-01
-1.000000000000000000e+00
8.150585790643779527e-01
7.743760479421207821e-01
-1.000000000000000000e+00
5.171270364137304787e-01
-1.000000000000000000e+00
-6.420877611571595978e-02
-1.000000000000000000e+00
6.661538723367835813e-01
-5.681385621739287739e-01
1.000000000000000000e+00
1.000000000000000000e+00
1.000000000000000000e+00
-6.580565754905021159e-02
-1.000000000000000000e+00
-1.000000000000000000e+00
-1.000000000000000000e+00
1.000000000000000000e+00
1.000000000000000000e+00
1.000000000000000000e+00
6.530721816233253652e-01
-1.000000000000000000e+00
-1.000000000000000000e+00
-3.118390319794596133e-01
-1.000000000000000000e+00
-1.000000000000000000e+00
1.000000000000000000e+00
6.026242788713036536e-01
-9.568106397249672712e-01
-4.725600282008830533e-01
-1.000000000000000000e+00
-6.135685566028107329e-01
-1.000000000000000000e+00
8.336223620495922804e-01
2.388353642138033861e-01
-1.000000000000000000e+00
-6.308471683681845521e-01
-1.000000000000000000e+00
5.048133713332960681e-01
-9.591776697021415776e-01
-1.000000000000000000e+00
-1.000000000000000000e+00
-4.085581271072704634e-01
-1.000000000000000000e+00
-1.000000000000000000e+00
-7.656809991954049988e-01
1.000000000000000000e+00
-1.000000000000000000e+00
-9.262856886394742473e-01
5.120094086009570056e-01
7.663438524802244078e-01
-1.000000000000000000e+00
-1.000000000000000000e+00
-9.580450909806763615e-01
-4.844592171140454928e-02
-1.000000000000000000e+00
-9.852871756127357106e-01
-2.445494465616759872e-01
3.661898041335441834e-01
3.689333685762500314e-01
-9.829947735300355038e-01
1.864041341109951011e-01
-5.478610974029396452e-01
-1.000000000000000000e+00
-9.998654693312154507e-01
4.050944041983556843e-01
1.000000000000000000e+00
2.107644367037448951e-01
1.000000000000000000e+00
8.308966155256007902e-01
-1.547764122872744563e-01
-6.920683487952710156e-01
-1.000000000000000000e+00
-8.008576679944634513e-01
-1.000000000000000000e+00
6.818348319672912217e-01
1.000000000000000000e+00
2.826042479573642741e-01
-3.011977690810374031e-01
-1.000000000000000000e+00
7.094159437421037051e-01
5.662524646520744609e-01
7.871246108252905049e-02
-4.763747537950350219e-01
1.000000000000000000e+00
-1.000000000000000000e+00
9.113371827966865180e-01
1.000000000000000000e+00
-6.966418088071802961e-01
8.329048019672176117e-01
4.460210591959750115e-01
7.886148236088048602e-01
-1.000000000000000000e+00
-1.000000000000000000e+00
-1.000000000000000000e+00
5.493398814834205002e-01
1.000000000000000000e+00
-1.000000000000000000e+00
-1.000000000000000000e+00
1.000000000000000000e+00
-1.000000000000000000e+00
1.000000000000000000e+00
1.583873107911486500e-01
-1.000000000000000000e+00
9.235572218627868812e-01
1.064600573789017401e-01
1.000000000000000000e+00
1.000000000000000000e+00
6.176269740518138818e-01
-1.000000000000000000e+00
-1.000000000000000000e+00
-1.140498776764314881e-01
7.603685128236079560e-01
2.810504284664073205e-01
1.000000000000000000e+00
1.000000000000000000e+00
1.000000000000000000e+00
-1.000000000000000000e+00
-4.689558878922198693e-01
-1.000000000000000000e+00
-9.830389601569351765e-03
-1.102541706685358225e-01
1.000000000000000000e+00
1.000000000000000000e+00
-1.000000000000000000e+00
-1.000000000000000000e+00
7.264729556305699054e-01
-1.764756280838217783e-01
6.769734005036583957e-01
-4.350225740072808933e-01
-5.171114342796115926e-01
1.000000000000000000e+00
4.620338196539565123e-01
1.000000000000000000e+00
4.512290298585569515e-01
-1.000000000000000000e+00
-9.464013278591110190e-01
