1.744879016011897654e-01
-4.734846473602531969e-01
-5.219827049313072731e-01
-4.903902171326206538e-01
4.548022303542451628e-01
-4.508128422889052800e-01
-6.104417156690882251e-01
-4.532562766613468241e-01
4.478335765715137917e-01
5.204089128773750073e-01
8.272032572224874425e-01
-2.951729662418467459e-01
-2.879816517331510450e-01
6.587123404735018006e-01
2.111888712993439388e-01
3.636390257753530086e-01
7.297448413529106226e-01
-9.864300124221445643e-01
1.499711876769287411e-01
7.715364710340719689e-01
5.084776718153838360e-01
-6.517594124258252464e-01
-8.473917351658606378e-01
7.813201973593193461e-01
-6.940885675223915641e-01
5.215040867522411361e-01
4.438459749496186380e-01
4.450625883694430129e-01
6.127684965654189853e-03
-4.180138471012624368e-01
-7.927612071939393878e-02
9.314920586678667735e-01
-4.317828475827258927e-01
9.965928066014564379e-01
-2.438501335911718026e-01
-4.744546888207561430e-01
-4.273449091557928181e-01
3.492811959666559662e-01
-1.554289378697180091e-01
-1.370363351525594187e-01
-5.529386699261580329e-01
-4.801149018160959514e-01
1.464959459708277123e-01
1.572367978353985674e-01
-7.857780650828867230e-01
1.705359782359860965e-02
-9.166712326197352656e-01
-5.438067789188496537e-01
2.577939870230636643e-01
7.766226091429229150e-02
-1.027476081780718253e-01
-7.456810666523463471e-01
-1.912093367408391753e-01
2.393151578124723677e-01
5.968147071467828635e-01
2.935738309597812901e-03
-8.314079105258023183e-01
4.483064515805428307e-01
7.735091028820351156e-01
2.928846207121513778e-01
-9.978976912153905143e-01
7.600979795961730900e-01
-2.266959722833064017e-01
-8.528379005782265043e-01
2.399343172722427919e-01
4.042026592645608929e-01
-7.975277427862197399e-01
-3.937285816286291151e-01
-4.245880175787453137e-01
6.482465010632472158e-01
8.038589941190596999e-01
-2.483637517558918706e-01
-2.493849108749672805e-01
-9.835735444619086998e-01
5.502985834784290819e-01
-5.761740245787285719e-01
-9.534100763356900821e-02
-7.877581567917792960e-01
-2.199405801635057056e-01
-9.006419191560326443e-01
-5.667246658357782962e-01
8.610836157779895306e-01
-5.935200366497297431e-01
7.533207558825605332e-01
3.425799630469905654e-01
9.494216246954330085e-01
-8.100474251045868268e-01
6.220784945933670596e-01
4.955871846794011049e-01
-2.530508629283181321e-01
-6.038425993797340574e-01
-3.805602002828529784e-01
-9.095807664618664745e-01
4.514875219612823898e-01
-7.489910083287933951e-01
-6.580874710905644243e-01
-7.783517042166547828e-01
-3.918635159251926403e-01
6.385277176748260786e-02
1.034722671754646495e-01
-6.421819268211939047e-01
-8.431512301125776432e-01
-9.976738925235477673e-01
8.513483350579851283e-01
3.684964077930408255e-01
-7.830226653662228919e-01
-6.109480513028926474e-01
-5.268259407886759504e-01
-4.725834842062905938e-01
9.565634822345934207e-01
-9.157966825296632862e-01
5.332793698012636696e-01
7.526739421762773663e-01
5.785284639149117503e-01
-9.989124714472863431e-01
6.040782354977971558e-01
9.964010562368947888e-01
-8.761399150535009728e-01
1.072238695420733023e-01
-6.778518318178539115e-01
8.506583749870413325e-01
2.678291402607475558e-01
-6.813108490659964822e-01
-8.251122993617632240e-01
2.742350081776236959e-01
5.206228059668949193e-02
-6.423731193768882353e-01
-1.194858320228719961e-01
-7.475538548353530821e-01
-1.568619910824895491e-01
2.058083463220621301e-01
8.034692501452069813e-01
-3.000502045447654975e-01
2.612032150757410687e-01
5.908507261959201617e-01
-3.064744861997099612e-01
-6.673121459173985137e-01
-2.999416301159880671e-01
8.413240980928886614e-01
-6.953841571209455896e-01
-6.483861558966204086e-01
4.064934260475194794e-01
6.784766495366327810e-01
9.162463466410004642e-01
-6.430617628075181447e-01
-8.341118608223436759e-01
-5.705084904704407212e-01
-6.524744052323701027e-01
-2.480357423475885170e-01
1.731109743973349158e-01
-6.212430032304265826e-01
-5.293894760885831108e-01
-9.288097448155918645e-01
-2.756467146312562289e-01
-2.390642193677394722e-01
7.805609258153416441e-01
9.795053381789591285e-01
6.577609449695420718e-01
-4.240593370512617533e-01
6.158657687480002529e-01
6.449862594108111136e-01
-2.867745541469837178e-01
9.325525578801567850e-01
-5.737487667902541055e-02
-2.238532473610812534e-01
-4.663564326401581361e-01
-1.834136637080718835e-02
-6.331188582802944609e-01
-4.806803826269245850e-01
-3.081901260332577941e-01
-3.995303798873344192e-01
7.290483315924793928e-01
-2.289046899713653715e-02
-2.255280283839520283e-01
5.131624371076537461e-01
-6.058880565557456244e-02
-2.750627626051613817e-01
6.879052151823521477e-01
-1.279169336107770505e-01
-8.274646194777179886e-01
-7.261595276896803952e-01
-1.120050087018187313e-01
2.659471325609379377e-01
-6.405130412236181847e-02
4.346561309039556065e-01
1.073327712622451635e-02
6.901852173749758457e-01
4.729010742846353477e-01
-9.585902727531432355e-01
-5.913262624461494976e-01
-4.785045589747594086e-01
8.524694706615394413e-01
-9.525674772962746673e-01
-9.008832406685769456e-01
-1.038704836625381489e-03
-8.999090205762514394e-01
1.237402366197961623e-01
1.441683195006333573e-01
2.853940609257137329e-01
-2.142505775736549545e-01
-1.672080340155144285e-01
9.418667891105276802e-01
-3.077670292147354214e-01
-7.582125810759325901e-01
-8.024639270741769081e-01
1.068221932079702619e-01
8.822141318661815834e-01
-4.201374443649694701e-01
5.365240356078160300e-01
-7.624469141030634223e-01
-4.850167841064769725e-01
4.232746786234988789e-01
7.667827757217058338e-01
-1.134786449882561055e-01
-6.088929392286726028e-01
4.647199455956125824e-01
-3.502334566926357251e-01
9.142096178925482874e-01
-8.738861038545295834e-01
5.795262263700238226e-01
-3.581533926874145290e-01
-3.177316869119133358e-01
-5.168028161590347835e-01
8.623872476546805554e-01
9.494243583174530876e-01
-8.237550622382339149e-01
2.790584844707200141e-02
-6.997434295790110337e-01
-8.519970244358354705e-01
-2.689642048913096772e-01
-4.105777012054587782e-01
2.114281040951184742e-01
8.223340528822187245e-02
1.220281128686435679e-01
8.016127619145101413e-01
3.772508244912009534e-01
1.856276314352609536e-01
4.231779681429124196e-01
9.861026970208583986e-01
-3.960714374465954535e-01
-7.523783082213861828e-01
5.540303120539602499e-01
8.226155176314109418e-02
3.984896755818674308e-01
2.666792739818952818e-01
-7.976945027433179902e-01
3.002244268180453979e-02
4.761855925830396075e-01
-5.137849672026273407e-01
-9.337498198172582420e-01
-2.614488541583757097e-01
-5.592952365922529978e-01
3.188189929631046748e-01
2.720494329744012063e-01
-7.691494824141753561e-02
2.316032910568428527e-01
-6.006301712205697196e-01
2.633690823293119987e-01
6.450432668856675988e-01
8.012275100114130133e-01
-2.661448743321601640e-01
-9.429780503743716569e-01
9.040222726958200283e-01
-1.271310891486285843e-01
4.086209017992923354e-01
