1.000000000000000000e+00
-3.421422397078797140e-01
-3.653290748584514525e-01
-9.285989374308343258e-01
8.385109191704502862e-01
-8.613059257624866571e-02
4.832807144017539080e-01
5.862811351325409870e-01
-1.000000000000000000e+00
-1.358596617073482005e-01
-1.443289356937564882e-01
7.337871446056132285e-03
-4.453894659945627499e-01
-1.000000000000000000e+00
-3.256004312835676373e-01
-3.801746115955109140e-01
-1.553427849470692124e-01
9.504971825751007408e-02
5.074305484108694309e-01
1.128836281115630502e-01
-5.291703012270951856e-01
1.000000000000000000e+00
2.547083981773836658e-01
-1.000000000000000000e+00
-8.449578934693395826e-01
3.538771354972152228e-01
3.755226519656948980e-01
4.810003077866403798e-01
-1.998828397219187814e-01
-4.494159230778318470e-01
-7.214857786286124064e-01
-4.055415909585018963e-01
-6.156050484591697458e-01
-3.386551906865100658e-01
8.980691465800063611e-01
-8.645793797040752793e-01
2.820392431625091678e-01
5.283082546634612076e-01
9.678392573969454293e-01
-5.727869129134053328e-01
2.885966428689590302e-02
-4.019074665276929359e-01
5.028822439698821256e-02
6.348621250271202499e-01
-1.728045051964597345e-01
1.000000000000000000e+00
-2.806627292841967769e-01
-6.410765568623510990e-01
-1.000000000000000000e+00
-7.718646501875021659e-01
-9.300071626001438219e-03
7.615548651437767935e-01
-3.200885579693435457e-01
-5.672803535117116880e-01
8.106154504878906319e-01
-9.231550207082195314e-01
-7.311764168033245692e-01
-1.000000000000000000e+00
2.745202428697748331e-01
3.917174590630148057e-01
-6.164293501015327692e-03
-1.000000000000000000e+00
1.468415589892483608e-01
-8.396987069749837218e-01
7.661603714134319620e-01
8.176688770298310427e-01
9.789392885998704497e-02
4.011526564881002788e-01
6.312365015511158806e-01
8.335591381972335956e-01
8.394095287876075506e-01
1.000000000000000000e+00
-6.970402133355402263e-02
-5.531349115124899463e-01
2.611660736173964104e-01
-7.347573011858659076e-01
-6.043878221434075826e-01
3.170889454406016217e-01
-4.485676026457827703e-01
2.699403443783464640e-01
6.119195115607325430e-01
-7.107514380052462055e-01
9.076876293849502897e-01
5.095324632536630816e-01
1.547228090555710089e-01
3.280918589686321329e-01
6.136915457671983098e-01
2.220113899262046719e-01
3.950655992881906275e-01
1.057756197560448808e-01
1.000000000000000000e+00
-1.280081278183897719e-01
4.532429361043421867e-01
9.792351331469137943e-01
6.682067195517267244e-01
-5.900626730186595559e-01
9.888802553025088926e-02
-7.098902952468890692e-01
-3.774365691559886660e-01
-1.000000000000000000e+00
-9.834968779127735150e-01
-3.653542187865106428e-01
4.125872029083034187e-01
-1.014650286106779653e-01
8.010801344881977037e-01
-8.045868029803715515e-02
-8.283982273505290372e-01
-8.597291361286945044e-01
1.000000000000000000e+00
2.687960948931089611e-02
-7.222334042558438139e-01
5.668845564657729597e-01
5.092170874604351472e-01
2.995078226194758386e-02
-2.348317533777914967e-01
-5.349317622063365363e-01
-7.526654315200670409e-01
-5.424809756074145950e-01
9.010200224596534024e-01
2.854292987764253109e-01
3.838744019846340727e-02
5.917056295879521421e-01
6.929525031386241096e-02
6.207673148475234548e-02
-4.819772978032430544e-01
-1.656767007483752607e-01
6.534754847640877884e-02
-3.943033003475593379e-01
6.861043814643750238e-01
-1.000000000000000000e+00
2.835060194026091107e-01
-8.581286099878132623e-01
5.788560133667650653e-01
-9.212044309164335587e-03
1.000000000000000000e+00
1.777311141012145601e-01
-9.408693185266934211e-01
1.544610857416890415e-01
1.554433871195808337e-01
-7.530919317534139346e-01
-2.393771080161668507e-01
8.725093679155488946e-01
6.130966749395558857e-01
5.128395620127745858e-01
-3.741891043974962527e-01
-7.764096322051766697e-01
-9.729737244238390037e-01
6.914408358310690783e-01
-1.163975566944250861e-01
-9.651177834753745799e-01
-3.663205123226851434e-01
-5.407547894938402600e-01
8.579444007593073351e-01
-5.346542346486193864e-01
3.346430553315857814e-01
3.968129910003062033e-01
1.000000000000000000e+00
-5.270847164562768583e-01
-5.499247121553585416e-03
-4.320361701741841642e-01
-7.125232360158666456e-01
5.343617066095240897e-01
9.780529231913837052e-01
1.652814479379098866e-01
7.787439953489733169e-02
5.817487540110104494e-01
-4.987924776643737346e-01
-5.106172768958885388e-01
3.763453338072935139e-01
5.610126549051022149e-01
-9.418327244825484001e-01
-7.568347108173270055e-01
-4.674267914197953733e-01
6.871484516602097692e-01
7.382909620200124312e-01
-2.434665547714813805e-01
-4.333337330109108265e-01
3.499826744206067097e-01
-4.330790190569890896e-01
-4.154651752547122712e-01
-1.000000000000000000e+00
5.600433532368955802e-01
-1.000000000000000000e+00
-3.729426832043587492e-01
-4.337252814688270508e-01
1.000000000000000000e+00
9.000964953677443869e-01
-1.000000000000000000e+00
8.029431777164814932e-01
6.457370950365828310e-01
1.775646587753862971e-01
3.485216754870035238e-01
5.243893060615087975e-01
-4.561385136691158415e-01
-8.900609412534259413e-01
-3.475268144865714115e-01
9.438224848183323079e-01
4.078871278726119431e-01
9.397105660896105661e-01
8.330529264966162195e-01
1.000000000000000000e+00
6.274348691231175223e-01
-3.468081515563137263e-01
1.545973780921194862e-01
-1.615773254841039730e-01
-1.920737314730720513e-01
7.434851374010000846e-01
-8.857892906236812802e-01
-4.213111445177832870e-01
-8.427746261201669586e-01
-7.903913006580188805e-01
-4.236645549336208738e-01
3.130829018565144395e-01
9.038799633866054783e-01
1.338244814266495997e-01
5.795374729729285690e-02
-7.241978923557619297e-01
-1.040112294853683395e-01
8.352675368328059680e-01
-5.122516812005362130e-01
-1.010749465935587565e-01
-6.714931060119249118e-01
4.137143324733867367e-01
8.298528238865290341e-01
2.968995127498370579e-01
1.783216424624372021e-01
-2.248291603390666915e-01
-3.083172558594611257e-01
-4.289061664911830718e-03
1.253595222300913671e-02
-4.654451668963024424e-01
-9.964976858966023698e-01
-2.926092212994404473e-01
-8.679879583973100221e-01
8.680473323739292812e-01
2.520632995540066368e-01
5.980764220453944624e-01
4.501716516182916461e-01
2.784837059308185037e-01
-8.540218799537591110e-03
-3.942738257482472086e-01
8.151247125008995731e-01
-8.489344697724310329e-01
3.567619540622322116e-01
-9.250367374174672808e-01
-6.344220092277232936e-01
8.021258936369717318e-01
-4.548804246075415225e-01
8.020561985519076842e-01
6.155471691032590176e-01
-8.813024931064488143e-01
6.761375132505265118e-01
1.429417890040474148e-01
1.390743179805604690e-01
-4.499435137593941203e-01
4.872820995887467421e-01
-2.352947351640370943e-01
3.799072660124260814e-01
3.550734136533395535e-01
3.695355508303708181e-01
2.140466202842361554e-02
7.163215272335524686e-01
-6.851321101241729661e-01
3.568158879342917533e-01
-2.763061088797222342e-02
