6.350134328533140193e-01
-5.076131456973338452e-01
-1.000000000000000000e+00
-1.000000000000000000e+00
-1.000000000000000000e+00
-9.486379307652907933e-01
-1.000000000000000000e+00
-1.000000000000000000e+00
-6.604994045176668660e-01
5.908468915146145584e-01
1.731668363981894165e-01
1.000000000000000000e+00
-1.000000000000000000e+00
8.772596986132897845e-01
8.201739784101684805e-01
-5.055143897836713585e-01
2.538466961934799926e-01
1.000000000000000000e+00
4.252744363197435984e-01
1.000000000000000000e+00
-1.000000000000000000e+00
-8.170019049130685662e-01
2.414238217293879774e-01
5.795441356763775254e-01
1.000000000000000000e+00
-2.327772391989417766e-01
-5.187431386129870425e-02
3.307289894981568779e-01
-9.824709189271512155e-01
5.228387293079941323e-01
4.842516203269839337e-01
-5.567029206041071987e-01
-1.000000000000000000e+00
-6.260450130757864162e-01
5.593099652041414460e-01
-8.768102952370356862e-01
5.945699441235686722e-01
9.906861871326233526e-02
-8.532628272347049236e-01
6.748802564863189968e-01
-9.542390476932884891e-01
2.094853409189165738e-01
-1.036636890391564592e-01
-3.730693587203923189e-02
2.055688942518074380e-01
1.580055264643525081e-01
-1.000000000000000000e+00
2.863342709405095610e-01
-3.466533860949969625e-01
1.000000000000000000e+00
-5.772005664677671843e-01
7.732349518782888342e-01
1.000000000000000000e+00
1.000000000000000000e+00
-1.000000000000000000e+00
-1.000000000000000000e+00
1.000000000000000000e+00
-1.006186070115179243e-01
8.741993359424057863e-02
-1.000000000000000000e+00
-1.000000000000000000e+00
4.361675685014251291e-01
-4.365984470625006164e-01
-2.892495112558104431e-01
7.210989473044988607e-01
-1.947782206704825603e-01
-3.436382333636269770e-01
-8.235784921565616479e-01
6.120203416392183682e-01
-1.000000000000000000e+00
1.000000000000000000e+00
4.174552917731861879e-01
1.000000000000000000e+00
-1.000000000000000000e+00
-8.424638380077074107e-01
-6.956354224189522650e-01
-1.000000000000000000e+00
-8.801408738139153698e-01
4.645676160649822029e-01
-2.441202727942843875e-01
-1.482126815989905921e-01
-1.000000000000000000e+00
1.000000000000000000e+00
1.000000000000000000e+00
-1.000000000000000000e+00
-2.082712732329512484e-01
1.000000000000000000e+00
-6.539155978154045368e-01
6.850680427035366060e-01
-1.000000000000000000e+00
-2.761462015585994800e-01
1.000000000000000000e+00
-3.885306862336017630e-01
-5.819342800542128824e-01
5.868841032951614967e-01
6.844676147929894539e-01
1.000000000000000000e+00
1.000000000000000000e+00
1.000000000000000000e+00
-5.059377546068775100e-01
-2.709309750872959111e-01
-1.000000000000000000e+00
1.000000000000000000e+00
8.723109468615066753e-01
-1.000000000000000000e+00
1.000000000000000000e+00
3.070664119350077770e-01
-3.184573774246035605e-02
-1.000000000000000000e+00
-2.954013006751511350e-01
-8.480921740447606716e-01
-1.000000000000000000e+00
-1.000000000000000000e+00
-1.000000000000000000e+00
1.880084605821812360e-01
-7.870637628637131566e-01
9.293280938403125635e-01
-1.000000000000000000e+00
-8.390500311812960632e-01
-7.846653845406980077e-01
2.975975825834764610e-02
4.805804384774308158e-01
-4.618166983609006682e-01
-5.747087118803443362e-01
-1.000000000000000000e+00
-5.585314848699560741e-01
3.203571652981788143e-01
2.359359964840405111e-01
-1.000000000000000000e+00
1.718928497330007577e-01
3.883341668702686711e-01
-6.950023755184646657e-01
1.000000000000000000e+00
1.000000000000000000e+00
2.893158280165621932e-01
-8.952895818438231235e-01
-8.383915919884477042e-01
1.822746123877811986e-01
4.780832831304019370e-01
-1.000000000000000000e+00
1.000000000000000000e+00
-1.000000000000000000e+00
-1.000000000000000000e+00
-3.702117584105094616e-01
-8.484345371540295000e-01
-1.000000000000000000e+00
6.436963386367502427e-01
7.652822979976416917e-01
1.000000000000000000e+00
-1.144872076457970067e-01
1.000000000000000000e+00
1.000000000000000000e+00
-6.438621918612559281e-01
-1.000000000000000000e+00
7.047569322677686987e-01
7.106265806084297587e-01
-1.000000000000000000e+00
1.000000000000000000e+00
-5.954187798434684709e-02
-1.000000000000000000e+00
-6.305448092737835353e-01
7.749271053631034967e-02
5.811873264957944096e-01
2.101686650719024607e-01
2.694056027248713514e-01
8.742210338283110116e-02
3.677397546470719814e-01
1.000000000000000000e+00
-3.653436657997004566e-01
-1.000000000000000000e+00
-1.000000000000000000e+00
6.335699948838079409e-01
1.449719116563497612e-01
1.729528971023552297e-01
3.849020683366755069e-02
1.000000000000000000e+00
-2.104601242574496989e-01
-1.081786618283402390e-01
7.518063681516853336e-01
4.124554069331836659e-01
-1.803319979831835562e-01
-1.000000000000000000e+00
-1.000000000000000000e+00
1.000000000000000000e+00
1.000000000000000000e+00
-1.000000000000000000e+00
1.000000000000000000e+00
5.570240766617873263e-02
1.000000000000000000e+00
4.700469696760521954e-01
1.000000000000000000e+00
-1.000000000000000000e+00
-4.633377913752215749e-01
-1.000000000000000000e+00
8.599195050727632683e-01
-6.277138595051758863e-01
1.000000000000000000e+00
1.619993973052662461e-01
4.691352282689030817e-01
3.542917544317841783e-01
-1.000000000000000000e+00
-1.000000000000000000e+00
3.477688546354171795e-01
1.000000000000000000e+00
1.000000000000000000e+00
-6.268298633256148555e-01
-5.340209670846638446e-01
-1.000000000000000000e+00
-8.361110556711426334e-02
-1.000000000000000000e+00
-2.708396030307753666e-01
-1.000000000000000000e+00
-1.000000000000000000e+00
1.000000000000000000e+00
-8.328179789339462680e-02
-1.670318603713037420e-01
1.000000000000000000e+00
-1.000000000000000000e+00
-1.000000000000000000e+00
-1.000000000000000000e+00
-1.000000000000000000e+00
-9.226404771785943204e-01
-1.000000000000000000e+00
2.379347286229676062e-01
1.000000000000000000e+00
1.189943786759473099e-02
-1.000000000000000000e+00
-1.000000000000000000e+00
1.000000000000000000e+00
1.000000000000000000e+00
-2.468002128415419660e-01
1.000000000000000000e+00
-8.941132509574474252e-01
-7.188710723330388186e-01
1.000000000000000000e+00
1.454251701786336559e-01
1.000000000000000000e+00
1.000000000000000000e+00
9.218543998810382889e-02
1.000000000000000000e+00
-1.000000000000000000e+00
1.000000000000000000e+00
-2.082426008751382396e-01
8.395317601785808881e-01
-1.000000000000000000e+00
-1.000000000000000000e+00
3.709374584287775112e-01
8.148741208805603264e-01
2.360776015690368990e-01
1.000000000000000000e+00
-6.720610625563094853e-01
-1.000000000000000000e+00
7.816596338173806835e-01
-4.224080573437695163e-01
-1.103248687755520319e-03
-1.000000000000000000e+00
3.551313324655523962e-01
1.775616044679035888e-01
2.908558945347888836e-01
4.366211822539900478e-02
1.000000000000000000e+00
-1.000000000000000000e+00
-4.672686324816693881e-01
4.342401932162174294e-01
-6.220539707827261733e-01
