1.000000000000000000e+00
-9.135526149629094594e-02
-5.394515853651703496e-01
-2.490255579880185088e-01
8.814248700101197098e-01
-8.395110598794508494e-02
6.100196900099837949e-01
1.000000000000000000e+00
-1.000000000000000000e+00
1.000000000000000000e+00
5.271446889951306169e-02
6.505495204898776862e-01
6.129753568811947551e-01
-9.314068649506237474e-01
-4.220689874169720746e-01
7.328179213865491093e-01
3.791865973868172590e-01
3.139610535293018145e-01
4.469650579366630239e-01
-1.539112098355031599e-01
-4.568040331478842031e-01
1.631215031823024519e-02
2.311456701479339682e-01
1.000000000000000000e+00
5.093433168014214196e-01
1.000000000000000000e+00
9.286895287220483519e-01
-1.000000000000000000e+00
-8.551907630123649628e-01
-1.000000000000000000e+00
9.399595991394552597e-01
-8.135666032281517746e-01
4.929347211081362423e-01
3.736096349989729282e-01
-7.613492202084265470e-01
-2.765145924905593189e-01
3.815900801228184758e-01
1.502603820216790453e-01
4.806269675904194516e-01
-1.000000000000000000e+00
3.657855162225280843e-01
9.104641412377647569e-01
1.092985470887940236e-01
8.444493524443785759e-02
-1.000000000000000000e+00
-1.178860892823574008e-01
-2.722116666003075447e-01
6.086525600526700996e-01
8.151973016897895441e-02
-1.915535626490947330e-01
-7.611813197180036239e-01
-3.364753778109881299e-01
-1.688293843374419900e-01
-1.099551019237625660e-01
1.000000000000000000e+00
-2.325911403062957405e-01
-1.000000000000000000e+00
1.164853923296761407e-01
1.000000000000000000e+00
6.762655737672919054e-01
7.558703828970486649e-02
4.113407007798406401e-01
-9.642499109358841913e-01
4.759104977919816903e-01
7.917919688520573818e-01
-1.000000000000000000e+00
-4.434869271742546415e-01
-1.141747349459429489e-01
-3.771671607034444706e-01
-3.459573799449014442e-01
-4.747138738192846485e-01
-7.550702637282395990e-01
-3.429887723745119743e-01
9.509168986078732067e-01
6.103485934153447534e-01
-2.886364522882105543e-01
-1.000000000000000000e+00
7.740731054520975096e-01
3.438252283344525595e-01
4.043682219219479901e-01
1.584060420906046596e-01
-2.868116930442112800e-01
1.000000000000000000e+00
-1.564315606060511232e-01
-4.698825770560984827e-01
4.491775380408356555e-01
6.818071143939320455e-01
1.094083018757264630e-01
-4.507468733839087305e-01
-7.282573732531115729e-01
-7.367838218384934468e-01
6.378240030334908495e-01
-8.706310210254737392e-01
-3.839945357910826140e-02
3.951239249926850050e-01
2.960383345817068634e-01
1.000000000000000000e+00
-3.542282084744131643e-01
5.760364064367656800e-01
-1.000000000000000000e+00
-1.254191347740856999e-01
-1.000000000000000000e+00
-5.070345589080207382e-01
1.000000000000000000e+00
2.432293415459583219e-01
1.203613717935625438e-01
8.925266685322545968e-01
7.746289370473096181e-01
-1.872108477736038612e-01
-5.552527771962680880e-01
4.287292312001650951e-01
-5.981639764591983877e-01
-2.735699483220055406e-03
-7.674018267150847783e-02
-7.228425326813239238e-01
-9.026020743497731313e-01
5.182073435071266054e-02
3.076545453008250330e-02
8.386541758283174719e-01
3.697535134884433750e-01
3.993580334168805868e-01
-9.349546499064942395e-03
7.924220366291364614e-01
-4.386650865969866642e-01
1.000000000000000000e+00
-2.913456044711321136e-02
-9.949179402000546402e-02
4.815966221973346784e-01
2.799310645168160416e-01
8.615619856305981594e-01
-3.060374700367297085e-01
1.441931793660960470e-01
-1.287632908569893986e-01
-4.914823580075536880e-01
4.416528744774608217e-01
-4.790337545345254577e-01
8.498105109478131247e-01
1.000000000000000000e+00
-1.000000000000000000e+00
-1.000000000000000000e+00
-6.183427551421196711e-01
6.287618032743397256e-01
4.987573137363543463e-02
-6.043228827393229974e-01
5.583224771704595746e-01
-2.014998045131754512e-01
-5.221655076590024924e-01
-1.000000000000000000e+00
6.923307497409191269e-01
9.005454137192245856e-01
9.736254827665576927e-01
5.973269095221847014e-01
1.000000000000000000e+00
6.929256225981159090e-02
-2.759303840802561636e-01
-1.000000000000000000e+00
5.709278406787023918e-01
-2.364904331178593333e-01
-5.982354939773644187e-01
6.310072705103684232e-01
8.188884006689927109e-01
-1.917240054482358680e-01
-6.583919067040857609e-01
3.658499270954304605e-02
-3.322145874210070127e-01
-6.552664641651309019e-01
9.492210238764985375e-01
5.373175790140357622e-01
8.026321009405927853e-01
5.475204942622644566e-01
-1.000000000000000000e+00
6.454471408973110336e-01
-4.232543546741079910e-01
1.081183568073515733e-01
-4.274590909054437615e-01
-5.807747834207708237e-01
-4.423426087463645517e-01
4.908946922377620536e-01
-6.061039831720681503e-01
3.483418309771363353e-01
1.000000000000000000e+00
-2.409134685906602624e-01
-4.597173984714823525e-01
2.684721875814715664e-01
-2.197599593884866920e-01
2.817138896204819387e-01
-9.309838033770614363e-01
-7.283152352488257986e-01
4.895113422137803427e-01
-8.858996585597429529e-01
-7.791799818148761325e-01
-2.812300859529289765e-01
2.539433969443815053e-01
4.170403760441339092e-01
-6.156346383541915213e-01
-8.199614964984127674e-01
-2.687873653688177544e-01
-8.800384456705734326e-01
6.719001769365905430e-01
-5.901800161879504625e-01
-6.177276352401154247e-01
9.099638577298136966e-01
1.000000000000000000e+00
8.371893333990715336e-01
-2.126412364891606954e-01
1.000000000000000000e+00
-4.847435952873260789e-01
4.796111390488146942e-01
1.000000000000000000e+00
9.117630528710847226e-01
-7.966130589450207689e-01
7.017311374508565791e-01
4.422723242889633477e-01
-4.238978604560665331e-01
1.841613555718070450e-01
7.171453165498964388e-02
1.000000000000000000e+00
-3.062088834311725849e-01
-1.000000000000000000e+00
7.943849542136574016e-01
-2.296828208677273997e-01
3.455825667464182960e-01
6.677549326927330053e-01
5.167642371319175476e-01
3.240625705041809135e-01
-9.388362314008464882e-01
1.000000000000000000e+00
8.060399787591551735e-02
6.263316053756008417e-01
-3.667412209981518734e-01
9.637007443018866804e-01
-1.000000000000000000e+00
-1.000000000000000000e+00
-1.682723784256247024e-01
-1.000000000000000000e+00
5.441412619255248106e-01
-2.499748275961180821e-01
1.000000000000000000e+00
-7.447913341648638719e-01
2.403363478068815950e-01
6.915391589999912991e-01
6.363281102029350045e-01
1.000000000000000000e+00
7.604133146571090407e-01
8.757522468790703840e-01
-2.432307123043328800e-01
4.459221364110396157e-01
4.094896672662905468e-01
-2.082272954314978719e-02
2.927055778477746784e-01
-9.345865503153113485e-01
-1.000000000000000000e+00
1.000000000000000000e+00
6.334773337654018288e-01
-3.774990524496034117e-01
-1.000000000000000000e+00
-6.832379510357478036e-01
9.363560954399422487e-01
8.877476629968444888e-01
-7.120058690127273326e-01
-1.920723347410249748e-01
4.162954193612091736e-01
5.880257782586990611e-01
-4.133313089597884238e-01
7.521714781483568313e-01
