-7.911198362315388088e-01
-6.542347830197006164e-01
-1.911789386270879021e-01
3.638479056496080055e-02
3.088750862577109846e-01
-5.329961268394955987e-02
6.329620966038691510e-01
-6.695369156122705778e-01
-8.878061917690216465e-01
-4.397681240722537410e-01
-2.002187317911048314e-01
-5.954994425731083840e-01
-7.332446184654911603e-02
4.188072129912741026e-01
9.048437727931666341e-01
3.327523744130918004e-01
-2.420845676218068565e-01
-2.017993533104247561e-01
4.354180955187119118e-01
9.645971927426968406e-01
-5.500063375411270439e-01
-1.000000000000000000e+00
-7.802201698748123526e-01
9.313804902687656817e-01
-1.000000000000000000e+00
-6.044102202936594281e-01
7.313166333737379787e-01
5.925290322010248190e-01
-5.414613003032007210e-01
-1.000000000000000000e+00
8.022647606804134135e-01
-5.625805875491640684e-02
1.171326513014926407e-01
6.832721563941628329e-01
2.120650130852383963e-01
-1.000000000000000000e+00
1.000000000000000000e+00
-3.886972900350427196e-01
6.991607752342694493e-01
-8.680362424303482705e-01
2.949404952380787481e-01
-2.945832084301209797e-01
4.013470918243897678e-01
-1.000000000000000000e+00
-1.543899973777822510e-01
-1.000000000000000000e+00
4.205656935754347181e-01
-2.078436875420128782e-01
-7.440368598664726107e-02
1.000000000000000000e+00
-1.000000000000000000e+00
1.000000000000000000e+00
-1.332514749084405814e-01
-7.535554817730401034e-01
3.794246555173177438e-01
-4.652092947978287985e-01
3.139015214058664682e-01
5.776799437693971306e-01
-4.040663132912629685e-01
-3.408706144289994633e-01
6.924430220891180099e-01
5.173546657962846407e-01
2.086821237640359428e-01
-8.023534110382304352e-01
1.000000000000000000e+00
4.280321207658990268e-01
-9.843516281058173334e-02
4.325939188539931202e-01
8.506321869419553039e-01
5.421777895456787733e-02
-1.000000000000000000e+00
-3.760750145773028574e-01
-5.706165491373660359e-01
-6.601119244406805642e-02
-3.602331086268837357e-01
-7.166945977396721457e-01
6.420084154249747765e-01
-1.354507788022036863e-01
5.294892628143936797e-01
-2.444151874827191762e-01
8.355609961912013883e-01
-1.728746200895203700e-01
-9.442467807243986044e-01
1.000000000000000000e+00
7.457141595989302818e-01
7.876594533801672959e-01
-8.846434018770006347e-01
4.784134983833558952e-01
1.000000000000000000e+00
-8.428694953688866676e-01
-1.000000000000000000e+00
-7.504544892868243444e-01
-8.175537021267180737e-01
5.776027334095491517e-01
7.989893513411261416e-01
-1.000000000000000000e+00
8.561455554051438099e-01
-9.682196721027731545e-01
3.158852630927211358e-01
2.156261642854389038e-01
4.636166342202268087e-01
7.474125671249898240e-02
-1.314248208144879193e-01
1.000000000000000000e+00
-8.372921916603215386e-02
7.409143150333927785e-01
1.000000000000000000e+00
-1.000000000000000000e+00
1.000000000000000000e+00
1.000000000000000000e+00
1.000000000000000000e+00
-4.438553319573927958e-01
1.000000000000000000e+00
5.683955703821262917e-01
-1.000000000000000000e+00
7.436536186310572782e-01
-4.105023867810860816e-01
-1.000000000000000000e+00
-5.897934251013552398e-01
-1.454040584798730329e-01
8.815513501111986727e-01
8.202517249267096133e-01
-6.651421605584267871e-01
-6.065385639759048875e-01
-2.008432885661564082e-01
1.377901511093480025e-01
-6.576631474238947561e-01
-5.838291149975864958e-01
-9.869903743242056660e-01
2.411661518414911498e-01
3.967188183999879048e-01
-2.298942955641042341e-02
1.000000000000000000e+00
6.805121667898705873e-03
1.000000000000000000e+00
7.081639731485322997e-01
-2.378196427819523340e-01
1.000000000000000000e+00
-1.000000000000000000e+00
5.096179945885970231e-01
-1.156655025590626329e-02
8.844648813189153191e-01
1.471747061825310343e-01
-5.804670066673998097e-01
1.000000000000000000e+00
5.715732351569591252e-01
-8.376392730171020595e-01
3.399834749077723650e-01
-6.228677810422510452e-01
1.000000000000000000e+00
3.638624515653154923e-01
-4.459660220826935362e-01
-5.332586206128318018e-01
-3.354648291607966737e-01
4.186631926210346855e-01
9.235604418748792899e-01
8.439456587630331796e-01
-9.934901531727241553e-02
-7.309780781519128467e-01
-9.715226838645663054e-01
-1.000000000000000000e+00
-1.000000000000000000e+00
3.475977406153644700e-01
2.278663748247264642e-01
-1.000000000000000000e+00
-2.400084559161008713e-02
3.031260780622477835e-01
7.219196940668337614e-01
-5.709884527196937842e-01
-3.602897833662810356e-02
-3.934078547047636931e-02
1.480633138981914954e-01
6.476500559277975633e-02
7.557547896267593490e-01
9.594695727634170446e-01
-1.000000000000000000e+00
-5.659323603788453116e-01
-7.126163649938079825e-01
1.000000000000000000e+00
-2.454154466036739812e-01
-7.009396822862323795e-01
-7.116221928330799251e-01
-4.070364120234675198e-01
-1.165201900262378132e-01
-7.487928945802551084e-01
-1.907990213459572759e-01
1.000000000000000000e+00
5.097273484328478377e-01
-9.422264593601576976e-01
-1.546658705696435376e-02
9.951940182239220611e-01
8.782217036086236162e-01
-1.000000000000000000e+00
-8.923019651321297818e-01
1.763963134728152582e-02
-9.400060036987774037e-01
-1.325682402584311692e-01
9.499205285239080698e-01
-8.089958728140753674e-01
-5.738581472625983171e-01
-1.443704172077444614e-01
3.159066112559784090e-01
4.019988735665598334e-01
-6.866083066847246119e-01
9.796806372587276712e-01
-1.000000000000000000e+00
1.000000000000000000e+00
2.731409310677759272e-01
5.060171250272873511e-01
2.857347589052339210e-02
1.000000000000000000e+00
-8.565160794065902472e-01
3.579997559150136510e-01
-5.082642298405113390e-01
-1.000000000000000000e+00
5.842044536759107842e-01
-1.383109697538937866e-01
3.686252006264709169e-01
3.806392933352498176e-01
-4.609073775976616494e-01
-1.684538524572432028e-01
1.327860865921428601e-01
-2.305521454648455926e-01
7.931106494877240287e-01
2.900551883677562337e-01
-4.997971267590117783e-01
3.510624514587531442e-01
6.728640903710019217e-01
7.855826358464541581e-01
-1.000000000000000000e+00
-7.774427402436452361e-01
1.000000000000000000e+00
-1.000000000000000000e+00
1.000000000000000000e+00
3.604257801097521252e-01
-3.096799199056552432e-01
-4.108924932313381961e-01
5.398766429168728731e-01
5.144764285717051688e-01
7.268897907991749285e-01
2.397363539392585174e-01
1.000000000000000000e+00
1.000000000000000000e+00
4.835019414666752446e-01
-1.469538680913298201e-01
-7.722753107962394559e-01
7.205924214198682343e-01
3.530553088630008496e-01
5.459341953264167380e-01
8.643420862495569956e-01
4.020747916012412659e-02
1.000000000000000000e+00
5.199493463261013471e-01
4.096764458747106374e-01
-1.455565425140597224e-01
8.920937342122613467e-01
-2.515290225907730881e-01
-7.381575353729146194e-01
-1.418591527740645786e-01
-7.427553371372100921e-01
-6.588231328145455201e-02
-2.133006780449719919e-01
1.000000000000000000e+00
4.327698690516708080e-01
2.901137958063546574e-01
