-1.000000000000000000e+00
-1.000000000000000000e+00
-5.255777797238501137e-01
6.973196908165391061e-01
-3.168724149819557301e-02
-2.447917020540910649e-01
1.000000000000000000e+00
2.154629201992763754e-01
1.000000000000000000e+00
-1.000000000000000000e+00
6.249160062803373883e-01
3.296915439665147884e-01
7.047741171511409108e-01
3.772619396901388811e-02
3.755592615508511756e-01
-1.000000000000000000e+00
8.539915163426858857e-01
1.000000000000000000e+00
5.370988960647531396e-01
1.000000000000000000e+00
-1.000000000000000000e+00
-6.020145957680349547e-01
1.000000000000000000e+00
5.625062664553719394e-01
1.000000000000000000e+00
1.000000000000000000e+00
1.000000000000000000e+00
-1.000000000000000000e+00
-4.942054545172357982e-01
5.531464738716405094e-01
4.511971066630779958e-01
-1.000000000000000000e+00
-3.267125843278992914e-01
-3.171520066952038253e-02
7.778903005131960757e-01
-1.000000000000000000e+00
1.000000000000000000e+00
1.000000000000000000e+00
-1.000000000000000000e+00
-1.000000000000000000e+00
1.000000000000000000e+00
-7.442959766062922089e-01
9.141452428269796204e-01
-6.075842087350284970e-01
7.897908796814664401e-01
4.415842527638253606e-02
-9.925179230718916834e-01
-1.000000000000000000e+00
-5.776274286681222225e-01
1.325233648424829491e-01
1.000000000000000000e+00
-1.000000000000000000e+00
7.742062920099697099e-01
-5.036470452278078991e-01
7.337942813472316805e-01
-8.182778795587462017e-01
-1.131426498118091040e-01
-1.000000000000000000e+00
4.825184161139638439e-01
1.241977757855998732e-01
7.701189633923209987e-01
8.631914072828456019e-01
5.488323203657587968e-01
6.847365775948037747e-01
5.484014844078275441e-01
9.850928379074261887e-01
-1.000000000000000000e+00
2.455226427131509404e-01
5.312983754496156674e-01
-1.000000000000000000e+00
-1.000000000000000000e+00
1.000000000000000000e+00
-8.814053679679683118e-01
1.000000000000000000e+00
-1.000000000000000000e+00
4.147540586227581039e-01
2.481430953053065380e-01
1.042814615707010617e-01
1.000000000000000000e+00
1.000000000000000000e+00
1.000000000000000000e+00
-1.000000000000000000e+00
1.000000000000000000e+00
-1.000000000000000000e+00
-4.071088570396323991e-01
-4.691490289501429323e-01
-2.312532722880034641e-01
9.483915443580857030e-01
9.016863633439404779e-01
-1.000000000000000000e+00
5.881964498552332277e-01
9.436707243369877318e-01
-1.000000000000000000e+00
-1.000000000000000000e+00
-1.000000000000000000e+00
1.000000000000000000e+00
-1.000000000000000000e+00
-2.891987676076379632e-01
1.000000000000000000e+00
8.236511410008838796e-01
7.672434907454572794e-01
-2.086930102698545397e-01
-8.201521776690328114e-01
-1.000000000000000000e+00
-5.706408331633203712e-01
-3.825145328324321969e-01
5.831730431522093028e-01
1.000000000000000000e+00
-1.000000000000000000e+00
1.000000000000000000e+00
-1.000000000000000000e+00
8.325055445270623800e-02
-3.428431814105121767e-01
-6.247623798608150647e-01
-1.000000000000000000e+00
3.204731727031004951e-01
-1.000000000000000000e+00
-5.670597863561188667e-01
1.000000000000000000e+00
-7.139587419378113919e-01
-9.333804368073723712e-01
-1.248296710271001864e-01
2.644229202542474066e-01
4.628422174352875285e-01
-1.000000000000000000e+00
1.000000000000000000e+00
-5.478314609901735466e-01
1.844066713566818727e-01
9.233751349604442105e-01
7.462075981366400601e-01
-4.235230377596819196e-01
1.528567056877112584e-01
-6.653775035657250037e-01
1.000000000000000000e+00
-2.859344722896438595e-01
1.000000000000000000e+00
-6.257096676909079669e-01
3.893300136446238291e-01
9.837085127706868271e-03
9.399502000270018032e-01
5.234437728345527896e-01
7.479172971199656850e-01
-5.935136242463545653e-02
1.000000000000000000e+00
1.000000000000000000e+00
-6.078888945173748226e-01
-5.100211962725023085e-01
7.295268408433579488e-01
-4.499430034294515934e-01
-7.754164504478753273e-01
8.723768258596793501e-01
-9.756974733010082002e-01
1.000000000000000000e+00
3.538637320574800071e-01
5.306072986976783090e-01
1.000000000000000000e+00
5.180875767747399330e-01
1.000000000000000000e+00
-1.000000000000000000e+00
1.000000000000000000e+00
2.852392224513704555e-01
-3.146057396800300276e-02
-9.092606620012233520e-01
-3.050438780629594060e-01
-6.980662609379981731e-01
9.021450738170760930e-01
4.988223669068950206e-02
-4.968202060553932320e-01
-1.906723357558662846e-01
-4.283825410759718455e-01
5.340386514768453718e-01
-6.590880543961813443e-02
1.000000000000000000e+00
9.976773690440083886e-01
-1.328978626211996250e-02
-6.307832538611131135e-01
-1.000000000000000000e+00
-4.184994027481114265e-01
7.260980068693083656e-01
-1.952182761945586709e-02
4.595540667124433099e-01
1.000000000000000000e+00
-1.000000000000000000e+00
-5.128487887109745014e-01
1.000000000000000000e+00
-6.383004852085110148e-01
-1.000000000000000000e+00
-1.000000000000000000e+00
2.603792670196042880e-01
1.000000000000000000e+00
1.000000000000000000e+00
-1.000000000000000000e+00
-7.031273396163892908e-01
7.856727337161598657e-01
3.695712656831765530e-01
1.000000000000000000e+00
-3.942793124721836739e-01
-7.169700575032046386e-01
-5.606707605671110706e-01
-1.000000000000000000e+00
-3.404897674213781533e-01
2.048862123737029695e-01
-9.273357318949478900e-01
6.458170765889980069e-01
-7.423181595759897888e-02
-1.000000000000000000e+00
1.000000000000000000e+00
-1.000000000000000000e+00
-1.984508206624036042e-01
-4.278095707258469105e-01
-7.082304708042312935e-01
1.000000000000000000e+00
2.708130571415605092e-01
1.000000000000000000e+00
-9.468368967960889560e-01
-8.154667981647707453e-01
-8.386581385072668926e-01
8.357717291222224176e-01
1.000000000000000000e+00
1.000000000000000000e+00
-2.054727694824848294e-01
-1.000000000000000000e+00
9.198263621603922635e-01
1.000000000000000000e+00
1.000000000000000000e+00
-1.000000000000000000e+00
1.000000000000000000e+00
8.150169121000092609e-01
1.864336620952440626e-01
-1.000000000000000000e+00
6.243473864282372832e-01
-1.000000000000000000e+00
7.896577338480574859e-01
-4.406474674886895482e-01
7.444437036841933253e-01
-8.548554741183873595e-01
2.480635310151919626e-01
-1.000000000000000000e+00
-1.000000000000000000e+00
-5.476928197856441027e-01
-2.474455424578723139e-01
-4.792008036268552429e-02
6.261322177824335533e-01
-9.142930970245005673e-01
1.000000000000000000e+00
-1.000000000000000000e+00
1.000000000000000000e+00
-1.000000000000000000e+00
9.829779878821343075e-02
-1.000000000000000000e+00
-1.000000000000000000e+00
-3.579447360440988213e-01
6.300002916410260001e-01
2.782535179825210703e-01
-7.920655800641702715e-01
-2.841730254641071096e-01
-2.291642175345484644e-02
-1.000000000000000000e+00
2.739364663690318502e-01
-5.829435208420958858e-01
1.000000000000000000e+00
-1.000000000000000000e+00
1.000000000000000000e+00
1.000000000000000000e+00
-9.256316240801560902e-01
