6.807521173187061070e-01
1.000000000000000000e+00
3.707876659673445818e-01
-1.958067772926282979e-01
3.983167123490900519e-01
-5.597785516022342200e-01
1.000000000000000000e+00
1.000000000000000000e+00
1.000000000000000000e+00
-3.033141718035196055e-01
-2.043817787331416724e-01
-1.000000000000000000e+00
1.000000000000000000e+00
-4.196149868359861368e-01
8.842680702668883619e-01
-1.000000000000000000e+00
-1.000000000000000000e+00
5.898690068435605838e-01
1.000000000000000000e+00
-1.000000000000000000e+00
4.307847923084456854e-01
-3.756819268454725247e-02
1.670534396159375490e-01
1.306437660189611050e-01
6.511441197777867451e-02
-9.901981987990814416e-01
2.512003679830847602e-01
2.630982240138338701e-01
-3.595984741645976701e-01
8.101167547769883015e-01
-1.000000000000000000e+00
1.706332584515603545e-01
3.560926574956077006e-01
1.000000000000000000e+00
-1.000000000000000000e+00
7.781872853101938770e-01
1.825195851429262106e-03
-1.000000000000000000e+00
-1.000000000000000000e+00
2.985824498222438006e-01
-1.000000000000000000e+00
-5.171141549555389183e-01
1.000000000000000000e+00
1.000000000000000000e+00
-1.000000000000000000e+00
-2.248253510675701783e-02
8.402905671464194759e-01
7.402621235962512092e-01
-1.000000000000000000e+00
8.945515808430530846e-01
-1.000000000000000000e+00
-7.253919980522679500e-01
1.000000000000000000e+00
-6.496649367276858822e-01
-1.000000000000000000e+00
-1.000000000000000000e+00
-8.633802338979756907e-01
1.000000000000000000e+00
1.000000000000000000e+00
-3.467384050649178762e-01
-6.585315527184625317e-01
-1.000000000000000000e+00
-9.954493434079771941e-01
2.614145620552177363e-01
7.915834889517292527e-01
-7.875115428317868149e-01
-1.375074260063839926e-01
-1.000000000000000000e+00
6.485038060533898641e-01
6.567086544334178599e-01
1.000000000000000000e+00
1.000000000000000000e+00
1.180154518435404531e-01
1.000000000000000000e+00
1.000000000000000000e+00
8.188793084652415954e-01
-5.457692486424464695e-02
-4.335263756422286785e-01
4.294157362537648903e-01
3.415188584292482288e-01
1.000000000000000000e+00
6.068044442739296551e-01
7.775508534765414037e-01
-4.279731369972392674e-01
6.755240100010000415e-01
6.529758917128227758e-01
-3.714219514245855613e-01
-9.206453579622374539e-01
9.567651569060020567e-01
3.825390673670100439e-01
-8.928638093515242069e-01
-4.360621693846209457e-01
-1.000000000000000000e+00
-1.000000000000000000e+00
-1.000000000000000000e+00
7.552508578712726628e-01
1.000000000000000000e+00
-1.000000000000000000e+00
1.000000000000000000e+00
1.000000000000000000e+00
1.000000000000000000e+00
2.999851616916690000e-01
3.991657812248983195e-01
6.100559036203944130e-01
-6.817716422055706271e-01
-1.000000000000000000e+00
8.246930277979412915e-01
5.760191587800809199e-01
5.111817966840832561e-01
4.215518336380333908e-01
7.706247583830622139e-01
6.576092942407815167e-01
-8.897696271049916339e-01
-1.000000000000000000e+00
-9.202624528134339954e-01
-8.660217856040355322e-01
-6.113740969797971658e-01
3.826121899473589050e-01
-6.510161138871507491e-01
3.065602936266766942e-01
-1.919000361050521297e-01
-1.000000000000000000e+00
-1.000000000000000000e+00
2.246764957270559471e-01
1.013482234944785843e-01
-6.098072934599162442e-01
1.000000000000000000e+00
2.203150628463690364e-01
-7.295377266674667460e-01
-1.000000000000000000e+00
6.591348957887656068e-01
7.187243102088110014e-01
-1.000000000000000000e+00
-8.935838519280954184e-01
-1.000000000000000000e+00
8.469534406114211933e-01
5.166123535885382978e-01
-1.422633168546332261e-01
2.156568944592113235e-01
-2.868972205306297152e-01
-1.000000000000000000e+00
-8.516085263982280384e-01
-1.000000000000000000e+00
1.000000000000000000e+00
4.460949936882744327e-01
-1.000000000000000000e+00
-6.255479177747537145e-01
2.782879876857773382e-01
6.419639993367567410e-01
8.103471475683654557e-01
-1.000000000000000000e+00
-1.719491755886962681e-01
-2.122987397813547172e-01
-3.831869875674476233e-01
1.000000000000000000e+00
1.000000000000000000e+00
1.396155174664164278e-01
5.445878262693176763e-01
-1.000000000000000000e+00
1.000000000000000000e+00
6.237529739307372534e-01
1.000000000000000000e+00
-7.132049196812673131e-02
2.727546444868612641e-01
1.000000000000000000e+00
-1.000000000000000000e+00
-7.335653965248256636e-01
6.562284114908545352e-01
-1.904938589377491720e-01
9.956664242957692368e-01
3.048172112127681688e-01
1.000000000000000000e+00
-1.000000000000000000e+00
-1.000000000000000000e+00
-4.848185187244673511e-01
-5.118850839537805175e-01
2.206552615835384312e-01
-1.000000000000000000e+00
-1.000000000000000000e+00
-8.602756713677750522e-01
-6.398364131548128775e-02
-3.387602547772461392e-02
-1.000000000000000000e+00
-1.028073130866437590e-01
5.198698271119914782e-01
-8.859794275579073730e-01
7.247838576974597879e-01
-5.496807344436904774e-01
1.000000000000000000e+00
-1.000000000000000000e+00
-1.000000000000000000e+00
5.154944600721755865e-01
-2.516541033831298790e-01
-2.408055478669145488e-01
6.023769469024908840e-01
1.000000000000000000e+00
-7.284311657914477323e-02
-3.976228102935428499e-01
1.000000000000000000e+00
-5.615354231630242943e-01
1.000000000000000000e+00
1.000000000000000000e+00
1.963533675046454929e-01
9.557693072764932296e-01
-1.973604328005935660e-01
1.000000000000000000e+00
-1.000000000000000000e+00
-9.315818481103254056e-01
-9.183886914512042754e-01
6.538857563297839626e-02
7.195720646268215503e-01
1.103953019000896152e-01
9.114635805091697573e-02
9.787082270730700362e-01
-8.509665679456638321e-01
1.000000000000000000e+00
1.000000000000000000e+00
1.000000000000000000e+00
-8.246343552848323100e-01
-6.341735499682407129e-01
-1.000000000000000000e+00
-2.832744133532107966e-01
1.357506638676461708e-01
9.093527422929310600e-01
1.322473384706615573e-01
-1.000000000000000000e+00
-1.000000000000000000e+00
-6.675961370170135911e-01
-5.371400982582619221e-02
-9.305524347343159253e-01
-1.000000000000000000e+00
-1.000000000000000000e+00
1.000000000000000000e+00
-9.894082261801884215e-02
1.000000000000000000e+00
1.000000000000000000e+00
4.784088311508516433e-01
5.934341617173666261e-01
-1.000000000000000000e+00
-4.368745556465699065e-01
4.709878489575370364e-01
6.308572443112070438e-01
-1.000000000000000000e+00
9.338159356145014911e-01
-6.555024776985044488e-01
-4.812445964544151966e-01
-9.664377572328384236e-01
5.818650413641210939e-01
-4.699219558099066996e-01
5.336164428643347390e-01
5.794200301643145368e-01
6.541898388866680403e-01
3.441047757510439231e-01
-1.000000000000000000e+00
-1.000000000000000000e+00
-7.424271678233289595e-01
-1.000000000000000000e+00
-3.481100558418885882e-01
3.437229122779811297e-01
-1.814974742845465450e-01
-6.918427671829683323e-01
1.000000000000000000e+00
-5.824245527946005918e-01
1.365600477777059174e-01
4.170289830900714145e-01
