1.000000000000000000e+00
6.565480347574623732e-01
6.552224090339160423e-01
7.313406150603718459e-01
-1.599062673999673834e-02
-1.000000000000000000e+00
-7.848593543762502067e-01
-4.577235693839856179e-01
9.398447892218053656e-02
6.639676624009464012e-01
-1.000000000000000000e+00
-1.000000000000000000e+00
-8.784691703348688208e-01
2.286493058512268917e-01
1.794286008185887182e-01
-2.927844041819384069e-01
-7.170881053841345887e-01
2.351308045529600377e-01
-1.000000000000000000e+00
5.053776144156238992e-01
-1.000000000000000000e+00
-8.299048908456405638e-01
-1.850017538264643879e-01
-1.000000000000000000e+00
1.000000000000000000e+00
6.427063020017351747e-01
-3.866882944498855057e-01
-1.000000000000000000e+00
8.573913306990164074e-01
-3.607802658121140871e-01
-9.964203668186232266e-01
1.000000000000000000e+00
1.000000000000000000e+00
-1.000000000000000000e+00
7.730596049344098386e-01
-5.211439101545433106e-01
5.324631161169612881e-01
8.422327290096751629e-01
-1.000000000000000000e+00
4.464443957474317770e-02
1.000000000000000000e+00
7.429378446101292388e-02
6.923360595538090578e-01
-9.449174147918892874e-02
2.777266864339318353e-01
-1.000000000000000000e+00
-1.000000000000000000e+00
-9.037911500140769494e-01
5.002425468633143746e-01
-9.987555562284934352e-01
-1.000000000000000000e+00
5.680853307899285110e-01
1.000000000000000000e+00
1.566559473808323832e-01
-4.886546122296786532e-02
-8.310035773175095120e-01
-1.017632565117354559e-02
-3.386740413363797941e-02
-5.131823959499547394e-01
1.000000000000000000e+00
1.000000000000000000e+00
-7.603122223587974737e-01
1.000000000000000000e+00
3.046972854580168866e-01
8.748727289424249598e-01
-1.561785240359915283e-01
-1.000000000000000000e+00
-1.000000000000000000e+00
-1.000000000000000000e+00
-1.291662994930976860e-01
-1.000000000000000000e+00
1.184504104174544104e-02
2.077540496608176745e-01
-3.749013569699706228e-01
-9.216027822612397058e-01
1.345330766712609094e-01
-3.019035879637351760e-01
-1.000000000000000000e+00
-1.000000000000000000e+00
8.732810759380709165e-01
1.000000000000000000e+00
2.178997429248219486e-01
6.885563242084817848e-01
-1.000000000000000000e+00
9.657890212176747369e-01
1.000000000000000000e+00
-7.286678784060005576e-01
1.000000000000000000e+00
-5.528431409926857221e-01
6.876837234255950282e-01
1.000000000000000000e+00
5.524159630928149323e-01
-1.000000000000000000e+00
5.962675519967592930e-01
2.876299699756798001e-01
8.652498035340242533e-01
-3.030050293194042066e-01
7.900302177091360623e-01
5.962847737838580242e-01
1.000000000000000000e+00
-1.000000000000000000e+00
7.946643209835627664e-01
5.547231069456045605e-01
1.000000000000000000e+00
7.884071010915392197e-01
-8.436224872985114143e-01
1.000000000000000000e+00
-3.632000127313805837e-01
5.963423944128316556e-01
-3.666208284921892435e-01
1.000000000000000000e+00
6.901275299422557907e-01
-8.000783915405179636e-01
5.493474243109562893e-01
5.774724602753600333e-01
7.441036343614246817e-01
1.000000000000000000e+00
-4.817396823633232072e-01
-5.851601940119799394e-01
3.971334285273453446e-01
1.000000000000000000e+00
-6.069763592165096089e-01
1.103772053901647121e-02
-5.180328865346615075e-01
-3.963835031488260885e-02
1.000000000000000000e+00
7.623205710454615813e-01
1.000000000000000000e+00
2.988569713948805995e-01
-1.000000000000000000e+00
-4.564570121059652319e-02
2.841964844462585571e-02
-5.675697263032566386e-01
3.909580560483479905e-01
1.000000000000000000e+00
-1.000000000000000000e+00
-1.000000000000000000e+00
-5.812194561914851842e-01
-9.024202342509876074e-01
1.000000000000000000e+00
1.000000000000000000e+00
5.747786592688143292e-01
-4.795865009860569295e-01
-3.051668411386039281e-01
-4.475151899313420945e-01
1.991309514660409841e-01
1.000000000000000000e+00
-1.000000000000000000e+00
-1.000000000000000000e+00
-6.640247056972000683e-01
1.000000000000000000e+00
9.288629549054759904e-01
-1.000000000000000000e+00
-6.039928919177830480e-01
5.127468582072858272e-01
3.929725723966872586e-01
1.000000000000000000e+00
-8.021263811799703713e-01
-3.835277838076962542e-01
-6.207248105895741830e-01
1.000000000000000000e+00
5.976452878116591538e-01
1.000000000000000000e+00
2.911565896890191407e-01
-7.634614226010218996e-01
-4.656438310281427184e-01
-1.000000000000000000e+00
-6.731071311264938961e-01
-1.140381295211123636e-02
-1.000000000000000000e+00
-2.114513143325483790e-01
5.961918005151232158e-01
-2.501395974153561852e-01
-9.002838526135570341e-01
1.000000000000000000e+00
1.000000000000000000e+00
2.947986867509323483e-01
8.783526258645082407e-01
-1.000000000000000000e+00
-5.579445672352691954e-01
-3.690778215532549700e-01
-2.342976488336481200e-01
2.259742868844498709e-01
-1.000000000000000000e+00
8.551748536298724446e-01
3.657390837194518518e-03
-1.000000000000000000e+00
1.000000000000000000e+00
-9.299143098478382941e-01
1.000000000000000000e+00
1.437530438516901321e-01
-5.707977286234311443e-01
8.197691340199320109e-03
-3.651516189736303541e-01
-5.381102355904280321e-01
1.000000000000000000e+00
4.858598360448378450e-01
-1.000000000000000000e+00
6.559523421917775599e-01
-4.434511198310673308e-01
8.477186963571176070e-02
5.917811279783786738e-01
7.274771977216329955e-01
-1.000000000000000000e+00
-5.522118561984790119e-02
6.285113817657610458e-01
1.000000000000000000e+00
8.822953715119126183e-01
-1.000000000000000000e+00
1.000000000000000000e+00
-1.000000000000000000e+00
-1.000000000000000000e+00
5.621754857385165005e-01
1.000000000000000000e+00
-9.963567928331376056e-01
1.000000000000000000e+00
8.599254805326929096e-01
-6.750858055448032413e-01
5.410277014678180896e-01
1.000000000000000000e+00
-4.184533221958866012e-01
-1.000000000000000000e+00
-8.188514204309141897e-01
3.687764774758010011e-01
2.663532360825794920e-01
6.125514222205949988e-01
-1.000000000000000000e+00
1.000000000000000000e+00
-6.606315502705785159e-01
-8.741659155007199811e-01
-6.164485538135487941e-01
6.339197169956634070e-01
-2.388698527107534497e-01
1.000000000000000000e+00
7.454767359538116978e-01
-1.000000000000000000e+00
1.000000000000000000e+00
1.000000000000000000e+00
2.082964797962000292e-01
5.840192830740945640e-01
-5.289366201651453103e-01
-1.000000000000000000e+00
1.000000000000000000e+00
-1.000000000000000000e+00
1.000000000000000000e+00
-1.000000000000000000e+00
-1.000000000000000000e+00
-9.342926694342068572e-02
7.798188925901501367e-01
5.232156548211208680e-02
1.000000000000000000e+00
2.110809051529766167e-01
-3.424645088118909997e-01
-1.000000000000000000e+00
-1.000000000000000000e+00
9.056638267312575596e-01
4.502371924063384157e-01
1.000000000000000000e+00
-4.714541762845818051e-01
-1.000000000000000000e+00
-8.198912456583193897e-01
3.077843703320432556e-01
1.000000000000000000e+00
-1.465820632631004150e-01
-1.000000000000000000e+00
