-1.000000000000000000e+00
1.000000000000000000e+00
1.000000000000000000e+00
6.623088534355359158e-01
-1.000000000000000000e+00
-4.927081130492922956e-01
2.242107174126016789e-01
9.250332631977642439e-02
1.411532852751104516e-01
-3.772208736636508686e-01
-2.018052103624207172e-01
8.695328666526112027e-01
-1.000000000000000000e+00
1.000000000000000000e+00
-6.317400469642724392e-01
-1.734953888404291433e-01
-2.713821600318587768e-01
-1.000000000000000000e+00
1.000000000000000000e+00
-1.000000000000000000e+00
1.295343830504384064e-01
-1.000000000000000000e+00
-4.538488750133769511e-01
1.000000000000000000e+00
-1.000000000000000000e+00
9.216444100888907531e-01
7.579646265091264379e-01
5.476271229866149781e-01
1.000000000000000000e+00
1.000000000000000000e+00
1.000000000000000000e+00
1.000000000000000000e+00
4.362986976904767999e-01
8.547331817686749655e-01
-5.367523672378506916e-01
3.657991584413049502e-01
-1.000000000000000000e+00
7.058773064389456398e-01
-1.000000000000000000e+00
2.017126597658727150e-01
4.562216242925202225e-01
-1.000000000000000000e+00
-8.490308336184282378e-02
-4.193947302261875620e-01
-1.284818668656287910e-01
5.582899141629986683e-01
-1.000000000000000000e+00
7.157587735414827623e-01
-1.000000000000000000e+00
5.726260680671789727e-01
-4.168494745775053190e-01
-7.231504079034805077e-01
1.000000000000000000e+00
7.987388441331790823e-01
1.000000000000000000e+00
-9.465953154101777178e-01
1.186558262513063844e-01
-1.000000000000000000e+00
-1.000000000000000000e+00
-5.633414461549846042e-01
1.000000000000000000e+00
3.817250556573823506e-01
-9.360445090067432972e-01
-1.000000000000000000e+00
2.679937345473037968e-01
7.797293892827549255e-01
8.042249909251725226e-01
-6.696410127922620692e-01
1.000000000000000000e+00
-3.039393533449178397e-01
-8.168214917395703045e-01
9.355695466740819866e-01
-1.000000000000000000e+00
6.851889600835500138e-01
1.000000000000000000e+00
1.000000000000000000e+00
-9.961517839692259901e-01
5.487647637132808676e-01
-1.487075031970950256e-01
-7.114149715466627777e-01
1.521992577812328884e-01
-1.000000000000000000e+00
-9.214417101687690792e-01
-4.215313900418166115e-01
-1.000000000000000000e+00
1.000000000000000000e+00
-7.901456354932350212e-01
-1.000000000000000000e+00
-4.493966217461313750e-01
1.000000000000000000e+00
3.467682670267214773e-01
9.476404000653184667e-01
-1.000000000000000000e+00
1.000000000000000000e+00
1.000000000000000000e+00
4.847878700144722108e-01
-1.000000000000000000e+00
2.025805092453746292e-01
-3.902587297598642535e-01
1.178180458267994446e-01
1.000000000000000000e+00
1.000000000000000000e+00
4.999307680301058876e-01
1.000000000000000000e+00
1.000000000000000000e+00
-1.000000000000000000e+00
7.617614076550143221e-01
4.067587575020514823e-02
-1.000000000000000000e+00
2.882086917959585382e-01
5.714295331944483358e-01
-1.000000000000000000e+00
-3.465684893825777824e-01
7.493235282811722131e-01
1.000000000000000000e+00
-2.973552543193368480e-01
-3.341613746218771164e-01
1.000000000000000000e+00
3.290328656493162196e-01
7.824067820890496794e-01
-1.000000000000000000e+00
1.000000000000000000e+00
1.000000000000000000e+00
3.106680060881235328e-02
-7.050044798940626745e-01
-4.502114573039694978e-01
-1.000000000000000000e+00
9.009099788704195699e-01
6.128390623681287952e-01
1.000000000000000000e+00
8.191543756350836425e-01
-1.000000000000000000e+00
-1.000000000000000000e+00
1.000000000000000000e+00
-1.000000000000000000e+00
-2.494504991028964058e-01
-1.000000000000000000e+00
-3.111631684329593805e-01
-6.285060615375681614e-02
1.087618731152841800e-01
1.000000000000000000e+00
1.000000000000000000e+00
1.000000000000000000e+00
-4.867600706441833625e-01
-1.000000000000000000e+00
1.413529234951682589e-02
1.000000000000000000e+00
2.854205186885290235e-01
-4.939625804774758766e-01
-5.161721625114478185e-01
-1.000000000000000000e+00
-5.992664895099274469e-01
-1.000000000000000000e+00
-1.000000000000000000e+00
1.000000000000000000e+00
1.000000000000000000e+00
-6.367591598992650148e-01
-1.000000000000000000e+00
6.400710829373654764e-01
-1.542757824968311875e-02
-1.000000000000000000e+00
3.665884630318470006e-01
9.131528988754098464e-01
-1.000000000000000000e+00
-9.029175021379272081e-01
-1.000000000000000000e+00
-1.000000000000000000e+00
-1.000000000000000000e+00
-1.000000000000000000e+00
-1.000000000000000000e+00
8.520299689974382140e-01
-8.950575084244460911e-03
1.000000000000000000e+00
-8.899721282202881500e-01
1.000000000000000000e+00
-2.989859327951630563e-01
2.980231003842557236e-01
7.154321598717593433e-01
8.562176982455604879e-01
1.659977758509527668e-01
-6.372424144022896808e-01
1.000000000000000000e+00
-8.651938045243980913e-01
4.853789720738223012e-01
-5.244038147411707040e-01
7.884789704815449163e-01
-1.000000000000000000e+00
-6.870393543203150433e-01
-1.000000000000000000e+00
-7.546820199382688887e-01
-8.578022600442648526e-01
-5.066137243403996404e-01
-1.000000000000000000e+00
-1.614153039328302675e-01
-5.924391467983225468e-01
1.000000000000000000e+00
-1.000000000000000000e+00
1.000000000000000000e+00
-1.000000000000000000e+00
2.433642780583544774e-01
4.471596060397867722e-01
-7.298150125083797679e-01
-7.127134735041995572e-01
-5.721834538820199656e-01
1.000000000000000000e+00
4.800453751017363935e-02
-5.517637503918679798e-01
-4.059843977412075366e-01
-1.000000000000000000e+00
7.998914678152815316e-01
-1.000000000000000000e+00
-6.099152747739873259e-01
1.000000000000000000e+00
1.000000000000000000e+00
-1.000000000000000000e+00
-9.302720476446171283e-01
-2.921185960832888284e-01
7.906573205398367277e-01
8.029920436766646574e-02
-8.121785034321149510e-03
-1.000000000000000000e+00
6.765258704352252739e-01
2.410205448598287115e-01
1.000000000000000000e+00
1.000000000000000000e+00
-2.779045720469822678e-01
-7.433399434958167795e-01
1.832001100081093181e-02
-4.169295535303909617e-01
1.000000000000000000e+00
-1.000000000000000000e+00
3.029342320453174975e-01
2.341707205131979830e-01
1.000000000000000000e+00
-1.000000000000000000e+00
-1.000000000000000000e+00
3.341117457600035756e-01
-1.000000000000000000e+00
1.000000000000000000e+00
-8.732785035790024963e-01
-1.000000000000000000e+00
2.215167101164459418e-01
-1.447199639957953143e-01
-1.433562217197781319e-01
3.056604286296108475e-01
-2.434365144962334082e-01
1.000000000000000000e+00
-1.000000000000000000e+00
4.179692395626599666e-02
-1.000000000000000000e+00
-4.155788507587945269e-01
-1.487996652631117800e-01
1.368529768535163837e-01
4.508041859121325601e-02
7.324702679336974054e-01
-1.000000000000000000e+00
-6.767824290305368695e-01
-1.000000000000000000e+00
6.895642772117602792e-01
-7.158308498098375772e-02
-4.659361943457401845e-02
-1.000000000000000000e+00
7.310577656635934840e-01
-9.004245629453078159e-02
1.067269206070339260e-01
