-1.000000000000000000e+00
-1.000000000000000000e+00
-1.000000000000000000e+00
8.549069849309707259e-01
4.783510574537166438e-01
-5.100214802473106435e-01
-7.425811258366721290e-02
-1.000000000000000000e+00
-1.000000000000000000e+00
-4.381862642567469490e-01
2.974779633719837335e-01
4.733071919320018250e-01
-5.815584024190620926e-01
-1.000000000000000000e+00
-1.000000000000000000e+00
4.765476509754870138e-01
1.000000000000000000e+00
1.000000000000000000e+00
-1.436714985250507060e-01
1.000000000000000000e+00
1.758206595103714576e-01
7.378468849490760206e-02
1.000000000000000000e+00
-5.203357652618412210e-01
-1.574446667075919404e-01
-1.000000000000000000e+00
1.000000000000000000e+00
-2.578980081476020536e-01
-1.000000000000000000e+00
1.000000000000000000e+00
-7.976921987196039510e-01
6.729598654244772771e-01
-1.000000000000000000e+00
1.000000000000000000e+00
-1.000000000000000000e+00
-2.014051936354794847e-01
-2.965671447634685709e-01
6.998065585129442656e-02
8.689562160492272369e-01
-1.000000000000000000e+00
1.000000000000000000e+00
-8.339094367310022626e-01
1.147275975115989999e-01
1.000000000000000000e+00
-8.308250024367709319e-01
-1.000000000000000000e+00
6.817952664753648140e-01
-3.188834597132365056e-01
9.685752265089708768e-02
1.000000000000000000e+00
1.430638848083354286e-02
-1.000000000000000000e+00
-9.621348056166827423e-01
-8.722238207053482073e-01
4.232946894782795288e-01
-4.415794774554354651e-01
-9.546943650126581415e-01
-9.928154549537062667e-01
-7.102597564819069786e-01
1.000000000000000000e+00
-3.755982363427099457e-01
-4.174103975508449693e-01
-1.000000000000000000e+00
-7.388189741797444865e-02
-1.836791209517877332e-01
8.272891290262361919e-01
8.426179223531128359e-01
2.778132070912198159e-02
1.000000000000000000e+00
3.908531690735506103e-02
-2.764011291840287043e-01
1.984434859386818850e-03
-1.000000000000000000e+00
-7.094785697759098397e-01
3.900886989119344839e-01
1.000000000000000000e+00
-1.000000000000000000e+00
-9.894505743569361744e-01
1.000000000000000000e+00
-3.799909957284379747e-01
-3.458544179256821116e-01
-1.000000000000000000e+00
-2.410991231290135484e-01
-8.256408125384274710e-01
8.823839780708478964e-01
-7.520045707159053183e-01
3.748419562542006922e-01
5.359624913431677573e-01
-1.000000000000000000e+00
4.475970031506953939e-02
1.000000000000000000e+00
7.771615308276881295e-01
-1.000000000000000000e+00
1.000000000000000000e+00
1.000000000000000000e+00
-3.052521170245274251e-01
8.157275238789929439e-01
1.000000000000000000e+00
-1.000000000000000000e+00
-4.506428027385054325e-01
1.000000000000000000e+00
-1.000000000000000000e+00
1.000000000000000000e+00
-1.000000000000000000e+00
-1.000000000000000000e+00
-5.640289999118728304e-01
9.364433358390488182e-01
-1.033067779852172297e-01
-3.537593131102296784e-01
-1.000000000000000000e+00
1.000000000000000000e+00
7.164392394148446641e-01
-6.374061389283758317e-01
-4.894632021733058003e-01
1.000000000000000000e+00
-8.144041608827315981e-01
1.438021390487589368e-01
2.625676223632256168e-01
-1.000000000000000000e+00
1.000000000000000000e+00
-1.000000000000000000e+00
-3.489068213557229292e-01
7.541994392174218298e-01
8.981798511406502428e-02
-5.884666504169208112e-01
-3.800109448779456223e-01
-1.425972864563475051e-01
-6.293140056511350444e-01
-1.000000000000000000e+00
5.631138573276859294e-01
1.000000000000000000e+00
-1.000000000000000000e+00
-1.000000000000000000e+00
-1.000000000000000000e+00
-5.004956112031949678e-01
-1.000000000000000000e+00
-8.236166376102900255e-01
6.165821625662758487e-01
-5.487372399220724617e-01
-1.000000000000000000e+00
7.920450752992167498e-01
-6.083536951491159694e-01
-1.000000000000000000e+00
-8.708240885559375144e-01
-1.000000000000000000e+00
-2.127439438564766860e-02
-5.323353432336680457e-01
-3.202661776592644616e-01
1.000000000000000000e+00
1.000000000000000000e+00
1.000000000000000000e+00
-8.584906287827381854e-02
-1.000000000000000000e+00
7.210284529615336169e-01
-1.000000000000000000e+00
1.000000000000000000e+00
-1.000000000000000000e+00
-1.000000000000000000e+00
-5.666327768615013749e-01
-7.951823911201745254e-01
-1.000000000000000000e+00
-7.118433617939432523e-01
-1.000000000000000000e+00
1.000000000000000000e+00
5.723667422117783010e-01
2.300162340447218789e-01
1.000000000000000000e+00
-5.544229916965480731e-01
-4.393253431992426572e-01
-4.320743472145148756e-01
-8.159274153794150441e-01
9.328890309339290532e-01
-8.904476317219885972e-01
-8.027355178029391691e-01
2.658151341017920277e-01
5.247750065557639232e-01
5.995815632326433331e-01
-1.000000000000000000e+00
-1.000000000000000000e+00
6.994347463572970769e-01
-7.777902157753570078e-01
9.826145920753266427e-01
1.378368405712880884e-01
-2.642564400159841398e-02
-6.764883928636300503e-02
-1.000000000000000000e+00
5.392252059067579317e-01
6.325251590994025452e-01
-1.000000000000000000e+00
1.000000000000000000e+00
-1.000000000000000000e+00
1.000000000000000000e+00
-3.328711290900148168e-01
-1.000000000000000000e+00
6.587973429356788202e-01
5.592637869968788422e-01
6.042716392725483443e-01
-3.575510232546523781e-01
-2.329407969581603899e-01
-7.492764997729389753e-01
3.700085553871976796e-01
-6.435877186315970278e-01
-7.946174277988860002e-01
-5.461485133345779230e-01
-1.000000000000000000e+00
1.000000000000000000e+00
-1.000000000000000000e+00
-1.684996113398650464e-01
1.000000000000000000e+00
3.651278380292488634e-02
-7.822502530673269838e-01
-1.000000000000000000e+00
1.000000000000000000e+00
1.000000000000000000e+00
-3.600407160428321651e-01
4.599039122012001934e-01
-3.043162987552205934e-01
1.000000000000000000e+00
-8.618828960423743357e-01
-4.968580320975883313e-01
-1.000000000000000000e+00
-9.616454999265500181e-02
5.966718900581708951e-01
-4.918625677588179812e-01
-9.033283348258905332e-02
1.000000000000000000e+00
-6.536772180509291541e-01
6.932383050067606467e-01
-1.000000000000000000e+00
2.226840302316165365e-01
-1.454694648909490295e-01
-5.137686624348232201e-01
6.295356964297120772e-01
1.000000000000000000e+00
1.325609774071822844e-01
-1.000000000000000000e+00
1.000000000000000000e+00
5.309083830888153832e-01
8.721554873657695328e-01
-7.672602902413750980e-01
-6.215703068914470997e-01
-3.321623873448014130e-01
-3.817381947751072868e-01
1.000000000000000000e+00
-1.000000000000000000e+00
-1.000000000000000000e+00
1.000000000000000000e+00
1.000000000000000000e+00
1.000000000000000000e+00
1.000000000000000000e+00
1.000000000000000000e+00
1.000000000000000000e+00
6.098218474125562949e-01
1.000000000000000000e+00
3.394348079431978027e-01
2.420778811226371730e-01
-1.000000000000000000e+00
8.531635994224580077e-01
1.000000000000000000e+00
-6.353021140815025003e-01
6.293412323691536248e-01
-1.000000000000000000e+00
1.941299705826198263e-01
-8.439850058713749270e-01
-7.291044072314201152e-02
