-5.113046323971802698e-01
9.766811687876726378e-01
6.612497678850502991e-01
-7.957488706213258212e-01
9.741257569921135673e-01
1.000000000000000000e+00
1.000000000000000000e+00
-2.148689251577072523e-01
8.393504063156690398e-01
6.546064141255655278e-01
-5.977421521272947569e-01
-1.685553492650440077e-01
7.283276424859381759e-01
6.858282739426702079e-02
-1.000000000000000000e+00
7.724326487875369240e-01
1.000000000000000000e+00
-1.000000000000000000e+00
-2.781257342758541862e-01
1.000000000000000000e+00
-6.074371770172964924e-01
-1.000000000000000000e+00
-3.623708065914547083e-01
1.000000000000000000e+00
4.407284142335028410e-01
5.609753682810501019e-01
1.000000000000000000e+00
-1.000000000000000000e+00
-1.698159123240181589e-01
-1.000000000000000000e+00
1.000000000000000000e+00
-1.000000000000000000e+00
-1.000000000000000000e+00
-1.375714086905667211e-01
-5.699798183462474466e-01
-1.000000000000000000e+00
1.000000000000000000e+00
-3.417565146600856085e-01
-1.000000000000000000e+00
-1.000000000000000000e+00
7.511409349245155020e-01
-1.000000000000000000e+00
4.656289536989789424e-01
6.585448380168900107e-01
1.000000000000000000e+00
1.000000000000000000e+00
3.645169389358797751e-01
2.980462740216884843e-01
9.956688718330126697e-01
2.788341901182107008e-01
9.964440851463031157e-01
7.488900620283774900e-01
2.065311608729946125e-01
-5.661555610567731156e-01
1.000000000000000000e+00
-1.000000000000000000e+00
-2.006142697826829302e-01
-2.361373211095809110e-01
1.000000000000000000e+00
1.000000000000000000e+00
-2.108899395335563920e-01
3.477483970076448161e-01
8.715008795957104315e-01
3.490284607015148310e-01
8.944858588685089540e-01
1.000000000000000000e+00
-1.000000000000000000e+00
-3.583270848328910518e-01
4.145789869193325927e-01
1.000000000000000000e+00
-6.906457130335994510e-01
-1.000000000000000000e+00
-9.584811119928158263e-01
-1.000000000000000000e+00
-1.000000000000000000e+00
7.472910300713053733e-01
-1.000000000000000000e+00
-7.679118826291192468e-01
-1.000000000000000000e+00
-7.751513100682413948e-02
1.000000000000000000e+00
-8.537441497582727301e-01
6.478173760615508758e-01
-8.743751280717830809e-01
-9.571888808049737740e-01
8.418720564740560519e-01
-2.683056027323773018e-01
7.395214758508024122e-01
-1.000000000000000000e+00
1.000000000000000000e+00
5.608210140424140233e-01
-1.000000000000000000e+00
1.000000000000000000e+00
7.924124859343308902e-01
3.842675792413316471e-01
-1.000000000000000000e+00
-3.271805015045757270e-01
1.000000000000000000e+00
-1.000000000000000000e+00
1.000000000000000000e+00
-4.930160091488370311e-01
-3.764827511519586167e-02
1.000000000000000000e+00
6.832999502753076548e-01
1.000000000000000000e+00
-6.837371039115658355e-01
-3.838927386651875828e-01
-6.152668174336195506e-02
-1.053961177478439648e-01
-6.902615794939867544e-02
1.000000000000000000e+00
-5.955096362334874049e-01
7.556901016241406310e-01
7.640084965885707291e-02
-6.323186196800829606e-01
2.747772082046116560e-01
1.847846633560051854e-01
1.000000000000000000e+00
1.000000000000000000e+00
-1.611978198429833142e-01
-5.375896982454094752e-01
-2.692157084186836968e-01
-1.000000000000000000e+00
-1.480519396344603944e-02
-1.000000000000000000e+00
7.000675709948698255e-01
1.000000000000000000e+00
-1.806238965879580771e-01
-2.203578560243146800e-01
-8.021346674422136225e-02
-1.000000000000000000e+00
-1.000000000000000000e+00
1.000000000000000000e+00
-1.000000000000000000e+00
1.000000000000000000e+00
-8.802723296592098734e-01
8.013002589450399782e-01
-8.675152248655955134e-01
-3.890953476434507730e-01
-1.000000000000000000e+00
-3.667954861163422731e-01
3.721551265230931826e-01
-6.021750932808700441e-01
5.283979531248444994e-01
-5.438472777612091136e-01
-6.736792487516120032e-01
-1.000000000000000000e+00
1.000000000000000000e+00
1.000000000000000000e+00
-4.081272040436023651e-02
-5.996065300230661865e-01
5.413905724536838271e-02
-7.433064878538258036e-01
1.000000000000000000e+00
1.000000000000000000e+00
3.625928602336440654e-01
7.999987176849157056e-01
-1.000000000000000000e+00
6.511443306109336859e-01
9.696416524685868010e-01
3.431558517047450518e-02
-1.000000000000000000e+00
1.000000000000000000e+00
-1.000000000000000000e+00
3.868709039731028643e-01
1.000000000000000000e+00
-5.552865452880829666e-01
1.000000000000000000e+00
1.000000000000000000e+00
5.687207095218047570e-01
1.000000000000000000e+00
8.623157166112275229e-01
1.000000000000000000e+00
-1.000000000000000000e+00
1.216042063356632397e-01
4.784307580465979592e-01
7.992939176745892382e-01
9.098631907952838827e-01
1.724154848626622272e-01
-9.056152966313614217e-01
-1.000000000000000000e+00
6.795039135286835563e-01
9.340386163724466728e-01
1.000000000000000000e+00
-3.357039882922533414e-01
-1.750552458572629533e-01
-1.000000000000000000e+00
-1.000000000000000000e+00
2.617088510126309719e-01
-1.000000000000000000e+00
6.686484939137629091e-01
2.359703617661014774e-01
1.000000000000000000e+00
9.793952659546850681e-02
-1.000000000000000000e+00
-1.000000000000000000e+00
-1.000000000000000000e+00
3.741038467641788490e-02
-1.000000000000000000e+00
-1.000000000000000000e+00
5.765397407177457190e-01
9.209822785507455478e-01
-1.000000000000000000e+00
-1.000000000000000000e+00
-1.000000000000000000e+00
1.158396383263586848e-01
-9.899533674691540774e-01
-1.000000000000000000e+00
1.000000000000000000e+00
-1.000000000000000000e+00
-7.991879119812430599e-01
-8.491786205665589060e-01
2.421691661290374942e-01
7.924389372660173292e-01
5.403229009551838713e-01
-1.000000000000000000e+00
-4.108223176098086959e-01
1.000000000000000000e+00
-6.261168634850516890e-02
-6.391264832712131305e-01
-1.000000000000000000e+00
-1.000000000000000000e+00
-1.000000000000000000e+00
4.557254090324636131e-02
2.763881358137563193e-01
2.305731766726116794e-01
6.892475131687092471e-02
1.000000000000000000e+00
1.000000000000000000e+00
-5.178580146251263727e-01
1.000000000000000000e+00
1.000000000000000000e+00
8.653270309513694247e-02
7.855061425103846418e-01
6.190684599561832036e-01
-1.000000000000000000e+00
-8.789103738423276191e-02
-1.000000000000000000e+00
1.000000000000000000e+00
-6.394040388677368902e-01
-3.959000639917307218e-01
-2.180572107256808501e-01
6.172505826860653633e-01
-1.000000000000000000e+00
7.250173369202104201e-01
-1.000000000000000000e+00
-1.000000000000000000e+00
7.600826449533069074e-01
-1.000000000000000000e+00
-1.000000000000000000e+00
5.273859461749985655e-02
-6.342529271646151212e-01
1.000000000000000000e+00
5.686863064969405190e-01
1.483641874568580876e-01
8.073410009604427007e-01
-9.082969126256276171e-01
2.637178521618792626e-01
3.678192614709243635e-01
8.879632823034866451e-01
1.000000000000000000e+00
-1.000000000000000000e+00
-3.128782439849149277e-01
-9.808905581362235004e-01
-1.000000000000000000e+00
