7.884935599034890163e-01
1.000000000000000000e+00
1.000000000000000000e+00
2.240718463868984767e-01
-8.484395548613752336e-01
-9.817821919494631455e-01
-1.000000000000000000e+00
-1.000000000000000000e+00
9.833984493068519406e-01
-1.000000000000000000e+00
8.619802173828154945e-01
1.000000000000000000e+00
-2.525512824342415197e-01
-8.696978845875054098e-01
-1.000000000000000000e+00
6.097838449599167765e-01
3.787553122855151777e-01
-1.000000000000000000e+00
-8.377017449011981975e-01
6.927970998020203108e-01
-1.795363566439251435e-01
1.000000000000000000e+00
-1.000000000000000000e+00
1.000000000000000000e+00
-2.732842806456416973e-01
9.735281927839125604e-01
1.000000000000000000e+00
-2.871828223756675569e-02
9.912934435789830800e-01
-1.000000000000000000e+00
1.000000000000000000e+00
1.000000000000000000e+00
-8.204250181876646675e-01
-8.460568697822978823e-02
-1.000000000000000000e+00
1.000000000000000000e+00
1.000000000000000000e+00
-7.227091824149232124e-01
-1.000000000000000000e+00
6.160003666039972625e-01
-6.715920360086069518e-01
-1.815202167321749993e-01
2.316001572249829499e-01
7.844402252085975746e-01
-1.000000000000000000e+00
9.122896555606010427e-01
7.700222546617498942e-01
1.000000000000000000e+00
-3.836285449648149104e-01
1.000000000000000000e+00
3.548072927484059447e-01
1.000000000000000000e+00
6.120653081598377288e-01
-3.007008751476174524e-01
9.760813204486848971e-01
6.197215147524165468e-01
-1.000000000000000000e+00
-1.000000000000000000e+00
-1.000000000000000000e+00
6.149735304420691495e-01
2.131051537431851717e-01
9.197956035655069362e-01
-1.000000000000000000e+00
1.000000000000000000e+00
7.662710752034547212e-01
1.000000000000000000e+00
-1.000000000000000000e+00
1.000000000000000000e+00
-5.413671612981950654e-01
-2.076018577748621752e-01
-2.977146497932489089e-01
1.329917544395741169e-01
7.995899936709468525e-01
-6.066272859341761414e-01
8.774312459330979586e-01
-8.201082202213062500e-01
7.919724552539998408e-01
9.304633402960669208e-01
-6.078638288982654014e-01
-2.946996497239480206e-01
-7.854055755749618228e-01
5.645071978100069110e-02
1.000000000000000000e+00
9.609035340605649456e-01
-1.000000000000000000e+00
-5.436553909170578347e-01
-1.000000000000000000e+00
1.000000000000000000e+00
1.000000000000000000e+00
-2.599828321059305392e-01
-1.000000000000000000e+00
-5.425144569868223243e-01
1.000000000000000000e+00
-8.933477887604419632e-01
-2.648815005823002000e-02
1.000000000000000000e+00
1.000000000000000000e+00
2.058748781170898212e-01
1.000000000000000000e+00
5.264239835810049506e-01
7.969434783253899202e-01
1.000000000000000000e+00
-1.000000000000000000e+00
1.000000000000000000e+00
1.000000000000000000e+00
2.425858147804893505e-01
-1.000000000000000000e+00
1.000000000000000000e+00
-8.853238988521043851e-01
1.000000000000000000e+00
3.778598139715295123e-01
-7.954785606666527897e-01
1.000000000000000000e+00
7.670637552554542271e-01
9.543432954555972625e-01
1.000000000000000000e+00
-6.226861415257956001e-01
1.689103022062999893e-01
1.000000000000000000e+00
1.000000000000000000e+00
9.414629164708665510e-01
6.534411316263013525e-01
-3.137542538715504259e-01
-1.000000000000000000e+00
-1.000000000000000000e+00
1.000000000000000000e+00
-4.768654822640402413e-01
8.951613913065914474e-01
-1.000000000000000000e+00
3.596913215312061984e-01
3.169017146589122591e-01
-4.780135190586847216e-01
-1.000000000000000000e+00
1.639592012436946189e-01
-8.683760452121367379e-01
-1.000000000000000000e+00
7.699466714538248935e-01
-1.000000000000000000e+00
9.336160236275914404e-01
-1.000000000000000000e+00
1.000000000000000000e+00
1.000000000000000000e+00
-1.000000000000000000e+00
-1.000000000000000000e+00
1.271845610913759916e-01
1.000000000000000000e+00
9.210151608908044851e-01
4.484625853123893613e-01
-1.000000000000000000e+00
1.000000000000000000e+00
-5.357824086781171058e-02
2.071332928872058332e-01
4.975976704613674917e-01
1.000000000000000000e+00
1.000000000000000000e+00
-7.655179191894987412e-01
-1.000000000000000000e+00
-1.000000000000000000e+00
8.370980831383666443e-01
-1.000000000000000000e+00
-3.486858993025877540e-01
-3.717711271784819305e-01
-1.000000000000000000e+00
-1.000000000000000000e+00
-1.000000000000000000e+00
1.000000000000000000e+00
-9.874392222162222676e-01
-1.000000000000000000e+00
4.987343908060903885e-01
-8.015413699910132195e-01
-1.000000000000000000e+00
-6.442289475095617224e-01
-1.000000000000000000e+00
2.464645189562825189e-01
-1.000000000000000000e+00
-1.000000000000000000e+00
7.409031872039837374e-01
1.000000000000000000e+00
1.000000000000000000e+00
-1.506391564474219846e-01
-1.000000000000000000e+00
-4.958684612177330919e-01
6.076861584624309032e-01
-2.193495693471066987e-01
-1.000000000000000000e+00
-1.238394963504469981e-01
-4.419897106459879654e-01
1.000000000000000000e+00
2.041928604467406760e-01
-1.000000000000000000e+00
2.695303449974562060e-01
1.000000000000000000e+00
-9.466041473455912847e-01
-7.261263633911149151e-01
1.000000000000000000e+00
1.000000000000000000e+00
-1.000000000000000000e+00
-1.000000000000000000e+00
1.000000000000000000e+00
5.287233869456219315e-01
1.000000000000000000e+00
-1.000000000000000000e+00
-1.000000000000000000e+00
1.000000000000000000e+00
-7.565609216112183510e-01
6.127860560002718060e-01
9.339484784678614426e-01
1.000000000000000000e+00
1.000000000000000000e+00
-1.000000000000000000e+00
-1.000000000000000000e+00
-1.000000000000000000e+00
-1.421703818558955057e-01
1.000000000000000000e+00
-1.171692486310509373e-01
-1.000000000000000000e+00
5.254902073696388065e-02
7.433459402265663041e-01
6.042359259145403394e-01
-1.000000000000000000e+00
-1.000000000000000000e+00
2.915711003922133449e-01
8.219016560360488111e-01
1.652244631139929698e-01
-5.153661362055066419e-01
4.383291526379535785e-01
-8.987733444742328492e-01
8.847920711478577394e-01
-4.839414511589994472e-01
-1.000000000000000000e+00
-1.000000000000000000e+00
-3.138372129359034979e-02
1.900751103397648745e-01
1.000000000000000000e+00
8.823110070903213975e-01
2.100485643725253371e-01
-4.056062135081373032e-02
-1.000000000000000000e+00
1.000000000000000000e+00
2.308640183771727417e-01
-2.815014462214870949e-02
-2.283728686634239891e-01
-5.105188441423037515e-01
-4.224011249979298110e-01
2.338150511965362277e-01
-1.000000000000000000e+00
-2.254692459985042641e-01
6.938024480714234388e-01
-5.369824016634331398e-01
-2.818042136587229907e-01
5.233708444888897082e-01
-3.643900360096313795e-02
-9.879542155616604093e-01
2.796073279800844191e-01
1.000000000000000000e+00
-1.000000000000000000e+00
-4.605876995297258358e-01
1.572866932407668283e-01
1.000000000000000000e+00
-2.451850145730377628e-01
-1.000000000000000000e+00
1.000000000000000000e+00
-7.268924780277922215e-01
-9.019263292346095806e-01
-6.749928271706919780e-01
