-6.231008968558838790e-01
3.270060607226327187e-02
1.000000000000000000e+00
7.213877440243582351e-02
-1.000000000000000000e+00
8.982248077784887874e-02
1.000000000000000000e+00
-2.927798388221539705e-01
-5.613278624797182204e-01
6.327407070470194572e-01
-1.000000000000000000e+00
-3.694942018977642739e-01
-1.000000000000000000e+00
1.619712331454226106e-01
2.393259669616605301e-01
-1.000000000000000000e+00
-9.121415362234528423e-01
9.710189739170866918e-01
-1.000000000000000000e+00
-4.497396209295508873e-01
1.000000000000000000e+00
1.171233631402646136e-02
-3.110948630669688186e-01
-1.626617624906145920e-02
1.000000000000000000e+00
-7.657620868760728339e-01
4.861384276082305611e-01
5.489549814186438503e-01
-1.000000000000000000e+00
-5.108159675388888044e-01
-3.600999925408736035e-01
4.101889072882576315e-01
-6.340286082517700983e-01
-3.992357556582606382e-01
4.998637143712415520e-01
-3.821430412866387849e-01
-1.000000000000000000e+00
-1.000000000000000000e+00
-4.104918460431516980e-01
-1.000000000000000000e+00
-9.748194041499795848e-01
9.560758316108977084e-01
1.000000000000000000e+00
-4.392482069656505894e-02
8.019290956569780082e-01
-9.968477823494256151e-01
1.776737525037979104e-01
1.000000000000000000e+00
1.000000000000000000e+00
5.671672064556914084e-01
-6.588681198771546565e-01
-1.000000000000000000e+00
8.315340476326262831e-01
-8.112966802556574875e-01
-2.661558935869896558e-01
-1.604372025153140147e-01
1.000000000000000000e+00
1.000000000000000000e+00
-5.999983060384681544e-01
1.000000000000000000e+00
-1.000000000000000000e+00
1.000000000000000000e+00
-8.828043128014380070e-01
-6.071424123042163945e-01
7.547253844390718891e-01
-1.000000000000000000e+00
-1.000000000000000000e+00
-6.169579896664768581e-01
7.156027861010971769e-02
1.000000000000000000e+00
5.570245699392324668e-02
5.376206644722232308e-01
1.000000000000000000e+00
-1.000000000000000000e+00
7.685500476447137963e-02
-1.000000000000000000e+00
1.000000000000000000e+00
1.000000000000000000e+00
1.000000000000000000e+00
6.892233888928769314e-01
3.409192048740916636e-01
-1.000000000000000000e+00
-5.440011347057946978e-01
1.000000000000000000e+00
7.098810684553165107e-01
-1.355607760269830209e-01
1.000000000000000000e+00
-1.000000000000000000e+00
-7.639883410264524111e-01
-2.199191721177195524e-01
-1.000000000000000000e+00
4.526547272397691835e-01
7.897965937753732568e-01
1.000000000000000000e+00
1.647768233425820350e-01
-1.000000000000000000e+00
3.816632997802655303e-01
-7.865276577051707463e-01
8.015049304445982514e-01
-9.778039433986511764e-01
-5.642094591319514185e-01
2.646132967526972912e-01
-1.161152516918665389e-01
-4.143407350701117653e-01
1.936578539411295541e-01
1.000000000000000000e+00
1.000000000000000000e+00
-1.000000000000000000e+00
1.572977945787989995e-01
-3.863658543838228709e-01
1.000000000000000000e+00
9.316181869173876251e-01
1.000000000000000000e+00
1.000000000000000000e+00
1.000000000000000000e+00
9.746946268055395324e-01
-1.000000000000000000e+00
8.939889865690685555e-01
-3.706233460051067130e-01
1.108395246979765325e-02
-8.833985689671192132e-02
3.847554699873615425e-01
9.963106239502068640e-01
-2.985854787826185408e-01
-3.184029902977308368e-01
3.491431104674036501e-01
1.000000000000000000e+00
-3.465820741046116149e-01
2.616901986550397297e-01
-2.681344644840294444e-02
-5.163863386946986322e-01
-1.661921662128168498e-02
3.749086669947194750e-01
1.000000000000000000e+00
-4.711058882065313203e-01
-2.163270505186138948e-01
2.273559753931058136e-01
-1.193503793492182719e-01
-1.000000000000000000e+00
-1.567721745736606609e-01
8.079259600997474866e-01
-1.000000000000000000e+00
1.000000000000000000e+00
-2.435468361728165831e-02
-7.225269678005654672e-01
7.008401800043657648e-01
3.715971073724027018e-01
-2.959070787811203251e-01
9.914553175261149320e-01
2.252044735137388454e-01
1.000000000000000000e+00
6.395400139918853144e-01
-1.000000000000000000e+00
-5.275474255419866365e-01
4.729285667342620347e-01
-1.982933899839883773e-01
6.585198199455456480e-01
1.000000000000000000e+00
1.000000000000000000e+00
1.000000000000000000e+00
6.809247539767353530e-01
-2.047130349329170373e-01
-1.000000000000000000e+00
1.000000000000000000e+00
-1.000000000000000000e+00
-5.589796268416392655e-01
-7.902225049493294406e-02
-2.601126292940121321e-01
1.000000000000000000e+00
-9.099862238690428207e-01
-4.639249483885470315e-01
-1.000000000000000000e+00
-3.162688835809863708e-01
-4.127255356762195571e-01
-9.012536159553419246e-01
1.000000000000000000e+00
1.000000000000000000e+00
5.580376637856179212e-01
-5.836131918738107771e-02
-5.815545595906925769e-01
6.991233105378574786e-01
-1.000000000000000000e+00
1.000000000000000000e+00
1.000000000000000000e+00
9.145075929626156341e-02
-1.000000000000000000e+00
-2.394441799116944214e-01
1.339926733259875213e-01
-8.881945465337224288e-01
-1.000000000000000000e+00
1.328577254529373919e-01
4.128672737039462692e-02
6.199395807985045304e-01
1.000000000000000000e+00
-8.337211142657674490e-01
-1.000000000000000000e+00
-1.000000000000000000e+00
-1.000000000000000000e+00
3.949648021161290545e-01
-9.677452541115658669e-01
-1.000000000000000000e+00
-1.000000000000000000e+00
-2.550379696539692986e-01
1.000000000000000000e+00
9.259520542432833068e-01
1.000000000000000000e+00
7.270399778316066763e-01
1.000000000000000000e+00
-1.517059026625076079e-01
-7.140112535601352839e-01
-6.926015478456615249e-03
-1.885691364925845548e-02
1.000000000000000000e+00
1.000000000000000000e+00
-1.962015252988812408e-01
2.759993466262031792e-01
4.069211565883575910e-01
-1.000000000000000000e+00
-5.998834966173768324e-01
4.181711535808625424e-01
-7.568060806646025318e-01
-2.413717566566740969e-01
1.000000000000000000e+00
9.820778531649780874e-01
-3.853027577862948583e-01
-1.000000000000000000e+00
-7.523881150122142536e-01
1.000000000000000000e+00
-1.000000000000000000e+00
2.337002818890480116e-01
1.000000000000000000e+00
6.701431725259053840e-01
7.032242757513520459e-01
1.000000000000000000e+00
-2.636698300427866570e-01
-3.926630111172765836e-01
1.000000000000000000e+00
1.000000000000000000e+00
1.000000000000000000e+00
-9.214324452541726718e-01
-1.262995914331991321e-01
-1.000000000000000000e+00
-1.485724151768892387e-01
1.000000000000000000e+00
1.247778796342340346e-01
-4.985836381944479534e-01
-1.000000000000000000e+00
4.182224597179673431e-01
1.000000000000000000e+00
1.663454751586963265e-01
-9.157872573739422872e-02
-2.423410164038123371e-01
1.000000000000000000e+00
-3.137221766486697483e-02
2.186279910978141672e-01
3.273844830531680294e-02
-3.657325365997886601e-01
1.000000000000000000e+00
5.551971831710624805e-01
1.000000000000000000e+00
1.370101593902897097e-01
7.311472751925229829e-01
-1.000000000000000000e+00
-6.705934250778219363e-01
-1.000000000000000000e+00
