-1.000000000000000000e+00
-9.039966060145887550e-01
3.272966917401892162e-01
-1.000000000000000000e+00
-1.000000000000000000e+00
1.000000000000000000e+00
8.779626480933326871e-01
-1.000000000000000000e+00
-1.000000000000000000e+00
1.427728322117571835e-04
-6.281251175953889154e-01
4.316064657253722014e-01
-5.613616186274005271e-01
-2.389639510555997548e-01
-1.000000000000000000e+00
-1.000000000000000000e+00
1.000000000000000000e+00
7.446748744186151292e-01
-1.000000000000000000e+00
-4.637384884562382181e-01
1.000000000000000000e+00
9.534373132267262019e-01
6.774482698616970389e-01
1.000000000000000000e+00
2.038311180001425860e-01
-9.692067679882242492e-01
1.021081210057960265e-01
9.474356299007195004e-01
2.488567562908906294e-01
-2.129162963839450473e-01
-1.636647178802723701e-01
5.938902873477287514e-01
-3.436058082235522448e-01
-1.000000000000000000e+00
1.095923352989868205e-01
-1.180631373263244521e-01
3.548938836751003301e-01
1.000000000000000000e+00
5.610411086225348676e-01
1.832779142044681508e-01
-1.000000000000000000e+00
1.256656458428456469e-01
3.515432479913044306e-01
6.608969754504718797e-01
9.427946837265783753e-01
-1.000000000000000000e+00
1.000000000000000000e+00
-1.000000000000000000e+00
1.000000000000000000e+00
-4.342597801550620584e-01
5.124814760105598221e-01
5.091190690600463364e-01
-8.118233577354209141e-01
-1.000000000000000000e+00
-2.289251063449284640e-01
-6.841536922299440437e-01
9.857567402385110089e-01
2.389424386108293386e-01
-8.123856808858198608e-01
-9.008218056561988485e-01
-1.919534950899877135e-01
1.000000000000000000e+00
-1.000000000000000000e+00
4.031466177733871170e-01
-1.000000000000000000e+00
-4.312773339465419964e-01
2.860134241712748437e-01
-7.317648850512938896e-01
9.841351038779342364e-01
1.000000000000000000e+00
-1.000000000000000000e+00
6.706100409797672857e-01
6.815387490343866039e-02
-5.854120280235737273e-01
-6.471288484255178775e-01
8.635355672107126734e-01
-1.000000000000000000e+00
2.072688937985760482e-01
1.000000000000000000e+00
9.137506490184477137e-01
-5.947572746679856692e-01
2.005500296610756017e-01
1.000000000000000000e+00
2.359887692746109877e-01
4.153026989453296181e-01
8.036849135386077148e-01
2.166843596729228771e-01
3.413566449685878634e-02
-1.000000000000000000e+00
4.052427456521539018e-01
1.000000000000000000e+00
-4.306801412784515004e-01
1.000000000000000000e+00
2.411197531617415568e-01
-5.337502040327871122e-02
-1.000000000000000000e+00
-5.393646762493866653e-01
1.000000000000000000e+00
-1.000000000000000000e+00
8.323846495658657751e-01
-1.000000000000000000e+00
8.240173323738841926e-01
1.489629658025496406e-01
-3.228974211306806508e-02
-1.000000000000000000e+00
1.000000000000000000e+00
-3.329885347802181705e-01
7.991001058801241452e-01
1.000000000000000000e+00
-2.217156697711342161e-01
-3.577566330800506789e-01
5.427607815204928965e-01
-5.575660060281301122e-01
1.000000000000000000e+00
1.000000000000000000e+00
1.197289748335172987e-02
-7.977068408074445838e-01
-1.000000000000000000e+00
-1.000000000000000000e+00
-1.000000000000000000e+00
-2.195166242141525226e-01
4.113495967902262018e-01
-9.062860344203540475e-01
-3.909800661297790358e-01
-4.592402443500275266e-01
9.488034033901501241e-01
4.580625812510272787e-01
1.000000000000000000e+00
-7.232216082453470918e-01
-2.706317999029654309e-01
1.666367329718607682e-01
-4.877144396636399204e-01
-9.871232198542245762e-01
2.324457988205264058e-02
-7.813653515001275363e-01
1.000000000000000000e+00
9.495640916200907000e-01
4.458822826359069014e-01
9.307931543453474843e-01
-7.986591514552154880e-01
1.000000000000000000e+00
1.000000000000000000e+00
-1.000000000000000000e+00
-1.007152000493557326e-01
-2.718555252183536552e-01
-9.254863952023659746e-01
-1.000000000000000000e+00
7.811853361109546423e-01
-1.000000000000000000e+00
-1.000000000000000000e+00
3.204118258730872526e-01
-2.001040254607522328e-01
-1.000000000000000000e+00
6.974254703562126068e-01
-7.684378908460416380e-01
-4.689847361074327425e-01
9.314598645786901221e-01
1.317458750721194338e-01
4.820246915706122293e-01
1.251730944862728956e-01
-1.000000000000000000e+00
-1.000000000000000000e+00
7.578270034443155279e-01
-5.246230993880821591e-01
3.212916422625835544e-01
5.578832024569694292e-01
-1.000000000000000000e+00
-2.361628976752391806e-01
-5.924490486232103503e-01
9.114362257960735292e-01
-7.060998047161055613e-01
8.948233864189301112e-01
-6.543631986963664993e-01
9.331922241326986445e-01
-2.701897546351745838e-01
-1.000000000000000000e+00
-1.000000000000000000e+00
2.927437241284845948e-01
-1.000000000000000000e+00
1.000000000000000000e+00
1.000000000000000000e+00
4.575413604101313814e-02
-1.000000000000000000e+00
-8.944948174553966069e-01
1.000000000000000000e+00
-7.560162208457543720e-01
-3.557735085145777854e-01
-1.000000000000000000e+00
7.499086231913894007e-01
6.060382369495319610e-01
-8.025013763170720793e-01
-7.017982752276972214e-01
-1.000000000000000000e+00
1.000000000000000000e+00
-4.401307457406113954e-01
8.405642805882753699e-01
-1.000000000000000000e+00
2.261867403927513287e-01
5.118556973640504548e-01
7.818614361980201766e-01
-6.514749893373896761e-01
-6.954653716738764535e-01
-1.000000000000000000e+00
-1.000000000000000000e+00
1.000000000000000000e+00
-1.957412071366159689e-01
-4.328488092012847677e-01
-8.352527657473123313e-01
-1.000000000000000000e+00
-3.147968239883977004e-01
-5.505233449479016716e-01
-4.221972783453584732e-01
3.841926236224811886e-01
1.000000000000000000e+00
1.000000000000000000e+00
1.820514825079458943e-01
-4.411169730790343024e-01
1.000000000000000000e+00
6.822213184334232627e-01
-1.000000000000000000e+00
-1.000000000000000000e+00
-9.926271726260704753e-01
1.000000000000000000e+00
8.805109817232170677e-02
-8.942846362290174378e-01
-7.701560524322628165e-01
-1.000000000000000000e+00
-3.427981036717998031e-01
-1.000000000000000000e+00
-2.615839869758962433e-02
-9.466099882836213064e-01
-9.876869526524345577e-02
-7.857083729542051476e-01
-1.000000000000000000e+00
-7.281453091261878008e-01
1.000000000000000000e+00
6.741070448143426930e-01
-2.102137990828037983e-01
1.000000000000000000e+00
5.888150679756423145e-01
-4.868136695701862360e-01
-3.878784645185973101e-01
4.667695376964688392e-01
7.125334464368848764e-01
8.664274948044015101e-01
1.384453463979975485e-01
-2.602373989101405272e-01
-5.646932130334622046e-01
-7.124203519331675505e-01
-1.000000000000000000e+00
-1.000000000000000000e+00
1.000000000000000000e+00
-6.667153685058492263e-01
2.992562212615530459e-01
4.144697842074344107e-01
7.060424650290171300e-01
-1.000000000000000000e+00
7.728844887518947493e-01
3.884951738977601710e-01
1.000000000000000000e+00
-3.285788861052230114e-01
1.000000000000000000e+00
9.245347483629370311e-01
6.134212947942774274e-01
-8.318897469919818155e-01
