-1.000000000000000000e+00
-3.537017035063351189e-01
-1.535868624388158077e-01
-1.000000000000000000e+00
-1.667441748828981107e-01
1.000000000000000000e+00
7.842202543484696475e-01
1.000000000000000000e+00
-1.000000000000000000e+00
-1.000000000000000000e+00
-5.372674234733980647e-01
-1.000000000000000000e+00
-1.359943805170578113e-01
1.098765134949981626e-01
-1.000000000000000000e+00
3.557070860044253546e-01
4.264645771003201524e-01
-1.613355728525021071e-01
-1.000000000000000000e+00
1.000000000000000000e+00
-2.917451749636590375e-01
1.000000000000000000e+00
4.125559778240022180e-01
-6.869722721862959736e-01
8.908826271844391131e-01
1.000000000000000000e+00
5.396635425020642751e-01
-7.496314868539541987e-01
-1.000000000000000000e+00
3.747551069586257944e-01
1.000000000000000000e+00
-1.000000000000000000e+00
5.623842431076828685e-01
7.830237143064779914e-01
-5.277781201060828264e-01
-1.000000000000000000e+00
-1.000000000000000000e+00
-1.000000000000000000e+00
5.772891308849138481e-01
5.787875392541423913e-01
-6.756015191764919159e-01
-1.000000000000000000e+00
7.234889247474248775e-01
1.000000000000000000e+00
-6.715953771796445704e-01
-6.834777905325302161e-01
4.806292277941616176e-01
1.000000000000000000e+00
3.465344753051018412e-01
7.144126481719961230e-01
-7.163006049366117400e-01
-1.000000000000000000e+00
4.996760705820848525e-01
1.000000000000000000e+00
9.343957775323621373e-01
7.220525103209289863e-01
6.503031359008836221e-01
-7.902533181256816697e-01
-1.000000000000000000e+00
-1.000000000000000000e+00
-5.144975538360846423e-01
3.756317961332331090e-01
1.000000000000000000e+00
-1.000000000000000000e+00
5.133269856211604143e-01
9.900017757573098542e-01
-6.074235858904986074e-01
-1.000000000000000000e+00
-3.317916608634211562e-01
-3.569832120414758725e-01
1.000000000000000000e+00
3.925278042809812185e-01
1.000000000000000000e+00
5.824154827793976974e-01
-1.000000000000000000e+00
3.110625335849254158e-01
1.000000000000000000e+00
-9.838067708630442443e-01
-1.000000000000000000e+00
-8.078529116010992883e-01
4.300601704783675316e-01
-1.000000000000000000e+00
-1.000000000000000000e+00
-4.334362681186416655e-01
1.000000000000000000e+00
-1.000000000000000000e+00
-1.000000000000000000e+00
5.323933496675697929e-01
-2.505919066061401690e-02
8.751322608399414449e-01
-1.000000000000000000e+00
6.957959728093324747e-01
1.000000000000000000e+00
-4.420683638970277496e-01
9.454424435751112021e-01
-1.000000000000000000e+00
-2.506142023380593109e-01
4.146841187097732861e-02
1.000000000000000000e+00
-1.000000000000000000e+00
-8.978686023551540885e-01
7.413827759520330574e-02
1.000000000000000000e+00
9.337067240639912447e-01
-1.758023735777122509e-01
1.000000000000000000e+00
-8.524963898581728872e-01
1.000000000000000000e+00
-1.206231305855284264e-01
1.000000000000000000e+00
8.871413045631628691e-01
-1.000000000000000000e+00
1.000000000000000000e+00
-1.000000000000000000e+00
1.000000000000000000e+00
-1.000000000000000000e+00
1.000000000000000000e+00
-9.872773690967635574e-01
-1.000000000000000000e+00
4.062273651355707837e-01
-1.000000000000000000e+00
-6.840610116980356814e-01
9.479255384001876727e-01
5.972446736806893419e-01
4.432236908162116573e-01
-1.000000000000000000e+00
-8.416284997986608341e-01
2.939708796269524527e-02
1.000000000000000000e+00
-1.000000000000000000e+00
9.936997090275301314e-02
-9.536720115134895703e-01
-1.051413285778061146e-01
2.348585498300015395e-02
6.315200856336313784e-01
8.556942119382096035e-01
-1.000000000000000000e+00
-4.932880171504782085e-01
-8.428364809187206541e-01
5.144207010286039328e-02
1.000000000000000000e+00
-7.873285501892178795e-01
1.000000000000000000e+00
-5.925968981636752231e-01
-1.000000000000000000e+00
-3.542144107275835285e-01
-3.035145552922641210e-01
9.050687527741689831e-01
2.400365506191215470e-02
-1.000000000000000000e+00
-3.876313615667104084e-01
1.000000000000000000e+00
9.666483946352784073e-01
-1.371234083702510542e-01
-7.207704531815746218e-01
1.000000000000000000e+00
-1.000000000000000000e+00
-5.281504694672911615e-01
5.422586776774422912e-01
9.808906533698795727e-01
-1.000000000000000000e+00
-1.000000000000000000e+00
-6.033049254421379848e-02
-4.089518064718571377e-01
-5.545605173078775874e-01
-1.000000000000000000e+00
1.000000000000000000e+00
-1.000000000000000000e+00
9.939733095527836237e-01
2.975704115117947524e-01
-3.647893902505230379e-01
-7.260123949833842127e-01
5.617903964472137357e-01
6.763082474868851168e-01
1.000000000000000000e+00
-1.000000000000000000e+00
-1.000000000000000000e+00
2.605807675410578561e-01
9.865146912738926854e-01
-6.062586252124431141e-01
-1.000000000000000000e+00
-1.000000000000000000e+00
-1.000000000000000000e+00
-6.323204610761272715e-01
8.157906964245880133e-01
-1.000000000000000000e+00
7.916300672756976242e-01
-5.315318310330439111e-01
-8.881617947490543230e-01
7.595589014961923180e-02
3.734388226084084383e-01
7.489930589647579851e-01
1.662548789023070572e-01
-7.377709273190695694e-01
-1.000000000000000000e+00
-1.000000000000000000e+00
3.939753388174881410e-01
6.642645961334259219e-01
1.000000000000000000e+00
8.496992636330036319e-02
1.000000000000000000e+00
-2.043734495062053957e-01
1.000000000000000000e+00
1.000000000000000000e+00
-4.083235955299091557e-01
-1.056959039099583109e-01
-1.000000000000000000e+00
-2.149181239164755786e-01
-3.235462699596627911e-01
7.057673000420792153e-01
-2.339818868599812252e-01
-1.000000000000000000e+00
7.811945782454346454e-02
9.053576917770881360e-01
-1.220684651209491545e-02
5.190311433281984410e-01
-7.124240088062459009e-01
1.763091998075858591e-01
6.558890374311245886e-01
2.026733598669581138e-01
-9.640331276592941645e-01
2.342930470872169324e-01
-5.128139905668873677e-01
-2.375040906460649248e-01
-5.481052304298593691e-01
-1.000000000000000000e+00
7.087728201970085185e-02
1.000000000000000000e+00
6.136140240103729049e-01
6.142481110676114575e-01
-8.824325843823708215e-01
6.333081494421000102e-01
-1.388601849283731537e-01
-3.356091404514108811e-01
-6.516487262150805204e-01
6.990616501685935624e-01
7.321487272654345624e-01
9.738195957210054043e-01
-5.704586281926409264e-01
-4.292175983961935559e-01
1.000000000000000000e+00
-1.000000000000000000e+00
1.000000000000000000e+00
8.295689446610613471e-01
-8.486826856365248251e-01
7.517409535371861740e-01
6.667184946115685129e-01
-8.554607761248589348e-02
-1.537105105653439052e-01
-1.000000000000000000e+00
-1.000000000000000000e+00
4.569961430973418226e-01
1.000000000000000000e+00
-1.000000000000000000e+00
5.150694195589875513e-01
6.004588222468476566e-02
2.195145749865109464e-01
-1.576711961424981379e-01
-1.016723115259901000e-01
1.000000000000000000e+00
3.489778418781894764e-01
-3.873059401794283207e-01
1.000000000000000000e+00
-7.151189797063433051e-01
-1.000000000000000000e+00
