-1.000000000000000000e+00
-1.000000000000000000e+00
8.057228228564826678e-01
-9.206380305773156358e-01
-2.104538836331832641e-01
1.000000000000000000e+00
-7.611544636735945168e-01
1.000000000000000000e+00
1.000000000000000000e+00
1.000000000000000000e+00
1.000000000000000000e+00
1.000000000000000000e+00
-1.000000000000000000e+00
5.872421082553589411e-01
-6.902020352601059283e-01
-1.000000000000000000e+00
-1.905269425419315876e-01
3.047275420380193278e-01
8.415022357457211388e-01
3.076811178546066117e-01
-4.079467407213217545e-01
1.000000000000000000e+00
9.265271544895565814e-01
-7.947647759814745472e-01
1.000000000000000000e+00
-3.329378421224062912e-01
-1.000000000000000000e+00
8.212055547789056664e-01
-1.000000000000000000e+00
5.690950507653198542e-01
-1.000000000000000000e+00
-7.022867553443653543e-01
-1.858434411813022213e-01
4.570185841058708176e-01
-2.291395963850273443e-01
-1.160429052161406904e-01
-3.171345243053635965e-01
-8.405956361668687205e-02
1.000000000000000000e+00
-3.707797693318546361e-01
-1.000000000000000000e+00
-6.575991868709298860e-01
-1.000000000000000000e+00
1.000000000000000000e+00
-9.037073256123289156e-01
1.000000000000000000e+00
-8.035357813553889450e-01
-2.660667439119537292e-01
8.613720143175755961e-01
-8.753995545149911850e-01
-4.076343234160950679e-03
-2.623435851464543944e-01
-1.000000000000000000e+00
-4.786341878220914392e-01
8.315769547718361299e-01
4.398215198505267542e-01
-1.743970699104102628e-01
1.000000000000000000e+00
1.000000000000000000e+00
-4.830735085651483018e-01
8.738763797169477598e-01
5.528472376982077607e-01
-9.288764228676780199e-01
5.824595467088251599e-01
5.767914663200686132e-01
4.530437386320197435e-01
-2.858181747321657529e-01
2.764622001822480968e-03
-1.000000000000000000e+00
7.046791151273008591e-01
-1.000000000000000000e+00
-7.403674146802213807e-01
1.000000000000000000e+00
1.167354169772625294e-01
-1.000000000000000000e+00
2.214019837901115839e-01
6.164933487256465394e-01
3.275905374092852873e-01
-6.371930297421113387e-01
7.745152244354032156e-01
-6.383470280668535057e-01
7.085568515498670283e-01
-1.000000000000000000e+00
1.000000000000000000e+00
7.076951645785444223e-01
-2.335408459178109908e-01
8.160082721308345999e-01
-9.293505443074812078e-01
7.159676732546889077e-01
4.778152523816348030e-02
7.442753439980531738e-02
1.000000000000000000e+00
1.000000000000000000e+00
4.136155347904399981e-01
8.606282257763742116e-01
3.188986556709230147e-01
2.681502458926152688e-01
4.565880656935847881e-01
-3.590808740118218989e-02
-7.141550424797908914e-01
-1.000000000000000000e+00
6.137962156648150147e-01
1.000000000000000000e+00
-1.000000000000000000e+00
1.584546663005630407e-01
-6.156303884433047546e-01
7.753115114522632911e-01
-7.049967346153381831e-01
-3.801130094933347081e-01
7.396865216011678790e-01
-2.954057685055607729e-01
1.000000000000000000e+00
1.000000000000000000e+00
7.498451858324515218e-01
-8.368779080316852692e-01
1.000000000000000000e+00
1.775915160839662832e-01
4.873467188981529530e-01
8.249860849689105713e-02
3.698781424929455941e-01
-4.990293954796942710e-01
-1.000000000000000000e+00
1.000000000000000000e+00
-4.742156164141719810e-01
-1.000000000000000000e+00
-7.067027293023082635e-01
-1.000000000000000000e+00
9.085105324444504582e-01
1.000000000000000000e+00
-9.374801408824864346e-01
-1.000000000000000000e+00
-8.215622205191519534e-02
9.302017296825484394e-01
4.291531093709604061e-01
4.283480160180594964e-01
1.000000000000000000e+00
6.057409224386920421e-01
8.961913570207209467e-01
-1.812225835940228791e-01
1.283158709512490780e-01
1.000000000000000000e+00
-1.000000000000000000e+00
2.299983712038189410e-02
6.794938176885554348e-01
2.485647369716952326e-01
-1.000000000000000000e+00
-5.929487779139467341e-01
-1.000000000000000000e+00
-9.155700266439563695e-01
1.000000000000000000e+00
1.120466793035703179e-01
-1.000000000000000000e+00
1.000000000000000000e+00
-3.761471790817974004e-01
-8.841216931356918884e-01
8.716995442718820097e-01
-1.000000000000000000e+00
1.000000000000000000e+00
-1.000000000000000000e+00
7.358567604151814434e-01
1.000000000000000000e+00
9.599619050910159768e-01
-6.570203886234240453e-01
-1.000000000000000000e+00
-4.129111923489039437e-01
9.669363457428674646e-01
5.231571096973495205e-01
2.150543747586317611e-01
-3.007367159598490769e-01
-3.999507463189934109e-01
-2.562148851513930126e-01
-2.962739641576548344e-01
5.005057945866886460e-01
-3.157757506776924794e-01
6.210774373888885425e-01
-2.823561003755332699e-01
-7.825823435263644656e-01
9.917274433952272261e-02
1.000000000000000000e+00
-2.057577238913106399e-01
-9.919751410166810501e-01
1.000000000000000000e+00
-8.070893825328360194e-01
-2.795744673741782371e-01
3.919247318137673020e-01
7.225996746021582373e-01
-5.710849580250179081e-01
1.000000000000000000e+00
1.000000000000000000e+00
6.522095553626834352e-01
-6.275463545678696686e-01
-5.219000683982395472e-01
-7.544440343891452017e-01
7.254182366900868706e-01
-4.815769438304662309e-01
3.662800882671189417e-01
4.167541134178598949e-01
6.830269446888184159e-01
-7.740382547497003385e-01
6.497723349280484229e-01
8.764711016230242180e-01
8.554273860565335674e-01
9.452271342050613256e-01
4.530540285865209960e-01
-9.917409113114401542e-01
-3.801514812571248347e-01
1.000000000000000000e+00
-5.407117950975830478e-01
-1.000000000000000000e+00
-1.768344634957264017e-01
7.059530349677598515e-01
4.574259710363521858e-01
-9.088459261611225859e-01
-1.000000000000000000e+00
1.000000000000000000e+00
-6.674330505963355087e-02
7.897721301354065915e-01
-1.000000000000000000e+00
4.013996660248784210e-01
1.000000000000000000e+00
3.472033193141710328e-03
1.000000000000000000e+00
6.523257581005388328e-01
1.000000000000000000e+00
7.855689707972540736e-01
-1.000000000000000000e+00
-4.951242235641653000e-01
8.788401707611177560e-01
-2.250623756348750781e-01
-7.410061460277486134e-01
-4.555392030675771142e-01
5.782178680793916836e-01
-3.229261663685373263e-01
-6.254615126002194270e-02
4.828893617863579402e-01
-7.112424648708581820e-01
6.704005830132144794e-01
1.000000000000000000e+00
1.000000000000000000e+00
2.303822700074930618e-01
3.159999210661852409e-01
-6.213982386006782210e-01
1.000000000000000000e+00
8.141794253645365798e-01
1.000000000000000000e+00
4.127290610980256513e-01
-4.760598902633282892e-01
1.000000000000000000e+00
7.789829066758895415e-01
7.777794360899189519e-01
1.000000000000000000e+00
7.295050807806293669e-01
1.000000000000000000e+00
-1.000000000000000000e+00
4.253684031946391997e-01
-1.542574218632315475e-01
-1.000000000000000000e+00
1.000000000000000000e+00
4.374479937491135839e-01
-1.000000000000000000e+00
-9.508492518572912999e-01
-1.000000000000000000e+00
5.459774015995959573e-01
5.316305669711712811e-01
-6.422228006453654103e-01
