-2.569370067482363851e-01
-3.807981067594092828e-01
-1.931437070600836581e-01
8.276207575651961523e-01
1.000000000000000000e+00
2.436474367682956998e-01
7.029670865660879731e-01
1.342182345682299549e-01
-3.486200017467545598e-01
-1.000000000000000000e+00
-1.000000000000000000e+00
8.383823106517481749e-01
1.000000000000000000e+00
1.000000000000000000e+00
7.997288637672390621e-01
-9.202209432450469961e-01
-2.958249545469515684e-01
4.302329411612111354e-01
-9.191667879493643500e-01
-9.071609041694439490e-01
8.781644202790950260e-01
-8.371700485979105544e-01
-2.440425958432139719e-01
5.325474329865247380e-01
6.114416969725937623e-01
5.240860696293854204e-01
-2.073591167346042763e-01
-1.000000000000000000e+00
1.094514273989581898e-01
1.000000000000000000e+00
9.880815151161173038e-01
-6.651306384486603829e-01
6.594659493322594379e-01
1.000000000000000000e+00
6.126216306224130381e-01
7.207234498477776974e-02
1.166027842037142825e-01
-1.000000000000000000e+00
-5.957460601586272997e-01
-5.727557620798593430e-01
9.158607495223267669e-01
-1.000000000000000000e+00
-3.493764807092187841e-01
-5.382858825423477711e-01
-3.809474211319439085e-01
6.306537023573584033e-01
-2.458405635101632014e-01
-1.577472596363347357e-01
4.864029256520630007e-02
-1.000000000000000000e+00
5.083710098260081356e-01
7.147326485972790300e-01
-3.314121968444314614e-01
-1.000000000000000000e+00
8.095146274611464410e-01
2.710535486798593130e-01
-4.982294130250382036e-01
4.979240583222767635e-01
-4.655966416841796907e-01
5.262419177351087551e-01
-4.813873080726596143e-01
-8.290312389765743806e-01
-1.000000000000000000e+00
4.166310315755588078e-01
-7.598960154494750485e-01
8.634636676439877423e-01
-1.614806870332510247e-01
-1.497988870430597697e-01
-2.745152905407195476e-01
-1.323581247332770161e-01
7.986180647930587462e-01
4.204302359395930555e-01
3.668037047275896079e-02
1.000000000000000000e+00
6.547298455345178514e-01
4.331806468440440039e-01
-9.958948413644943543e-01
7.586026226632416325e-01
3.197195325735605609e-01
-1.000000000000000000e+00
1.000000000000000000e+00
-9.006652253385150075e-01
9.771820958108603516e-01
7.376342276675267318e-01
-3.217304258766473524e-02
-1.281303566184999188e-01
7.546029830654383819e-01
2.503178353089321462e-01
-9.951697478449796908e-01
1.502549940532330597e-01
-2.175312255215862134e-01
-4.075963678261973477e-01
-1.820552711697831505e-01
-8.119216526892225616e-02
-5.233985350964156513e-01
5.619306504041625683e-01
3.286404966669471683e-01
5.568155494399643635e-01
-1.935762962981351087e-01
-8.794207690155519952e-01
-1.000000000000000000e+00
5.835161163237261306e-01
-9.647649446168737875e-01
-6.789662312607216421e-01
4.189774417932876638e-01
-1.573420457861276489e-01
-6.742843712708894710e-01
1.123811207492875219e-02
-1.640724621220088775e-01
5.425601206782959540e-01
1.000000000000000000e+00
1.749003756782616659e-01
-1.000000000000000000e+00
7.598470607546907729e-01
3.384022739391381318e-01
2.873886352398844490e-01
-5.542186188993070139e-01
8.642094793983352563e-01
2.350218334157947453e-01
-1.000000000000000000e+00
-5.601011463378648969e-01
-1.000000000000000000e+00
-5.854932102338248345e-01
-1.786742220707056017e-01
3.194210356011959462e-01
1.952092680141557235e-01
4.030727672846958765e-01
-5.258288015107082103e-02
8.013904714236410598e-01
9.254774211902057068e-01
-5.535909618307228719e-01
-3.246275319611349186e-01
3.819998868068232856e-01
6.558488376355626759e-01
4.886633252783982861e-01
9.052977551959444646e-01
-7.721596516640680807e-01
7.606856951656748578e-03
-7.577807414881534420e-01
9.107382751650077157e-01
5.481319082495685890e-01
-1.000000000000000000e+00
2.306110405920829276e-01
1.283929893136745992e-01
-4.863440489402877098e-01
-3.824404353283847868e-01
1.815234411366823952e-01
-1.977292077002730242e-01
-3.165733017325478293e-01
-6.351539789275943981e-01
1.000000000000000000e+00
-4.515815103612030867e-02
-3.980586131450272180e-01
2.571359198056122342e-01
6.886544501772500215e-01
4.951086961799799901e-01
-9.204305444842392214e-02
3.424301881149953708e-01
-6.934298592482022183e-01
-7.918526097963587418e-01
7.085055276974039362e-01
-6.059827827625043906e-01
4.685014540294383245e-01
6.158489825022223085e-02
-6.553712576198116313e-01
-1.000000000000000000e+00
-9.723144205508833515e-01
8.474274937482051406e-02
-9.846761945098878588e-01
-2.278652753990535462e-01
-5.403249426489125096e-01
9.939636360196124620e-02
7.888729056570227272e-01
-6.081835659591469101e-01
8.720754395649639168e-01
-1.594454450557303282e-01
-9.181277054029550744e-01
-1.012210598862429145e-01
-8.324201867024878521e-01
-5.708935124147946905e-01
-3.494192646396880875e-01
-4.800122954145220611e-01
-1.682965926458476758e-01
7.455025828200273486e-02
-4.718594420474191420e-01
-2.737382478902112837e-01
-4.311459145492444467e-01
2.906486260195351168e-01
2.132954375071032249e-01
3.229688455689134763e-01
-6.191996038753397880e-01
3.356334560493404173e-02
1.000000000000000000e+00
8.365273059009448176e-02
5.554597175441189361e-01
-1.000000000000000000e+00
8.988834863090280347e-01
6.953867133853757210e-01
-2.023346845611941891e-01
1.000000000000000000e+00
-2.498101997926776008e-01
-1.000000000000000000e+00
7.721976188246971740e-01
-1.000000000000000000e+00
1.905719622325895424e-01
-9.791302294929342676e-01
-7.101251925163201140e-01
-1.000000000000000000e+00
1.000000000000000000e+00
-6.899630550579847199e-01
-7.171539110683637919e-01
-2.120193163115586810e-01
9.099742159172516942e-01
1.865538330804936695e-01
-1.049792542955241270e-01
-9.756032186081373681e-01
7.084138959428287752e-01
-1.000000000000000000e+00
-5.859236984605822318e-01
6.660817876728204467e-01
1.000000000000000000e+00
-1.000000000000000000e+00
-2.689047828338513302e-01
9.229870663581143386e-01
6.715112331004400303e-01
-7.073333566527139071e-01
-3.745904493667916446e-01
2.318706296687167434e-01
-8.594508513667513672e-01
4.635188751360717063e-01
-7.083083985550790995e-01
-8.864635833494680650e-01
-2.884538645353273978e-02
1.782502485024550776e-01
1.433669121087015608e-01
-3.872182517845201843e-02
1.000000000000000000e+00
-7.374384334526291607e-01
6.484731216935388787e-01
-9.209180097875879767e-02
-4.095824074891647459e-01
-2.014241623497515787e-01
1.000000000000000000e+00
1.000000000000000000e+00
-1.000000000000000000e+00
6.909499001848795618e-01
2.405462092344864966e-01
7.795310790023646241e-01
3.367922428604707141e-01
3.391038093052189950e-01
-6.921870737657354056e-01
-1.000000000000000000e+00
2.345531115695372870e-01
-3.203433842998304470e-01
1.269090073486407455e-01
6.661024587325969915e-01
-3.340555277278640656e-01
1.152673300620479235e-01
-6.336148120986777599e-01
-8.926199332002273668e-01
-5.424201099720222796e-01
-3.294469184790385086e-01
1.000000000000000000e+00
2.917068472597710294e-01
-1.000000000000000000e+00
