1.786267894380924315e-01
-1.000000000000000000e+00
9.275898371369728501e-02
1.000000000000000000e+00
2.006979255514842464e-01
1.000000000000000000e+00
9.520962677687205833e-01
8.787679593052455385e-01
5.542621971308954454e-02
1.000000000000000000e+00
1.063572620954379433e-01
-5.906676437377411659e-01
-1.017984420211555108e-01
-2.604802077269021687e-01
-1.000000000000000000e+00
7.567474570164507419e-01
3.068114516995065766e-01
1.687812746952543907e-01
-1.000000000000000000e+00
6.353801962573966122e-01
-1.000000000000000000e+00
1.000000000000000000e+00
5.182207203964455111e-01
5.964524502566908026e-01
6.278526900947252187e-01
-7.794090048322566133e-02
-3.047967134227003161e-03
-6.577457895809508681e-01
-7.801825145154235308e-01
1.000000000000000000e+00
1.000000000000000000e+00
6.517133168715085745e-01
-3.658256312461254378e-01
1.000000000000000000e+00
-1.292180267477525124e-01
-1.722785442605434536e-02
-2.815331824361531066e-01
1.642905523506487941e-01
-2.670569571954335419e-01
1.000000000000000000e+00
-1.248613595447327640e-01
-9.951098991806763827e-01
3.893638688975948892e-01
2.814893640353604010e-01
-6.383261723160766898e-01
-1.000000000000000000e+00
3.862362208496356031e-01
5.240847417099224748e-01
-1.000000000000000000e+00
-9.955116155364818198e-01
1.000000000000000000e+00
-1.365848194999071952e-01
3.334389967256095044e-01
-7.326780953553080344e-02
8.815205298590158556e-01
8.042697149199087292e-01
1.839370126396778771e-01
8.202895659776676673e-01
-1.746339582245732824e-01
-1.450727785588108443e-01
-8.813140826370873260e-01
-2.254542707405613466e-01
1.000000000000000000e+00
-6.277471755798498254e-01
-1.811576994296968390e-01
2.159709477582406612e-01
-4.151768758034487528e-01
-7.181675372580886840e-01
-3.855926827216558106e-01
-1.000000000000000000e+00
7.125098300922596550e-01
1.000000000000000000e+00
6.735677912630748665e-01
-1.985309392232046388e-01
-4.547795328388974934e-01
6.510041694020918257e-02
-4.485719840771187350e-01
-7.981974402037654848e-01
2.411742817096936831e-01
1.000000000000000000e+00
1.000000000000000000e+00
-6.518272502481921027e-01
4.193662703237519551e-01
-5.580142556077136717e-01
9.757844113023983468e-01
-4.165944523104903041e-01
-4.654591777124163499e-01
-1.000000000000000000e+00
-3.685665122038814800e-01
6.919904269011627473e-01
-4.500376129316578933e-01
-8.380369074174691679e-01
-1.000000000000000000e+00
1.000000000000000000e+00
-7.107434716791882767e-01
-4.744981188410937190e-01
1.000000000000000000e+00
-3.891354699095469494e-01
-6.847114092647925698e-01
-6.209730504324952882e-01
4.702870117128584715e-01
9.551797875438565733e-01
-1.000000000000000000e+00
9.697135781788944475e-02
-6.729619394538550736e-01
4.703085492202430107e-01
1.808987391055505434e-01
-3.801670768519899712e-01
-9.827863617858527689e-01
5.027794142745212191e-01
-1.285036410001819118e-01
-1.000000000000000000e+00
-1.000000000000000000e+00
-3.922068869181039030e-01
-1.372075600870963363e-01
8.952859202834630992e-01
-6.123278928440332169e-01
-9.925439896870573708e-01
4.661027593116002787e-01
-1.000000000000000000e+00
-1.713258150052734685e-01
5.416538265043893130e-01
1.000000000000000000e+00
1.203081586319931784e-01
1.000000000000000000e+00
2.950009815898957388e-01
1.628439365724215770e-01
-1.544951546557601085e-01
-1.000000000000000000e+00
-7.146242535494549131e-01
-1.000000000000000000e+00
4.595707993053077534e-01
-5.013863277774914806e-01
-5.437414859781797283e-01
-2.968492316855307900e-01
1.000000000000000000e+00
-1.000000000000000000e+00
-8.028601861432297371e-01
-9.293989651601448632e-01
1.000000000000000000e+00
4.981267927715778421e-01
-1.000000000000000000e+00
8.180809286439485462e-01
-4.383022314900508754e-01
-1.605504264852901652e-01
3.996807675750646549e-01
-3.079742702453539538e-01
-2.497012142073250507e-01
6.887536994405207835e-01
-5.796257628627388137e-01
-4.329345080574485416e-01
-3.190792770159678882e-01
1.000000000000000000e+00
-2.468484075444934422e-01
3.132200932157100937e-01
-1.985044437623609825e-01
1.287035393206164002e-01
-4.616157027061992824e-01
3.201793620527284556e-01
-1.000000000000000000e+00
-1.000000000000000000e+00
-3.790105399345966020e-01
-3.695082057526870578e-01
-6.398448683971178497e-01
5.059515334295028310e-02
7.519270807601724504e-01
-9.106393116297880619e-01
4.747137776318901548e-01
9.271871544625102102e-01
9.334485218609784862e-01
1.000000000000000000e+00
8.441373188801386540e-01
5.914122593986408383e-01
-2.733381782136543592e-01
1.886869359680358738e-01
8.587040375583560037e-01
9.908723631817472066e-01
1.000000000000000000e+00
1.000000000000000000e+00
-1.000000000000000000e+00
4.830355677800743930e-01
-8.453162955095784303e-01
1.000000000000000000e+00
7.139890031678883808e-01
-1.269258654328346836e-01
-9.457347349110123425e-02
-9.618813083219857063e-02
7.312179179466002932e-01
-6.915061785379083004e-01
2.039746469038070664e-01
-1.000000000000000000e+00
5.639971791460041128e-01
6.894096720817932678e-02
8.196585134060128119e-01
-7.738218226414675938e-01
-5.828684272893329688e-01
-1.000000000000000000e+00
1.095787873435681292e-01
4.955448962076530739e-01
6.585459963763222735e-01
-1.000000000000000000e+00
9.088594998400183478e-01
-4.320924532850788369e-01
-4.695049602278000833e-02
-7.997015677571638337e-01
1.000000000000000000e+00
-9.210674988057587775e-01
-3.256612928466975365e-01
-4.157590286201291452e-01
-1.000000000000000000e+00
-6.193206081763721338e-01
-4.824941962020914410e-01
6.518189179261527633e-01
-1.281169658911035514e-01
1.000000000000000000e+00
2.459791297845788094e-01
-1.000000000000000000e+00
3.359699466486825159e-01
6.275602650419577211e-01
-6.071682186200932918e-02
-5.442164690061299659e-01
-1.000000000000000000e+00
8.202331056256038089e-01
-1.000000000000000000e+00
7.591697774064503079e-01
9.508738946849972784e-01
-8.806130209473792547e-01
-3.214909640066111463e-01
1.000000000000000000e+00
-3.796599133646416657e-01
-3.830697054464435869e-01
7.479655979083532635e-01
1.985164899497814384e-01
8.485117759268305804e-01
-9.478776664874217772e-01
-1.000000000000000000e+00
9.148734874954259633e-01
-1.000000000000000000e+00
-4.523665218893579976e-03
-1.000000000000000000e+00
1.989680237648610017e-01
-1.000000000000000000e+00
1.000000000000000000e+00
-8.640027059650192687e-01
1.580751592939901862e-01
-1.000000000000000000e+00
-3.391566221431460693e-01
6.959736049760127941e-01
1.000000000000000000e+00
-3.765779192730911440e-01
-6.367675350657691080e-01
5.301061310761165934e-01
-5.770870671592451817e-01
-1.000000000000000000e+00
-3.680578434608117178e-01
1.000000000000000000e+00
-1.000000000000000000e+00
-1.000000000000000000e+00
6.039179913467501715e-01
-8.792348863081645982e-01
-2.074019569998502011e-01
1.000000000000000000e+00
9.869964405206403946e-01
9.624308698330150680e-01
2.633838259345149257e-01
