1.000000000000000000e+00
1.000000000000000000e+00
1.000000000000000000e+00
-1.000000000000000000e+00
-6.090099840412274146e-01
1.000000000000000000e+00
5.973398584963096614e-01
1.345519254561143019e-01
-1.000000000000000000e+00
2.712818830824403338e-01
-9.445522950321945110e-01
-4.177240556362067370e-01
-1.000000000000000000e+00
1.000000000000000000e+00
3.443764599384546710e-01
-1.000000000000000000e+00
1.594854083121413080e-01
1.000000000000000000e+00
7.372639941557901366e-01
-9.708143177262096302e-01
-1.000000000000000000e+00
1.000000000000000000e+00
1.752195616127560918e-01
-1.019975642840441482e-01
7.247837634451512745e-01
-1.000000000000000000e+00
9.494029221765187820e-01
7.500931369426411255e-02
-9.661419406579943026e-01
-1.000000000000000000e+00
-6.073519243373883825e-01
4.461427885343782762e-02
1.000000000000000000e+00
-5.797142720975742014e-01
-9.928689723962280667e-01
-6.866575268735584103e-01
3.038264763528793488e-01
9.293842192093280108e-01
1.000000000000000000e+00
8.122190572410156184e-01
5.060814737833447818e-01
-4.404858769409099040e-01
-6.916851112586026584e-01
-4.832827368142135205e-01
-1.000000000000000000e+00
2.406559558025135326e-01
-1.000000000000000000e+00
-1.000000000000000000e+00
6.747118576207313811e-01
1.721468776903467557e-01
-1.228502764716942197e-01
1.000000000000000000e+00
-1.000000000000000000e+00
1.000000000000000000e+00
-8.209199574874459504e-01
1.000000000000000000e+00
-5.859104383694520024e-01
-3.323721192684891967e-02
-1.000000000000000000e+00
-1.000000000000000000e+00
1.000000000000000000e+00
1.000000000000000000e+00
-1.000000000000000000e+00
1.000000000000000000e+00
2.088770230258057969e-01
-1.000000000000000000e+00
7.484814553958927252e-01
1.000000000000000000e+00
-2.085095711261234497e-01
-1.000000000000000000e+00
7.235812726880184176e-01
-5.429840150164928492e-01
-2.112682788990110083e-01
1.360923009837353703e-01
-6.048949630835305236e-01
1.000000000000000000e+00
5.676228024450657994e-01
-1.000000000000000000e+00
9.781168953566778956e-01
-4.876117513318767860e-01
2.052145733849246589e-01
4.336896704317055873e-01
5.348111352860329681e-02
6.885276986648718456e-01
-1.000000000000000000e+00
-5.357402886643261031e-01
9.143643799192934241e-01
-9.086740322461721586e-01
1.000000000000000000e+00
6.113440051667731190e-01
-7.934374610228005498e-01
1.000000000000000000e+00
1.000000000000000000e+00
1.000000000000000000e+00
1.000000000000000000e+00
2.000430175435802260e-01
1.000000000000000000e+00
-1.000000000000000000e+00
-7.310879361401818599e-01
5.591880300883717014e-01
-1.000000000000000000e+00
1.000000000000000000e+00
1.000000000000000000e+00
1.000000000000000000e+00
-5.348517814235917989e-01
-8.277509408002002855e-01
-1.000000000000000000e+00
-1.000000000000000000e+00
3.468256407161970922e-01
-1.000000000000000000e+00
-1.000000000000000000e+00
3.688133314442796351e-01
4.494456213723135862e-01
-5.801574697747643450e-01
1.000000000000000000e+00
-1.000000000000000000e+00
1.000000000000000000e+00
-3.566881119213213269e-01
-1.000000000000000000e+00
-6.836893621054602743e-01
-1.540146204477688130e-01
1.377440488855751766e-01
-4.728670012234603703e-02
7.610601812662045607e-01
-9.414683359006310592e-01
1.000000000000000000e+00
-1.000000000000000000e+00
5.998121679469303746e-01
-1.000000000000000000e+00
-3.671890448109276228e-01
9.899946560575713095e-01
6.953288435181008698e-01
1.000000000000000000e+00
-7.620943944971656503e-01
5.888859541443761669e-01
1.232883318899722358e-01
1.000000000000000000e+00
3.983450707856548423e-01
7.269780120910471766e-01
-4.118485283517636653e-01
-1.000000000000000000e+00
1.000000000000000000e+00
-3.936581830081973266e-01
-4.359245263831895700e-01
9.486985504567213567e-02
-1.000000000000000000e+00
-1.820270089451948570e-01
-7.611828853983382270e-01
-1.000000000000000000e+00
3.972015931880570339e-01
1.000000000000000000e+00
6.640247084307023817e-01
-1.000000000000000000e+00
-1.000000000000000000e+00
2.334932507100909715e-01
-1.000000000000000000e+00
-1.000000000000000000e+00
6.455069415777228148e-01
1.000000000000000000e+00
-1.000000000000000000e+00
1.000000000000000000e+00
5.437616001152262291e-01
9.126282807383591100e-01
-1.000000000000000000e+00
3.979420812105938232e-01
-1.429066967942442812e-01
-1.000000000000000000e+00
-1.558829278528241769e-01
1.000000000000000000e+00
-1.000000000000000000e+00
-1.000000000000000000e+00
-1.000000000000000000e+00
4.347343387929041292e-01
-1.000000000000000000e+00
1.000000000000000000e+00
-2.630412059417318593e-01
-1.993360700017322573e-01
-8.799938184078215375e-01
1.000000000000000000e+00
1.000000000000000000e+00
-1.000000000000000000e+00
3.636190897271293077e-01
-7.005370171879505836e-01
-1.000000000000000000e+00
-1.000000000000000000e+00
7.274476587159937058e-01
1.000000000000000000e+00
9.213667329864559941e-01
-7.470636616130017504e-01
2.416684802000643728e-01
5.165029730919740159e-01
2.619835267537459211e-01
4.500648534067728246e-01
1.000000000000000000e+00
-4.508201975452466592e-01
-7.376483809409744019e-01
1.000000000000000000e+00
-2.083077685773306875e-01
-1.000000000000000000e+00
-3.883899578999960855e-02
-3.833299371485145990e-01
1.000000000000000000e+00
1.000000000000000000e+00
-4.267571435002629476e-01
-7.940913861942133778e-02
9.973937363494687069e-01
-3.483223875773233669e-01
-5.201428255954188007e-01
7.671786474029487213e-01
2.986890289459982473e-01
7.051774470798743977e-02
3.339571517773610720e-01
-1.000000000000000000e+00
-3.860759908397556894e-01
5.289173524412881244e-01
-4.138647628258066979e-01
-8.683927287227469760e-01
-7.347475853095897236e-02
-1.000000000000000000e+00
2.730722263997965027e-01
-5.891148441050736428e-01
-8.202997141526688907e-01
5.840508864837472558e-01
9.829629070131773450e-01
1.000000000000000000e+00
-1.000000000000000000e+00
-5.982930296388111469e-01
5.547500369947986343e-01
1.000000000000000000e+00
-1.000000000000000000e+00
2.936699008681460388e-01
-7.032962104316915486e-01
-1.000000000000000000e+00
-1.000000000000000000e+00
-3.414877567384364543e-01
-2.767453928404486341e-01
1.000000000000000000e+00
3.182769303683945505e-01
-1.000000000000000000e+00
-1.000000000000000000e+00
5.190812706446220476e-02
-1.000000000000000000e+00
1.000000000000000000e+00
1.000000000000000000e+00
-3.494546273225437316e-01
-5.756560406839608124e-01
3.755356967772027765e-02
4.572439882390945676e-01
1.000000000000000000e+00
-1.000000000000000000e+00
-3.448890383367095858e-01
1.000000000000000000e+00
1.000000000000000000e+00
4.517020055191443006e-01
-5.253407882998329947e-01
-1.000000000000000000e+00
7.140814740938039584e-02
-4.461658847157035090e-01
-6.542894556883210866e-02
6.143951806617776734e-01
2.262896782017680408e-01
-1.000000000000000000e+00
1.000000000000000000e+00
-1.000000000000000000e+00
1.000000000000000000e+00
