1.000000000000000000e+00
-1.000000000000000000e+00
-1.000000000000000000e+00
-1.000000000000000000e+00
9.160139671227360836e-01
4.165667339332521646e-01
-9.482553156935700223e-01
-1.000000000000000000e+00
-1.536733025056674640e-01
-8.342037307630544296e-01
-1.000000000000000000e+00
-9.656955644853248977e-02
-9.501414230740867772e-02
1.372032346734157748e-01
-1.000000000000000000e+00
-1.000000000000000000e+00
4.361511713447274730e-01
-1.435580698789391541e-01
-1.000000000000000000e+00
-1.000000000000000000e+00
9.704024293680735269e-01
7.603082338230435777e-01
1.094173910952028761e-01
6.735924463307128018e-01
-1.424800561142657851e-01
-6.984637101764716860e-01
-1.000000000000000000e+00
-9.932922914796911140e-01
1.000000000000000000e+00
-6.045571894526633461e-01
-8.207571018330761525e-02
-1.000000000000000000e+00
-6.956881407603883183e-01
-6.702721642673159508e-02
-5.431280895898866756e-01
-6.551250599646591954e-01
-1.000000000000000000e+00
5.918491943004950961e-01
5.478361961516253764e-02
4.651676441975691745e-01
-1.413231662113869636e-01
-2.069513370034354871e-01
4.370100163723897868e-01
7.143324483511452883e-01
-5.146997624555145201e-01
1.419011123095117455e-01
-5.756126501295273368e-01
9.799800043585176201e-01
2.554175367067866853e-01
8.208415962005572997e-01
9.485436412012409058e-01
-4.888022841454091605e-01
-1.000000000000000000e+00
-8.257174143961745205e-01
2.886798398414731626e-01
-1.000000000000000000e+00
-6.567549737688109790e-01
-1.000000000000000000e+00
1.000000000000000000e+00
5.811323249270312630e-01
4.549216356767868952e-01
-5.997983989608162148e-01
5.658755522154186313e-01
-1.000000000000000000e+00
9.512085625632049624e-01
4.570010119882361721e-01
-5.374201621952051644e-01
-7.596345089488766300e-01
1.198447416502015361e-01
5.963481319815245874e-01
1.137807684882257142e-01
1.935570251616473836e-01
-1.732649056159433210e-01
-3.787634883272694708e-01
-6.947875777746630455e-01
-1.000000000000000000e+00
8.100180260704057389e-01
8.422199766061908566e-01
-1.000000000000000000e+00
-2.490531849221827021e-01
5.597008198023765146e-01
6.513660164469272651e-01
1.000000000000000000e+00
2.944894334607539577e-01
-5.314385271832577917e-01
1.000000000000000000e+00
-1.829497690220134309e-01
1.000000000000000000e+00
-1.000000000000000000e+00
4.094743372754470201e-01
1.000000000000000000e+00
-5.066153292559330001e-01
-2.013867467542447276e-01
-3.282813867879922909e-01
1.040821926593875624e-01
4.267317633042244096e-01
2.038165315565592106e-01
-1.544837965813130598e-01
8.711689697816999978e-01
-1.000000000000000000e+00
-1.000000000000000000e+00
-2.635693953719536742e-01
1.000000000000000000e+00
-9.128934926760663426e-01
-4.743941213035127724e-01
-2.673353902952682604e-01
-9.768893764744944752e-01
-8.234199426776898090e-01
8.320150973968332142e-01
-4.717033238068486511e-01
-3.327291323620511498e-01
7.394968007555123846e-01
-1.000000000000000000e+00
1.000000000000000000e+00
-2.535738111458301081e-01
-1.000000000000000000e+00
1.000000000000000000e+00
2.057671007887720283e-01
4.139606194854130727e-01
-1.000000000000000000e+00
-6.006758719842484467e-02
1.000000000000000000e+00
9.530370728250840973e-01
-1.000000000000000000e+00
6.909446318387926222e-01
-6.762875393900440457e-01
2.529864271914100682e-01
-4.398681482817217159e-01
-9.610555931260218454e-01
-6.294438284434982211e-01
1.000000000000000000e+00
1.308242445213623206e-01
-9.980400309364867439e-01
1.160097837793007125e-01
-1.000000000000000000e+00
-1.000000000000000000e+00
-6.880289934335117596e-01
-1.000000000000000000e+00
-4.371167849715391629e-01
2.661207522544046800e-01
1.000000000000000000e+00
-1.000000000000000000e+00
-1.000000000000000000e+00
4.315349970337462038e-01
1.000000000000000000e+00
-3.279445154905506477e-01
-1.000000000000000000e+00
5.688261403548289241e-01
1.000000000000000000e+00
7.960662740558133166e-01
1.000000000000000000e+00
2.328142177417282799e-01
-1.992732232742229215e-01
2.350113248629326357e-02
-1.000000000000000000e+00
-4.349108867258386635e-01
-5.774225636526608696e-01
1.992776434081177106e-01
4.334969573017708466e-01
1.000000000000000000e+00
-8.412854311119257744e-01
-5.791844554901051101e-01
1.000000000000000000e+00
-2.077410571872078116e-01
7.130194519496280137e-01
2.484430897887286438e-01
-9.694391491474568801e-02
-2.584405269147915796e-01
-1.000000000000000000e+00
-2.957287150872672243e-01
5.513134941891983942e-03
-1.828614259471373349e-01
1.293007630879901004e-01
1.000000000000000000e+00
-3.824225411049066992e-01
1.000000000000000000e+00
-2.872491994529857706e-02
4.439766031399872137e-01
1.000000000000000000e+00
-3.190530253738114719e-01
-9.837162868902578072e-01
1.561557651314608441e-01
5.485793295962113625e-01
-1.000000000000000000e+00
-7.719156821335162455e-01
6.874716599961150365e-02
-8.667352913134076520e-01
8.223635026155418082e-03
7.050670031110436442e-01
-1.000000000000000000e+00
6.105650262540249784e-01
-3.779437373752192464e-02
1.000000000000000000e+00
1.000000000000000000e+00
-3.477196475859833935e-01
1.047901923132974478e-01
-7.206634223344552392e-01
-1.000000000000000000e+00
-7.888699262161429360e-01
6.028914154291320493e-01
9.317120722205682881e-01
2.036151244281569350e-01
3.343364354553867157e-01
-5.593720137602771203e-01
-1.000000000000000000e+00
3.389992804534246451e-01
-7.608940878392467244e-01
-7.096233097133981538e-01
-5.298901910057238207e-02
4.644946702064678967e-01
2.966795269389184142e-01
1.254373799978036885e-02
-1.588711030198677321e-01
8.149981401722724561e-01
-3.266705554878966966e-01
-1.000000000000000000e+00
-1.757559907946006916e-01
7.649584319499667107e-01
1.000000000000000000e+00
-1.000000000000000000e+00
-3.941584965564670084e-01
3.641410033891574471e-01
7.451340657203314732e-01
9.628184289274698271e-01
-7.823750958451636262e-01
-1.000000000000000000e+00
-1.000000000000000000e+00
2.216021646229111575e-01
1.000000000000000000e+00
1.000000000000000000e+00
7.924728203882644983e-01
-1.032132362353448407e-01
1.000000000000000000e+00
-1.245198099785471690e-02
1.130905092426934544e-01
-8.134861603377319117e-01
1.000000000000000000e+00
-1.000000000000000000e+00
1.496711213162544851e-01
2.730644390110223974e-01
4.095080653221034872e-01
1.000000000000000000e+00
-1.000000000000000000e+00
7.183931979532118817e-01
1.000000000000000000e+00
2.806256102591559998e-01
-5.751478364731797965e-01
-1.521319207803502049e-01
-1.000000000000000000e+00
8.273279700675262305e-03
-9.557199137798371158e-01
7.027106845254402767e-01
9.430519680980273822e-01
1.000000000000000000e+00
-4.289713252753699635e-01
2.190915316885670983e-01
-1.000000000000000000e+00
-2.699575793635520249e-01
1.000000000000000000e+00
-1.000000000000000000e+00
-6.072123598140888312e-01
2.354759600349226600e-01
1.000000000000000000e+00
6.879849195068399315e-01
6.037736515059854980e-01
