-5.477547300879326286e-02
2.907130551489252035e-01
2.533202556369589797e-01
-1.000000000000000000e+00
-7.262987207195209516e-01
9.865177286931698930e-01
1.000000000000000000e+00
-3.170797740853937841e-01
-1.000000000000000000e+00
3.378899718214698478e-01
1.186414211906960947e-01
4.722509604480842338e-01
5.575983718206170003e-01
-1.000000000000000000e+00
-1.000000000000000000e+00
1.095435113515994541e-01
-6.306963088654014005e-01
1.000000000000000000e+00
-4.030979548164405069e-01
3.053497461997460860e-01
7.044327750008528843e-01
-5.244115833684859229e-01
-1.000000000000000000e+00
1.000000000000000000e+00
1.000000000000000000e+00
-1.000000000000000000e+00
1.000000000000000000e+00
5.566994394334453533e-01
-1.000000000000000000e+00
-1.000000000000000000e+00
-3.678533521172739906e-01
-2.389430414140004122e-01
-1.000000000000000000e+00
-8.174132343382503052e-01
-3.245586418509789906e-01
2.271233996751403916e-01
9.617224994909185920e-01
-1.000000000000000000e+00
-5.742102417754235688e-02
-1.000000000000000000e+00
-2.583171182387813403e-01
4.099585575954903804e-01
-7.823233581186529451e-01
-7.221612926600814442e-01
9.694507169257060575e-01
-2.239506782551214936e-01
1.000000000000000000e+00
1.000000000000000000e+00
-1.000000000000000000e+00
-1.000000000000000000e+00
3.798753926561981853e-01
-5.796474266252445995e-01
1.000000000000000000e+00
1.187874977091878392e-01
-9.270899824090972352e-01
-1.000000000000000000e+00
-1.000000000000000000e+00
1.437399151866588787e-01
9.404052441556642883e-02
3.418663951931477651e-01
1.000000000000000000e+00
-1.907442524526437033e-01
-1.000000000000000000e+00
-6.307837263043465370e-01
-1.000000000000000000e+00
-1.829493638575677705e-01
9.835915374058302740e-01
7.109318782246867308e-01
-6.313236813248134238e-01
-1.000000000000000000e+00
-6.619072077802679033e-01
1.000000000000000000e+00
-1.000000000000000000e+00
1.000000000000000000e+00
-1.000000000000000000e+00
-8.896863767944221957e-01
-1.000000000000000000e+00
-8.225878303654232671e-01
-4.173868021346762713e-01
-8.865696485325418319e-01
-3.628541146442593179e-01
8.207753715199660460e-01
8.977027482967836480e-01
8.177473113151874085e-01
-1.000000000000000000e+00
-4.283790152981072907e-01
-1.000000000000000000e+00
7.648985586466066078e-01
-1.000000000000000000e+00
-5.769153100520471034e-01
1.000000000000000000e+00
-4.304603788006734488e-01
-1.004169211451946264e-01
-1.000000000000000000e+00
6.555418176488077009e-01
-1.000000000000000000e+00
2.513490452890667637e-01
-3.132058838392980105e-02
2.951396433526431995e-02
-5.532527723382805185e-01
-1.000000000000000000e+00
-6.830331595660534827e-01
1.000000000000000000e+00
-1.000000000000000000e+00
-6.297778720833175914e-01
4.594014445458454166e-01
2.033133987580737490e-02
1.610576210221147664e-01
-6.019830026810791823e-01
-4.692646733391951930e-01
-1.000000000000000000e+00
2.214739240535339437e-01
-1.684961982858407259e-01
1.172578962623348486e-01
7.698887421575097978e-01
1.000000000000000000e+00
-1.909973101354147662e-01
4.593075533666207688e-01
7.283915469821057309e-01
-7.871931891327885733e-01
7.999095546226103748e-01
-1.000000000000000000e+00
1.000000000000000000e+00
5.386780071159642524e-01
1.000000000000000000e+00
6.172698073808735586e-01
1.000000000000000000e+00
2.806261629978176186e-01
6.877987634117909144e-01
1.000000000000000000e+00
6.371117512810464678e-02
-8.492763734546537879e-01
1.000000000000000000e+00
3.806643433195586734e-01
-1.000000000000000000e+00
-7.008783256680020113e-01
1.509714310958742978e-02
2.598533068963753134e-01
1.000000000000000000e+00
3.000739297869969846e-01
4.740657346070731304e-01
-1.668922267578406560e-01
-8.345583708912915899e-01
-7.778969297654374504e-01
-4.846329501256406713e-01
2.669581004843126770e-01
-4.787355327700915097e-01
1.000000000000000000e+00
-4.077712035316730654e-01
-1.000000000000000000e+00
7.079275486366265469e-02
-1.000000000000000000e+00
1.000000000000000000e+00
1.000000000000000000e+00
2.390389479641203963e-01
-5.141437077816193302e-01
1.000000000000000000e+00
1.528787765655881259e-01
1.000000000000000000e+00
-1.000000000000000000e+00
-1.139218909543180391e-01
-1.000000000000000000e+00
1.000000000000000000e+00
8.942201055266081333e-01
-1.000000000000000000e+00
1.000000000000000000e+00
-1.000000000000000000e+00
-7.710500362613641467e-01
-4.224950448416255888e-01
1.000000000000000000e+00
7.511417980683815498e-01
1.000000000000000000e+00
-1.000000000000000000e+00
-6.572267528252162538e-01
5.442474820084998166e-01
3.585745998954625868e-01
1.457309034027116645e-01
-2.830996988919312063e-01
1.000000000000000000e+00
-2.835984423865530735e-01
1.253639754598427913e-01
2.140815079168745250e-01
-1.534498601269073670e-01
-8.899142777665111637e-03
-5.003551916278317080e-01
-1.000000000000000000e+00
-2.680834148223680824e-01
1.000000000000000000e+00
1.630715872692972690e-02
-1.000000000000000000e+00
3.178043264793772860e-02
5.424187321907480985e-02
1.000000000000000000e+00
-3.025914649585418892e-01
3.874713454233340570e-01
1.000000000000000000e+00
1.000000000000000000e+00
1.000000000000000000e+00
6.739662313959076112e-01
-1.000000000000000000e+00
-1.000000000000000000e+00
1.000000000000000000e+00
4.263589292366034011e-01
-2.613751762540391654e-01
1.752430056557179316e-01
-3.703556111266512740e-01
1.000000000000000000e+00
7.318014960710417238e-02
1.000000000000000000e+00
6.661660882340453282e-01
-1.000000000000000000e+00
-9.479353906279550657e-01
1.266156131146158881e-01
-1.000000000000000000e+00
1.000000000000000000e+00
-4.321512354086545771e-01
1.000000000000000000e+00
7.707272091361622168e-01
5.191536025132246213e-01
-8.738872110940465454e-01
-1.000000000000000000e+00
1.000000000000000000e+00
-6.183336839111075456e-01
7.622154928150071118e-02
-1.000000000000000000e+00
-5.276857197628541662e-01
4.037325324314392505e-01
-8.851581037890803305e-01
5.799250494451528848e-01
1.000000000000000000e+00
-5.701478455979021032e-01
-1.000000000000000000e+00
-1.330916621158881319e-01
1.000000000000000000e+00
8.365956043886457749e-02
-1.000000000000000000e+00
-1.000000000000000000e+00
-1.000000000000000000e+00
1.000000000000000000e+00
1.000000000000000000e+00
9.601010426125867747e-01
-3.719179346270262698e-02
8.890999721241134024e-01
1.000000000000000000e+00
-3.351447875050456160e-01
-3.747568735260251582e-01
9.778635940983797514e-01
6.473702660345592719e-02
1.000000000000000000e+00
-4.066865230359149042e-01
-1.000000000000000000e+00
-1.000000000000000000e+00
4.407805210359331261e-01
-1.480484481021320242e-01
-1.000000000000000000e+00
-5.343721338296976153e-01
-1.000000000000000000e+00
-1.448506797783110089e-01
-7.773500217056013017e-01
1.000000000000000000e+00
3.631970070240059245e-01
6.426664873706293690e-01
8.216863787884266523e-01
-7.304061810836686153e-01
-4.681672397789817808e-01
