-1.807697479076647573e-02
2.277921878582711557e-02
9.368833602588369502e-02
6.082698174948433234e-01
5.599038751888141263e-01
-1.000000000000000000e+00
4.799520038425570956e-01
-1.736360474550158184e-02
-1.000000000000000000e+00
-1.744467952904331653e-01
-2.733894617861740706e-01
2.669786810934060561e-02
-3.183321936575813638e-01
1.000000000000000000e+00
1.000000000000000000e+00
1.000000000000000000e+00
1.000000000000000000e+00
-5.443365277261142943e-01
-1.000000000000000000e+00
1.843488025222712046e-01
3.555709986778370357e-01
-1.000000000000000000e+00
1.000000000000000000e+00
-1.203400763948536678e-02
-1.000000000000000000e+00
-6.413350193054434545e-01
-1.000000000000000000e+00
1.000000000000000000e+00
-4.790407821746160977e-01
1.000000000000000000e+00
1.000000000000000000e+00
1.000000000000000000e+00
-9.918922021809026823e-01
1.000000000000000000e+00
-6.862440921056518484e-01
7.565011470095406310e-02
5.548037954442672781e-01
-1.871714833145146084e-01
9.891188144030548246e-01
-3.141759027666595205e-01
3.995611174558786338e-01
-8.669437815094116484e-01
4.807819497842805156e-02
8.609596282658735777e-01
-3.394705309554657546e-02
7.083789578630164119e-01
1.000000000000000000e+00
4.268028471109952537e-01
-1.000000000000000000e+00
-9.815839714617891065e-01
8.141760608173721492e-01
-1.909024478232201893e-02
1.849845625216025580e-01
-2.853740864173978098e-01
-2.548810285096980710e-01
-8.885807094213725721e-01
-9.465210930603904504e-01
9.361280776132430148e-01
8.557219870341555845e-01
5.887159442942109244e-01
-1.447977367468544219e-01
-3.000835645933813134e-01
3.692798004472718776e-01
-6.119976237981892275e-01
-1.112444613614343991e-01
1.442426331930111161e-01
-6.290451767593581156e-01
-1.000000000000000000e+00
1.000000000000000000e+00
-1.000000000000000000e+00
3.630692834780080425e-01
9.655971991698557577e-01
2.139954984304550389e-01
-5.310849430795643311e-01
2.336908505899716326e-01
-1.685546832622668578e-01
-6.594524011929241425e-01
-5.148565766871742166e-01
-5.393600419374061650e-01
9.604442215101329783e-01
-3.298754256984488542e-01
-1.000000000000000000e+00
-7.922318446880456388e-01
4.299386288108003606e-01
5.113086119001899466e-01
8.260772123238195874e-01
-8.785724201653579701e-01
-2.423088386787626280e-01
9.629606416588295525e-01
7.092774517060178585e-01
-9.634448944860378727e-01
3.243043240979426312e-01
1.000000000000000000e+00
8.860812508443103308e-01
-1.000000000000000000e+00
4.878692014217946848e-01
1.000000000000000000e+00
-6.028417660766755004e-01
-1.000000000000000000e+00
-1.000000000000000000e+00
7.473442628941882049e-01
7.103917306468643389e-01
-4.355503407382121939e-02
-6.849212028308993006e-02
2.439579233027819316e-01
-8.325033313249323719e-01
-1.511011829770317061e-01
7.509093182194592764e-01
4.691320134830291311e-01
-6.373359851902197226e-01
-6.505925121062932082e-01
5.431834317860755323e-01
5.166212133509222593e-01
-2.034696492589315731e-01
6.295633677657002103e-01
-1.300404407408177754e-01
-6.338984534880254262e-02
5.525874760591538148e-01
1.084365459190856917e-01
9.732597142359697973e-01
1.000000000000000000e+00
-3.813415588813077739e-01
3.153551760468198406e-01
-6.160079280595813778e-01
1.000000000000000000e+00
6.218012863543145308e-01
2.953712833769401858e-01
2.296905485766389532e-01
1.000000000000000000e+00
9.052752823557678186e-01
-3.778261131057986111e-01
1.000000000000000000e+00
7.546743217725873087e-01
-1.000000000000000000e+00
-4.588646814148256148e-02
6.917663747442179822e-01
3.247547068810685555e-01
-1.000000000000000000e+00
4.221090613586447327e-01
-1.000000000000000000e+00
-5.144997090176990362e-01
1.495059215480846193e-01
-1.000000000000000000e+00
-1.000000000000000000e+00
3.493436200141288861e-01
-9.036280436285665241e-01
1.000000000000000000e+00
1.000000000000000000e+00
-7.888931291754319730e-01
-5.550532126947589351e-01
1.000000000000000000e+00
4.934868075099310136e-01
4.705235409388730528e-01
-1.000000000000000000e+00
8.499625484994695057e-01
-1.000000000000000000e+00
-1.000000000000000000e+00
-5.462238996947125225e-01
1.000000000000000000e+00
-1.000000000000000000e+00
9.421348961702673552e-01
-1.787700251236401527e-01
5.318719787922443487e-02
5.532157745899428658e-01
2.606219842533097353e-01
1.000000000000000000e+00
1.000000000000000000e+00
-8.855159093770915701e-01
1.972449687912793959e-01
-1.000000000000000000e+00
5.596667761609669389e-01
3.365502505437110159e-01
-9.569874254710413197e-01
-1.000000000000000000e+00
1.000000000000000000e+00
-1.912067007932632956e-02
7.260349408131139270e-02
-1.000000000000000000e+00
-5.146103495906610981e-01
-7.744141435248623750e-01
9.559990278325926072e-01
-1.000000000000000000e+00
-5.535710712885715257e-01
-5.866972961749034043e-01
-1.000000000000000000e+00
-1.000000000000000000e+00
7.958375890404241204e-01
3.207564802321314912e-01
-1.000000000000000000e+00
-1.000000000000000000e+00
-1.000000000000000000e+00
9.381933056679625516e-01
-3.546849013334474332e-02
6.018310316555819384e-01
-9.744798484246497416e-01
-6.580918137341074114e-04
-4.810060847929542582e-02
1.000000000000000000e+00
-4.207518678073426943e-01
-1.000000000000000000e+00
-9.284241553478610465e-01
1.000000000000000000e+00
-1.000000000000000000e+00
-1.000000000000000000e+00
1.000000000000000000e+00
3.357432641633749659e-01
8.894070116698857831e-01
6.819572898188597243e-01
-1.000000000000000000e+00
1.000000000000000000e+00
3.864541288260008312e-01
-5.450103829161232483e-01
-1.086110603247270046e-01
5.773918174591903263e-01
1.000000000000000000e+00
-6.311680240627004501e-01
7.785251813271767407e-01
7.238275645430403138e-01
5.363094763299183221e-01
4.845076237307892608e-01
-5.922787744005830746e-01
1.447690633091552881e-01
1.000000000000000000e+00
1.000000000000000000e+00
-1.024807411864062934e-01
-2.576614915025110530e-01
-2.341393190063567609e-02
1.000000000000000000e+00
-1.000000000000000000e+00
-1.000000000000000000e+00
-1.000000000000000000e+00
-1.000000000000000000e+00
1.000000000000000000e+00
7.034198281186903046e-01
7.734903223465801059e-01
-1.000000000000000000e+00
1.173645839982566663e-01
-2.181125140274854657e-01
-4.240126030708336047e-01
1.000000000000000000e+00
8.446415047790061248e-01
8.593257871520116886e-01
-8.174282399060053272e-01
-2.216167436595100071e-01
4.599000817970375632e-01
-9.124141478809997263e-01
1.836930107174190585e-01
-7.619830686110866669e-01
-1.000000000000000000e+00
4.413305181718361614e-01
1.000000000000000000e+00
-1.000000000000000000e+00
-1.000000000000000000e+00
2.948707159728732874e-01
2.154045713578134347e-02
5.890264624699004248e-01
2.392231290037116764e-02
-3.196224305195338733e-01
8.575298841337145039e-02
-5.621431527167868314e-01
-1.522824102809835489e-01
-6.715526101795790126e-01
-8.985320593506911369e-01
-1.000000000000000000e+00
-1.000000000000000000e+00
