-1.187288272702284597e-01
6.564367283831092914e-01
7.755478361246775920e-02
-8.408897094577104658e-01
-2.394943249192089674e-01
1.000000000000000000e+00
-9.713083265314648163e-01
1.000000000000000000e+00
6.293502275131941381e-01
2.575486869792735778e-01
3.321057781356797634e-01
-4.773496088419487138e-01
1.000000000000000000e+00
-1.000000000000000000e+00
-4.969911009475352359e-01
-1.000000000000000000e+00
1.000000000000000000e+00
1.000000000000000000e+00
-1.000000000000000000e+00
3.469038570259876941e-01
8.191459689052731363e-01
-7.947980818250701684e-01
-1.000000000000000000e+00
-8.889736524046536470e-01
-9.320782930202560213e-01
4.178846687690124240e-02
5.437186216803254757e-01
-1.000000000000000000e+00
-4.343200552432404660e-01
-1.000000000000000000e+00
6.767180156804557534e-01
-8.607660721211629617e-02
-1.000000000000000000e+00
4.536857376890428006e-01
-7.229998675355450710e-02
-2.861025809443825674e-01
5.569631227308498023e-01
-8.292469713437666812e-02
-5.786204028378212350e-01
-5.296413449485282143e-01
-8.375000545804223151e-02
1.000000000000000000e+00
2.435142335924674883e-01
-2.569653636386618478e-01
1.000000000000000000e+00
1.235138440770175983e-01
-1.000000000000000000e+00
1.191325283950073199e-02
-2.998321340597891460e-01
6.653598562894158519e-03
5.577919625302043549e-01
1.057162826996587146e-01
1.757669247929055378e-01
-7.271263978251063520e-03
-1.000000000000000000e+00
1.000000000000000000e+00
2.531604606209261199e-01
-1.826458669401183066e-01
-5.396383724377520341e-01
1.817550885794450566e-01
-1.000000000000000000e+00
8.993366680417123060e-01
4.707125006533579015e-01
-9.884236165545863262e-01
-3.401323419070556575e-01
7.707453897465832426e-01
4.443904117251753494e-01
-3.516710047746636203e-01
1.000000000000000000e+00
1.000000000000000000e+00
5.040710848054545945e-01
2.367710334848489584e-01
1.000000000000000000e+00
-4.736027281845477943e-01
-3.388976024305307977e-01
1.000000000000000000e+00
9.888040512747509059e-01
-6.927362309810969343e-01
1.000000000000000000e+00
-3.209215991747071950e-02
-6.514231837145130211e-01
-1.000000000000000000e+00
6.622696309552346117e-01
4.587379182976568659e-01
-5.295963398615810558e-02
1.333553711138116826e-01
-1.000000000000000000e+00
-1.000000000000000000e+00
3.482083474508457788e-01
-1.000000000000000000e+00
5.400095759677525642e-02
1.000000000000000000e+00
-8.747313164835810451e-01
7.887785812550953679e-01
1.000000000000000000e+00
-8.856914445056339735e-01
1.000000000000000000e+00
1.000000000000000000e+00
6.760891782753744028e-01
-1.000000000000000000e+00
1.000000000000000000e+00
1.000000000000000000e+00
3.720073374090766549e-01
-1.153750889105518151e-01
-2.978950451251423104e-01
-5.599677432834917479e-01
1.000000000000000000e+00
-1.075347741965059223e-01
5.123140162143469123e-01
3.999237712097143405e-01
3.643390453933490480e-01
8.540384881450611143e-01
6.540997861349319153e-01
1.000000000000000000e+00
6.284662396247933103e-01
-1.000000000000000000e+00
-6.111578478353584254e-01
-1.000000000000000000e+00
2.551027872364795002e-01
-4.852966066914821130e-01
4.215940496512061708e-01
-4.787144811415497969e-01
-6.594499719438663421e-01
-1.000000000000000000e+00
-9.054820413758746245e-02
-2.433841156838754682e-01
5.650651070728422987e-01
-7.074453063297827526e-01
-1.000000000000000000e+00
9.583435965955673375e-01
-3.119231247274300567e-01
8.638531613991367042e-01
-1.000000000000000000e+00
-1.000000000000000000e+00
-1.938930578585872366e-01
-9.392604262408221771e-02
1.757437820117073723e-01
-3.256518885258097296e-01
5.500953677516347007e-01
3.999691683355789396e-01
5.151784966517860553e-01
6.682437589150884705e-01
-6.940830973060466702e-01
7.498883983915758389e-01
-4.650185834691074049e-01
-4.856349157397613636e-01
1.000000000000000000e+00
4.234473677440318551e-01
-7.361775739080415049e-01
-1.000000000000000000e+00
-6.921216499013530532e-01
6.702703919544956701e-01
1.000000000000000000e+00
1.000000000000000000e+00
-4.557320421630547402e-01
6.742294667440803524e-01
-6.205947901858059890e-01
6.624539126254872512e-01
9.276326065804016974e-01
-3.199658073114406420e-01
-1.288771151812821703e-01
-1.000000000000000000e+00
6.555148098008789503e-02
-4.922425995053253400e-01
-9.526396753331800582e-01
-4.923944410167854779e-01
-1.000000000000000000e+00
-9.334318164067879620e-01
1.681416762921699171e-01
8.787986842896708950e-01
-7.974547171288035585e-01
-3.869524444406374775e-01
5.537627466302461610e-01
-6.184831518574595011e-01
-1.000000000000000000e+00
-6.269407565632207913e-01
7.188796674066065817e-01
1.000000000000000000e+00
-2.155296956534307473e-01
1.185997276232049202e-01
3.965795590517751101e-02
7.888659618794531259e-01
-1.000000000000000000e+00
2.785276378291055011e-01
4.738241828850793258e-01
8.482398205135235347e-01
-1.000000000000000000e+00
-1.000000000000000000e+00
8.723009497239018195e-01
9.175786160581594908e-01
4.238860646041586744e-01
-1.000000000000000000e+00
-5.655964720652117972e-01
-7.430434766170368466e-02
3.702357959852393687e-01
-1.567735986178457330e-01
-7.960248945068102433e-01
4.144647269579316839e-01
-1.000000000000000000e+00
4.281627802087950019e-01
4.587105474427752849e-01
-1.000000000000000000e+00
1.000000000000000000e+00
1.066743066887290148e-01
-1.000000000000000000e+00
2.064237209134391349e-01
7.801463009076265998e-01
-8.837782998036440851e-01
-1.000000000000000000e+00
-1.000000000000000000e+00
-8.219675519473180758e-01
-1.000000000000000000e+00
1.180928145252569256e-01
2.410231567575493727e-01
8.641704403555181546e-01
1.000000000000000000e+00
6.780918326445103395e-01
2.615410795903125862e-01
-2.462751427107155999e-01
-1.000000000000000000e+00
1.000000000000000000e+00
-1.000000000000000000e+00
-1.000000000000000000e+00
9.443249061930483190e-01
-5.450672270739730374e-01
1.000000000000000000e+00
-7.497090119900076122e-01
1.000000000000000000e+00
-6.818376657779802175e-01
4.022003107911861219e-01
6.131336707682930598e-01
8.528407541994245111e-01
1.000000000000000000e+00
7.380362788517630390e-01
-4.678050568316982627e-02
-6.598327312467988648e-01
-1.000000000000000000e+00
1.000000000000000000e+00
-1.981844552717256791e-01
-1.000000000000000000e+00
-1.000000000000000000e+00
-3.074055799818182777e-01
-8.858590643226759154e-01
8.116109944504465989e-01
4.210284818056149181e-01
-5.132697038201210482e-01
-1.000000000000000000e+00
-9.384034177130211596e-01
4.623849497635086347e-01
-6.989959804348157002e-01
-1.945916798320732610e-01
-8.085486473256924267e-01
9.162177466153855754e-01
-5.154700559753546685e-01
1.351617500191115984e-01
-1.000000000000000000e+00
-4.636832847858725071e-01
1.000000000000000000e+00
8.143224299394756782e-01
6.833263251788888049e-01
1.000000000000000000e+00
-1.000000000000000000e+00
-1.000000000000000000e+00
-1.000000000000000000e+00
-2.322843375291756551e-01
