5.618553770986098872e-01
1.000000000000000000e+00
-2.811672230225050750e-01
-5.062936652606382371e-01
-1.000000000000000000e+00
-2.596382590091463327e-01
7.218072001105853008e-01
9.161997189263275665e-01
6.792448925619757327e-01
-9.938942135120083510e-01
-5.500725336675377219e-01
9.822586857510431368e-01
-7.940300983452169836e-01
-1.814433223554587915e-01
-5.751302698470328600e-02
1.000000000000000000e+00
6.647329355262066031e-02
7.938387144257856853e-01
-1.000000000000000000e+00
-1.000000000000000000e+00
5.990422338859868745e-01
-9.503927541610023288e-01
2.153325170136058953e-01
-9.518803744573360870e-01
9.086273941628845163e-01
3.856062530510433461e-01
5.071314679843145212e-01
1.739766197709484707e-01
6.589988595092849399e-01
5.001105079444572166e-01
-9.603000973989204159e-01
2.888433281050888368e-01
-1.573342637363845942e-01
1.000000000000000000e+00
-3.152424575433721010e-02
-1.000000000000000000e+00
1.000000000000000000e+00
-7.592171710563986320e-01
-1.000000000000000000e+00
-1.000000000000000000e+00
-9.278757547690072993e-01
1.000000000000000000e+00
1.505127414387212315e-01
3.394577827841196438e-01
8.672568704236717219e-01
2.851807575107589976e-02
1.000000000000000000e+00
9.771079256419610282e-01
9.844854653000556510e-03
-1.000000000000000000e+00
1.000000000000000000e+00
7.739300614266486633e-02
-5.908288857624264256e-01
-1.000000000000000000e+00
1.000000000000000000e+00
-3.834118369934582660e-01
-1.000000000000000000e+00
-9.066950604717696205e-01
-1.000000000000000000e+00
-1.000000000000000000e+00
-1.834477389011943682e-01
3.202143457469067700e-01
-6.402947377645018534e-02
1.000000000000000000e+00
-1.000000000000000000e+00
1.000000000000000000e+00
1.000000000000000000e+00
1.000000000000000000e+00
-1.847423045743676606e-01
-1.618038971354799072e-01
6.455701667500330920e-01
8.350034531557587458e-01
4.675527098808807125e-02
9.640925489674994076e-01
1.396751647472845859e-01
1.000000000000000000e+00
1.000000000000000000e+00
-8.879714462407810593e-01
1.000000000000000000e+00
-9.261120171455328176e-01
-7.776649449341810350e-01
1.000000000000000000e+00
1.000000000000000000e+00
-9.785507756153719594e-01
-1.000000000000000000e+00
9.859057916462246052e-01
-1.648498321052171978e-02
-3.141720871622406541e-01
-8.013181908775590667e-01
1.000000000000000000e+00
-9.925161223105372077e-01
3.751445208282966348e-01
1.000000000000000000e+00
3.506384274864272621e-01
-2.754390703225910175e-01
1.000000000000000000e+00
-2.888874866323942747e-01
-6.625166454513065073e-01
-2.271084401120826435e-01
-5.197866276249993867e-01
-2.912238202104999729e-02
-3.738625578457610010e-01
-1.816481260704325973e-01
-9.718392611780306556e-01
-1.000000000000000000e+00
-3.590062268168454640e-01
-2.642258801996297812e-01
-1.000000000000000000e+00
-1.000000000000000000e+00
3.018095222430321467e-01
-1.000000000000000000e+00
-1.000000000000000000e+00
1.000000000000000000e+00
8.023932349362554728e-01
-1.000000000000000000e+00
4.012384048166233730e-01
-8.879890387797798601e-01
-1.000000000000000000e+00
-7.654286914363747085e-01
9.627642200629411562e-01
5.832621690868313724e-01
5.754104943966446006e-01
-9.785643636680886326e-01
-6.901372346231959831e-01
-7.974721759398704091e-01
-3.224579799788454548e-01
1.695164031535361104e-01
-4.717113836306627839e-01
4.780553639557176271e-01
-2.100591799781819091e-01
8.816988272839967333e-01
-9.742395794856140157e-01
-1.000000000000000000e+00
-1.000000000000000000e+00
1.980498269338657469e-01
7.618214569413117587e-02
-1.632290580628822374e-01
-3.021001899267876656e-01
2.922016374221814705e-01
-1.000000000000000000e+00
-2.193997111835992442e-01
-4.448819986508527613e-01
-5.114530218905379844e-01
-9.182595308630303599e-02
-8.068485411061554480e-02
-7.239497555670983964e-01
-1.000000000000000000e+00
8.851937502699918081e-01
1.536630905317766804e-01
1.000000000000000000e+00
-5.404960921437953481e-01
1.000000000000000000e+00
-9.844165423039441531e-02
-1.000000000000000000e+00
-3.407266279112294294e-01
-2.590313453180396741e-01
5.818761230423851183e-01
-1.000000000000000000e+00
1.000000000000000000e+00
9.177111475814181407e-02
-1.084372948591945107e-01
-3.236273532653033413e-01
6.604461889414978693e-01
-6.106855239687125625e-01
-1.000000000000000000e+00
-1.873121170376097211e-01
3.849370384285617508e-01
-2.265666542267238404e-01
1.000000000000000000e+00
-2.105452126594575812e-01
2.778493478499335367e-01
2.591402989553630021e-01
-7.920965463792555283e-01
1.000000000000000000e+00
9.381452190948091907e-01
1.000000000000000000e+00
-4.588283404612074623e-01
-9.441651747013435347e-01
-7.591744714152672824e-01
-2.596448455304215530e-01
1.000000000000000000e+00
-6.356513842988520402e-01
5.301535395148697649e-01
-1.000000000000000000e+00
1.000000000000000000e+00
-1.000000000000000000e+00
-4.063432948348386642e-01
-6.579403640455820934e-01
-6.554968066035493646e-01
-4.839996130052467427e-01
-6.729064398967090632e-01
1.000000000000000000e+00
9.147658751212834893e-01
-8.874094556903204811e-01
-1.725762029732502700e-01
2.678840059468527990e-01
5.031136568121093999e-01
-7.569954039530859546e-01
8.939761860854422704e-01
8.858242394205916304e-01
6.280306521941967368e-01
8.529047875365372011e-01
-1.000000000000000000e+00
-1.000000000000000000e+00
1.000000000000000000e+00
-3.901631860222650738e-01
3.976769975707599158e-01
-6.045162938723065427e-01
-8.138944838406583226e-01
5.215647406755428150e-01
-2.934433097316631045e-01
5.862414839649279230e-01
-1.000000000000000000e+00
4.787923098630348928e-01
2.658929735962347607e-01
-9.840363036091168691e-01
-2.696877509209281154e-01
7.892479226203588105e-01
9.105947789132340375e-01
-9.161622395732904600e-02
-3.855765178300536999e-01
-1.000000000000000000e+00
-5.245397746748994283e-01
9.840002818224169445e-01
-1.000000000000000000e+00
-5.358718439901973829e-01
-7.600071264693224471e-01
9.384111283023122141e-01
-1.000000000000000000e+00
1.000000000000000000e+00
6.884033892191947501e-01
-2.499887613117387775e-01
1.000000000000000000e+00
1.000000000000000000e+00
-8.448862726507364584e-01
1.000000000000000000e+00
1.000000000000000000e+00
4.292409131824070911e-01
9.119597617672607903e-01
1.000000000000000000e+00
1.000000000000000000e+00
1.000000000000000000e+00
1.000000000000000000e+00
-8.404211317455788643e-01
-9.562065627427327463e-01
-5.194831850172885179e-01
-1.234816874587545410e-01
3.264078054934678730e-01
-8.769734025698687763e-01
-7.872145108832704352e-01
1.000000000000000000e+00
2.977516970251775641e-01
-1.000000000000000000e+00
6.648491129148965673e-01
6.365942284601954215e-01
1.000000000000000000e+00
2.168571611930381615e-01
-1.000000000000000000e+00
1.085201929657682030e-01
-5.413272876411576728e-01
5.358583848570539487e-01
-1.000000000000000000e+00
1.000000000000000000e+00
1.000000000000000000e+00
2.229051095601126686e-01
