5.493999394478032983e-01
1.493897506525377894e-01
-2.105895676934115279e-01
3.157987485312480080e-01
1.000000000000000000e+00
-2.824874425873454831e-01
9.369185893247531371e-01
5.032416476314299780e-01
-1.020047534778523168e-01
8.764576416631043587e-01
1.000000000000000000e+00
1.000000000000000000e+00
1.000000000000000000e+00
-1.610076309255470406e-03
-1.000000000000000000e+00
1.701769933032483972e-01
-5.337978020980962413e-01
-9.350966534563864840e-02
-3.889424166413313344e-01
-4.386784190144052964e-01
-7.659237936710652228e-01
-1.000000000000000000e+00
-6.981759836869949609e-01
1.031280133416812017e-01
-3.019672716633252096e-01
-8.651324678251977041e-01
-2.071593149455146499e-01
-1.000000000000000000e+00
2.480199466427979171e-01
9.203363797722396988e-01
1.000000000000000000e+00
-1.000000000000000000e+00
5.775088604223734823e-01
-7.607688660751354970e-02
1.204638410945420013e-01
-1.000000000000000000e+00
-1.000000000000000000e+00
-7.402633465467671758e-01
1.000000000000000000e+00
-2.298947579748724657e-01
1.611424011539870360e-01
4.920448390510572256e-01
1.000000000000000000e+00
4.197866468648311367e-01
7.544365911235417776e-02
-1.904410570222673238e-01
-7.358022715355527765e-02
-6.234935081803794077e-01
-2.124548790947009547e-01
-3.748635587351811793e-02
4.923232288110201971e-02
-1.000000000000000000e+00
-1.000000000000000000e+00
-7.865082257932645149e-01
7.863664268930318224e-01
6.631713027264174443e-02
-1.829477569174787766e-01
3.123584436782433915e-01
2.277113822918355179e-01
-1.850795915968332928e-01
-1.000000000000000000e+00
8.364829574562225867e-01
4.275122943251276064e-01
1.046153525640692861e-01
1.000000000000000000e+00
-1.902141542246806871e-01
1.000000000000000000e+00
9.707772014779841863e-01
5.663270219139220352e-01
1.752562899110725603e-01
-4.867116291607708201e-01
1.000000000000000000e+00
-1.729770880028604907e-01
-1.000000000000000000e+00
7.356662819118470198e-01
8.825389830054550799e-01
-2.330292692309603453e-01
-7.638389008924302281e-01
-3.295647275916570029e-01
-1.000000000000000000e+00
1.000000000000000000e+00
1.410154300827402007e-01
-5.555122355624851904e-01
-7.415642227564829270e-01
-4.256688256830127859e-01
4.723569220992795969e-02
-2.626955942275493450e-01
1.000000000000000000e+00
-1.000000000000000000e+00
-6.162853163591207606e-01
1.000000000000000000e+00
-7.603650936574379848e-02
4.213647597959579993e-01
2.308331358113239751e-01
-2.932952097935599411e-01
-2.329578963594870489e-01
4.635473253959895290e-01
8.387638151340823800e-01
1.000000000000000000e+00
-4.270036881500571813e-01
1.000000000000000000e+00
-8.311298936706774665e-01
-1.000000000000000000e+00
-8.071592292394798029e-01
3.203788430475478233e-01
-2.028473961521775615e-01
-2.261110724776472236e-01
-1.000000000000000000e+00
1.000000000000000000e+00
-4.743909423990892993e-01
-1.000000000000000000e+00
-8.131902490712716869e-02
-8.398025484461713042e-02
4.922614716086277653e-01
1.270937497092902158e-01
-2.410528936654374732e-01
1.000000000000000000e+00
-1.000000000000000000e+00
-7.745618737055171010e-01
1.000000000000000000e+00
8.693920354137495143e-02
1.000000000000000000e+00
1.000000000000000000e+00
-1.000000000000000000e+00
1.000000000000000000e+00
1.000000000000000000e+00
9.969942515530971772e-01
4.373287901342459705e-02
3.259003722477558096e-01
-1.000000000000000000e+00
1.000000000000000000e+00
1.000000000000000000e+00
2.267930155656243674e-01
9.062638630347952251e-03
1.000000000000000000e+00
-2.745404129068063082e-01
-3.699967430971005111e-01
4.373546135799875056e-01
-2.764587557072764046e-01
7.424453009267071302e-01
1.000000000000000000e+00
5.683377151267754446e-01
-8.511745623405990724e-01
8.634508564092370220e-01
-1.000000000000000000e+00
7.285711348988588298e-03
-7.460763368562813858e-01
-4.022696344087783871e-01
-3.980648221184021063e-01
-2.251217803638674297e-01
-3.330173570824717655e-01
1.245561525402780756e-01
-1.934507225022574772e-02
4.522590758227831298e-01
-2.479882061610654276e-01
2.114070738772554359e-01
-4.489884319929698941e-01
1.000000000000000000e+00
1.000000000000000000e+00
-1.000000000000000000e+00
1.509497086255977560e-01
4.313521632044305942e-01
5.694071197779302373e-01
1.100841082727058995e-01
-2.246407143274509188e-02
-1.000000000000000000e+00
-7.180095092591551875e-01
-1.000000000000000000e+00
3.650988815878952742e-01
8.752620147961798214e-01
1.000000000000000000e+00
-2.583522191959196634e-01
5.460318899362959222e-01
-3.218465420762066653e-01
1.000000000000000000e+00
-9.672499069128085436e-01
-1.000000000000000000e+00
-2.401388886677282564e-01
-6.670130917450866059e-01
1.000000000000000000e+00
-1.000000000000000000e+00
-1.000000000000000000e+00
-5.535772903496227748e-01
6.840799299903643771e-02
-5.311101317753357254e-01
-5.819396646685248697e-01
1.098474758184371236e-01
-1.670228406829647461e-01
-6.384084534517635579e-01
5.486975877167558080e-01
5.020103516282037326e-02
-7.464821885706018900e-01
6.813347050183018450e-01
4.132515840966486387e-01
-9.393273478365138374e-02
-1.000000000000000000e+00
-6.427330637956050197e-01
5.124902439927127018e-01
-5.510126392968655029e-01
-1.000000000000000000e+00
-5.142983559255788206e-01
-6.830181225177667237e-01
2.940130854259281890e-01
2.186636715373094231e-01
5.241265703986004443e-01
4.459449556722694386e-01
1.000000000000000000e+00
-1.000000000000000000e+00
-5.655413600599668023e-01
-6.973914266649744453e-01
-3.436193013166253252e-01
2.372476044400636530e-01
7.665068432868462622e-01
3.465593917780407374e-01
-8.165810904281123328e-01
-2.512417485048690224e-01
-1.000000000000000000e+00
1.000000000000000000e+00
-1.000000000000000000e+00
1.000000000000000000e+00
-7.539262312989751802e-01
1.000000000000000000e+00
-1.000000000000000000e+00
6.807581335246550847e-01
-5.082947934453704852e-02
-1.000000000000000000e+00
-9.133270043340929734e-01
-1.000000000000000000e+00
6.693319955008967259e-01
7.370054913731090007e-01
-6.050795314729364716e-01
-7.489922073409123193e-01
-6.498951539226571761e-02
4.661343419359448292e-01
3.692153807098834672e-01
2.632028728894855174e-01
1.000000000000000000e+00
5.168139870728641894e-01
1.000000000000000000e+00
-1.322995390634070789e-01
-2.295181979243483550e-01
2.388433920790891951e-01
5.790855802082208736e-01
3.396854840456573488e-01
-7.834857537272175154e-01
-8.215790059124057354e-01
-1.000000000000000000e+00
2.115248998061667329e-01
8.647819407559731442e-02
-7.432161725213894954e-01
-1.717259198891650795e-01
-1.000000000000000000e+00
-1.000000000000000000e+00
9.720692047293205684e-01
9.926242232206523575e-01
1.000000000000000000e+00
7.863894580951649171e-01
5.872270597433337791e-01
6.283272685016456638e-01
-7.158530623413650318e-01
3.407929541210724667e-01
-4.426634948674093017e-01
1.000000000000000000e+00
7.528641020635045145e-01
7.872069915123991457e-02
