8.267770143666866023e-01
7.215246067448057854e-01
7.714670165505865818e-01
5.890658874530452227e-01
7.992750954136820241e-01
1.000000000000000000e+00
-1.000000000000000000e+00
-3.845079860980764597e-01
-2.379527475418850568e-01
-1.388426201505995605e-01
1.000000000000000000e+00
2.196462132479402585e-01
-4.033742479535584735e-02
5.077098261481033381e-01
2.290276513328703967e-01
-7.388233411297612241e-01
-3.610685119619871930e-01
9.377719517725502385e-02
-1.000000000000000000e+00
3.256776970616489519e-01
1.000000000000000000e+00
-8.864654183128843901e-01
-6.228401052920219394e-01
1.238859787328949746e-02
7.212274916993208218e-03
-7.290374200234787105e-01
-1.000000000000000000e+00
8.784276353485004352e-01
-6.203437611220318226e-01
-9.903040037928587669e-01
-3.757983823300150572e-01
-9.617614372590904681e-01
2.178166302648953945e-01
-6.307373215221201423e-01
-5.015536014031044543e-01
4.923263145871259461e-01
1.000000000000000000e+00
6.385142650490762684e-01
2.740319544284248732e-01
-9.543783803668447474e-01
1.000000000000000000e+00
1.880623561028786916e-01
-1.584118221964607720e-01
-1.515977490444690989e-01
4.264376722726193059e-02
-1.000000000000000000e+00
1.469073728629722853e-01
1.000000000000000000e+00
-4.611020368462126484e-02
9.798913644581075388e-03
8.606045250493876697e-02
1.000000000000000000e+00
-1.000000000000000000e+00
-8.634025797597036922e-01
2.721834298674258301e-01
-1.000000000000000000e+00
-1.660621368284784793e-01
5.593239563730039166e-01
1.000000000000000000e+00
1.000000000000000000e+00
-4.547288805749611917e-01
-6.166424105622885232e-01
6.693436830398271642e-01
1.000000000000000000e+00
7.593603221970059991e-01
-1.000000000000000000e+00
-4.060607503481410419e-01
6.538687549609281113e-01
7.567348349028958365e-01
1.241748868894814173e-01
1.000000000000000000e+00
-9.334505621659221486e-01
1.000000000000000000e+00
-8.697065126280318914e-01
1.000000000000000000e+00
-9.319053472742724331e-01
1.000000000000000000e+00
8.170221865105178338e-01
-1.000000000000000000e+00
4.822447282007508162e-01
-3.212258301012553829e-01
-5.928046054455298197e-01
-1.000000000000000000e+00
-1.000000000000000000e+00
6.713755958043186034e-01
-9.618689108165066060e-01
9.881730990481021326e-01
-1.000000000000000000e+00
-1.000000000000000000e+00
9.219659269550650738e-02
8.233714529070762511e-01
-8.560995507994118014e-01
8.065254376999555497e-01
1.000000000000000000e+00
1.000000000000000000e+00
-1.000000000000000000e+00
-5.223189070705314130e-02
3.360618513974731325e-01
-4.317571042152483773e-01
-8.017177590432322809e-01
1.050147587573020957e-01
1.000000000000000000e+00
-8.824648740222065246e-01
-9.457589448806809074e-01
-2.977180865744166738e-01
1.000000000000000000e+00
-2.712088698759981265e-01
1.000000000000000000e+00
-1.000000000000000000e+00
-7.822679423553726696e-01
3.681702883556390304e-01
-4.076672241402408137e-01
-8.600089569809579726e-02
-7.054399555751911244e-01
7.873363936957669118e-01
7.909517635527907320e-01
-1.000000000000000000e+00
-1.620412966719558256e-01
-9.538901937165314981e-01
1.000000000000000000e+00
1.000000000000000000e+00
-3.521328571773072458e-01
8.602825124193796968e-02
1.000000000000000000e+00
-5.766985380375144743e-01
9.781440161856272963e-01
5.922828297946467480e-01
1.000000000000000000e+00
1.000000000000000000e+00
-1.000000000000000000e+00
6.047879077125257741e-01
8.272322950849022583e-01
-4.026563082383203263e-01
1.000000000000000000e+00
-1.000000000000000000e+00
-1.000000000000000000e+00
-1.000000000000000000e+00
-5.113687279758862836e-01
6.722572664268864351e-01
-1.675604950100033630e-01
-8.023594915152256757e-01
1.000000000000000000e+00
2.129522202787790253e-01
1.000000000000000000e+00
1.000000000000000000e+00
3.019950033331586514e-01
-2.735977464276828641e-01
-1.000000000000000000e+00
1.000000000000000000e+00
-6.112338618122652445e-01
4.622769035554321615e-01
-3.362451135736005403e-02
-1.000000000000000000e+00
2.537836612456170204e-01
8.096622726051734276e-01
8.682166681564580379e-01
9.090414038294774013e-01
-4.682277236519203911e-01
1.933433268248281323e-01
8.496087375308734035e-01
6.751633082622526816e-01
-1.000000000000000000e+00
5.089366212390344923e-01
1.000000000000000000e+00
-1.000000000000000000e+00
1.341303768970262822e-01
-5.363212971219963876e-01
-5.091929745214798242e-01
-4.204134203622238442e-01
-9.672861079025526498e-01
-1.000000000000000000e+00
-4.303747080682083781e-01
-7.568062698605548810e-03
-2.993548077566551835e-01
7.576177447856040637e-01
-1.000000000000000000e+00
2.613515220621065449e-01
-2.504524700012087379e-01
8.999507437749709737e-02
-2.194757516054648416e-01
-2.434337783420983392e-01
4.936764460422796152e-01
9.133937402105096748e-01
2.180913480160278084e-01
-5.330019214516426018e-01
1.000000000000000000e+00
1.000000000000000000e+00
8.616497208840419031e-01
-4.031830135190415110e-01
-1.000000000000000000e+00
-7.479732549091393512e-01
-1.000000000000000000e+00
6.139725688080122090e-01
1.000000000000000000e+00
-4.549823510501189716e-01
9.395732815838921947e-01
2.798439312630359721e-01
-1.000000000000000000e+00
4.552308304724062005e-01
-8.914185096880622439e-01
1.000000000000000000e+00
-3.989697972685778971e-01
7.134168122295518888e-01
1.000000000000000000e+00
-7.047015123338651321e-02
1.000000000000000000e+00
1.000000000000000000e+00
-5.727821563560289153e-01
-1.574479303894357196e-01
-8.325833151528361231e-01
-1.041382058717538334e-01
-1.000000000000000000e+00
6.732602431629201023e-01
1.000000000000000000e+00
3.730935337531405271e-01
-5.135078919974014333e-01
-9.745760432279488850e-01
1.000000000000000000e+00
1.000000000000000000e+00
-9.413749439974623545e-01
1.000000000000000000e+00
-8.439387312777857364e-01
2.620676375524998436e-01
-1.000000000000000000e+00
-1.000000000000000000e+00
5.855512630209136482e-02
9.432918874580533686e-01
-9.184090293316441445e-01
8.460678219086656959e-01
-4.368496522177298114e-01
-1.000000000000000000e+00
-9.320470868294763456e-01
-1.000000000000000000e+00
9.146507113326611815e-01
4.934361443998251939e-01
-1.000000000000000000e+00
-4.886534122661382318e-01
9.734437791293450992e-01
8.598549584241979016e-01
-1.000000000000000000e+00
-1.000000000000000000e+00
2.819646521529141081e-01
4.378477620170646567e-01
-2.715651285609386179e-01
-2.088191264587706542e-01
-1.000000000000000000e+00
6.767150489894413479e-01
-1.000000000000000000e+00
3.382076695311451164e-01
9.968648691237804726e-01
9.971726816604409294e-04
7.352059105836576958e-01
5.005890817781369906e-01
3.794932679762980099e-02
1.000000000000000000e+00
-1.000000000000000000e+00
-8.874000242390165383e-01
7.065418104965355273e-01
5.836698360192720259e-01
-1.644518592384953681e-01
-1.314720262722259836e-01
1.000000000000000000e+00
1.000000000000000000e+00
1.271205147390255252e-01
5.916037133891065558e-01
