7.561943006554390223e-01
9.112720231083095701e-01
5.544128765912059720e-01
-3.625679280601652454e-01
-9.492447556562432220e-01
-1.000000000000000000e+00
-5.936851083575376276e-01
2.316230918179891241e-01
-2.421027539363560521e-01
-7.825864926202329430e-01
7.904115275097692850e-01
1.000000000000000000e+00
5.247450756145715101e-01
5.743066060017723018e-01
-1.000000000000000000e+00
-8.633035059040807813e-01
-1.000000000000000000e+00
1.000000000000000000e+00
-1.000000000000000000e+00
3.900781408055298272e-02
6.560667691692660952e-01
8.968065157285531885e-01
1.000000000000000000e+00
-4.663821072496883713e-01
1.017819005833261459e-01
-2.868360090872149049e-01
1.000000000000000000e+00
-1.000000000000000000e+00
1.000000000000000000e+00
-1.000000000000000000e+00
-4.343928748166779874e-01
-1.000000000000000000e+00
-3.293848726284299699e-01
-2.270275075134335907e-01
1.784286783097888129e-01
2.254080215904433748e-01
-8.071492440958111247e-01
-1.000000000000000000e+00
1.093835590864701279e-01
-4.154061572936531554e-01
-1.000000000000000000e+00
-1.000000000000000000e+00
1.801482349447691977e-01
-3.980110070904483432e-01
-3.918258248228125851e-01
7.070408728237206342e-01
1.000000000000000000e+00
-3.179141634512963055e-01
-1.000000000000000000e+00
-1.000000000000000000e+00
-1.000000000000000000e+00
-9.441682682316773212e-01
1.000000000000000000e+00
-6.909441695523204086e-01
-1.000000000000000000e+00
7.856538543640380068e-01
1.000000000000000000e+00
1.000000000000000000e+00
-6.527590236558294956e-01
-1.938151484681158720e-01
1.000000000000000000e+00
-1.000000000000000000e+00
1.952089929371239041e-01
5.714111021031376136e-01
-1.000000000000000000e+00
-6.240168095999685249e-01
3.293713231589940338e-01
-3.839679877436508182e-01
4.799588624918535995e-01
8.382312185831408691e-01
-1.000000000000000000e+00
-1.000000000000000000e+00
1.000000000000000000e+00
-8.063479615483890584e-01
1.000000000000000000e+00
-9.422052984454224456e-01
-6.323638167164924440e-02
1.000000000000000000e+00
2.743759614673179081e-01
1.000000000000000000e+00
-6.952488910270484546e-01
-1.267782647930770223e-01
3.253832520815762575e-01
1.000000000000000000e+00
9.441293271448878421e-01
1.155185010389159772e-01
-2.261017147705626229e-01
7.947214291332624914e-01
-1.000000000000000000e+00
8.857288409088672765e-01
-1.000000000000000000e+00
1.000000000000000000e+00
9.402733934545755012e-01
-4.256779690897612989e-01
-1.000000000000000000e+00
1.000000000000000000e+00
5.769955145228307103e-01
2.398740404684100991e-01
-6.972388083147129656e-02
-1.731695770494639797e-01
1.000000000000000000e+00
3.363037296502356943e-01
4.512058299312684539e-01
-9.219277929494396062e-01
1.000000000000000000e+00
-1.000000000000000000e+00
-9.210206179473423571e-01
-3.481886569232892636e-01
6.091441681009213127e-01
-1.508661885110310630e-01
-1.000000000000000000e+00
-1.000000000000000000e+00
-1.000000000000000000e+00
2.973787468669730760e-01
2.880316049219031616e-01
9.703910736811102167e-01
-3.975021968906359282e-01
2.860417452319158338e-01
1.000000000000000000e+00
1.378982410458950980e-02
1.000000000000000000e+00
7.152752086301064072e-01
1.000000000000000000e+00
1.000000000000000000e+00
-7.828979388786672100e-02
7.522220105275139179e-01
-4.914875398991676025e-01
-9.730487327540160436e-02
-4.647674241444865739e-01
-1.506060647910000272e-01
-1.000000000000000000e+00
-1.387527146104978737e-01
-9.064399069573856327e-01
-1.000000000000000000e+00
-3.637780802310548456e-01
-5.963735752869523399e-01
5.463180299260887995e-01
-8.504914527871434426e-01
2.865436223821399286e-01
2.347600722267495499e-01
7.559322711199949474e-01
1.771425029006797325e-01
-1.000000000000000000e+00
-9.064220442332501237e-01
1.917377808291897967e-01
3.417537656723357298e-01
5.077113949642810820e-01
2.173328891906893823e-01
-1.000000000000000000e+00
8.796779101447022020e-01
-3.274122766368758874e-01
-1.000000000000000000e+00
-1.000000000000000000e+00
-1.000000000000000000e+00
1.000000000000000000e+00
-4.028249509754732172e-01
1.000000000000000000e+00
3.079772512528952122e-01
-9.930224107930138988e-01
2.565927642237659789e-01
-1.000000000000000000e+00
2.310722937711783276e-01
-2.972399986992724230e-02
-8.110780094689228337e-01
-3.474791008120947655e-01
1.000000000000000000e+00
9.038080232784482249e-01
-2.840281017208647896e-01
-4.562728117952857820e-01
-1.000000000000000000e+00
1.000000000000000000e+00
1.861215716547399701e-01
-1.000000000000000000e+00
1.849058337794626250e-01
-1.000000000000000000e+00
1.000000000000000000e+00
-2.356768607054212650e-01
-4.697220883271913672e-01
-8.959580602000665195e-01
-5.104173940887016814e-01
4.873996514486558240e-01
8.868365034370953026e-01
4.796685983773864015e-01
2.774781383345112928e-01
1.000000000000000000e+00
1.000000000000000000e+00
-6.487478129524268944e-01
9.187196424804918715e-01
8.570814330147655813e-01
9.766802843733779493e-01
-3.838177640133215718e-01
-6.522425962544067257e-01
-1.015403906052163574e-01
1.000000000000000000e+00
1.000000000000000000e+00
-2.518380961002464336e-01
-3.101410094922029681e-01
8.564098362590251146e-01
2.458664777460634332e-01
1.000000000000000000e+00
-8.401582274804033634e-01
6.366694631679907790e-01
1.000000000000000000e+00
9.370575440115580523e-01
9.704088254485476739e-01
4.235673453682508582e-01
-3.277354300314393454e-01
-4.583648799482689107e-01
1.000000000000000000e+00
1.000000000000000000e+00
2.681749046838695638e-01
1.832353192981001078e-01
5.172977498763624560e-01
1.000000000000000000e+00
1.000000000000000000e+00
-1.000000000000000000e+00
4.492621756562500956e-01
-2.684141860508317823e-01
1.000000000000000000e+00
-1.000000000000000000e+00
1.000000000000000000e+00
6.481439155949235698e-01
4.939800686813333175e-01
2.480987857679082254e-01
-6.321947398058245238e-01
-1.000000000000000000e+00
-8.852781479981962631e-01
1.000000000000000000e+00
-1.000000000000000000e+00
-1.000000000000000000e+00
-5.620016755744363657e-01
4.000549006120421858e-01
6.676560762738350530e-01
-1.000000000000000000e+00
4.094078742402124660e-01
-1.985866560472179521e-01
-1.000000000000000000e+00
1.000000000000000000e+00
-9.701222950927257394e-02
5.983249768584715245e-01
2.779729960816961221e-01
3.691644973655157091e-01
-7.659369127735717875e-01
8.318978829024925581e-01
-1.000000000000000000e+00
-1.000000000000000000e+00
-1.000000000000000000e+00
-1.000000000000000000e+00
1.000000000000000000e+00
-1.996369246582252455e-02
1.000000000000000000e+00
-1.032565135114578148e-01
1.000000000000000000e+00
-4.637565306083197836e-01
8.886600619890994146e-01
-4.445186350906953354e-01
-7.683565896506088233e-01
7.248787607625850615e-01
-4.314785611308629143e-01
-1.000000000000000000e+00
-9.152271241283178593e-01
1.000000000000000000e+00
8.869523909975528531e-01
1.000000000000000000e+00
4.419624614546254215e-01
