-3.066499445321113626e-03
4.050444562490031486e-01
-1.000000000000000000e+00
1.000000000000000000e+00
4.074533081793113576e-01
1.000000000000000000e+00
-1.000000000000000000e+00
1.000000000000000000e+00
1.000000000000000000e+00
-7.720385289187209343e-01
-1.000000000000000000e+00
-1.000000000000000000e+00
-8.303223607247879334e-01
-1.000000000000000000e+00
5.087557751901679026e-01
-6.380108034108877835e-01
5.411920523505338032e-01
7.942677350819224991e-01
-1.714772544297664680e-01
4.083009060082476438e-02
-1.123927457702924848e-01
1.000000000000000000e+00
9.081618009310494788e-01
4.198461721342570119e-01
-3.136442208738876580e-03
-7.086072519095729660e-01
1.089537150131885124e-01
7.940422506453308493e-01
1.044627104218082136e-01
3.260516906577436425e-01
-1.000000000000000000e+00
-1.000000000000000000e+00
-4.722021622960396736e-01
-4.252147175628364639e-01
9.704607619826972620e-01
1.000000000000000000e+00
-4.586813456697138025e-01
-1.000000000000000000e+00
-3.672109188222876242e-01
8.322589634517395529e-01
-5.337664651225217938e-01
-1.000000000000000000e+00
1.246740181421875926e-01
-3.483312070783883829e-01
3.386669385824616629e-01
1.000000000000000000e+00
1.139291093587479486e-01
-1.000000000000000000e+00
1.000000000000000000e+00
5.630478614661702519e-01
9.174861279523047752e-01
-7.928652169452415910e-02
-2.983853786797094898e-01
-1.000000000000000000e+00
-8.016260690159784374e-01
-6.350656767419081694e-01
7.533250286718029542e-02
-1.737509292647532178e-01
1.000000000000000000e+00
2.770541950915628160e-02
-1.000000000000000000e+00
5.056288894032995307e-01
-4.209086651122398992e-01
6.683152975333287449e-01
2.002577047063897053e-01
-9.226803457825247801e-01
-1.000000000000000000e+00
-9.134024587501896608e-01
-8.059997976964834443e-01
4.912544853813817225e-01
-1.371454431995504653e-01
-1.000000000000000000e+00
1.000000000000000000e+00
-2.876015566631671128e-01
-3.935811473989176967e-01
2.125196303634562245e-01
2.765117973701789467e-01
7.437455870247704492e-01
-1.000000000000000000e+00
4.961076301788590326e-02
-5.020575147928418858e-01
1.000000000000000000e+00
6.923907218784486339e-02
2.334083754733442539e-01
-7.421849811724346990e-01
-6.584980660522135043e-01
-5.332565849352608467e-01
1.315650048322835608e-01
1.000000000000000000e+00
-1.000000000000000000e+00
1.000000000000000000e+00
-1.125254438803317270e-01
5.902247542227905264e-01
-1.454575032487913644e-01
-2.964912224193632095e-01
1.310252208133722007e-01
-6.207788520925321407e-01
-1.000000000000000000e+00
2.809095048511967008e-02
2.739029859551361246e-01
-5.275969789919363606e-01
-1.000000000000000000e+00
4.974373873351145559e-03
-8.759610725189918012e-01
-6.985746328631998736e-01
3.444210399612490647e-02
-4.881559266104360528e-01
-1.543174074453207423e-01
3.507785018073601435e-01
-5.139013236834037990e-01
4.870479767377422498e-02
7.524150219503246140e-01
-1.000000000000000000e+00
1.000000000000000000e+00
6.623585392750946932e-02
-5.844000229822343684e-02
-2.505224151663896226e-01
-3.004775247816504624e-03
1.063603813851655144e-01
-1.000000000000000000e+00
-1.000000000000000000e+00
-1.000000000000000000e+00
-6.140123300350244229e-01
-5.518898650245307458e-02
2.421172180574461819e-01
1.000000000000000000e+00
5.353713031013124235e-01
-4.083666064674364993e-01
-1.000000000000000000e+00
-5.045274322080048890e-01
-1.000000000000000000e+00
1.469489031723552053e-01
-2.877120269518944617e-01
-9.617282087109200184e-01
-2.564897664185281645e-01
1.000000000000000000e+00
8.333431510458872982e-01
-4.242540945728117130e-01
-2.646149805514030895e-01
-2.847134268244333466e-01
4.246669295181656478e-01
1.374059177673077059e-01
6.257213930092664356e-02
-5.464964622610537504e-01
-8.351069738562508782e-01
-1.000000000000000000e+00
-5.630501862090855347e-01
-8.107216307842826097e-01
-1.000000000000000000e+00
-8.972910126989102064e-01
-2.342577335166411423e-01
-3.806376239026902919e-01
-2.344746573504556952e-01
-1.000000000000000000e+00
1.000000000000000000e+00
1.000000000000000000e+00
8.837213477664281891e-01
1.000000000000000000e+00
7.628551278797666146e-01
5.680090138093949470e-01
3.398564965811348149e-01
-1.000000000000000000e+00
6.091607035738126896e-01
2.165783007485286848e-01
-1.714484818024838431e-01
8.912549799657583094e-01
-8.308024238091554770e-02
1.000000000000000000e+00
-1.000000000000000000e+00
2.002782081506004896e-01
8.023152640329651586e-01
3.835909503595712894e-02
-7.916346052933129762e-01
-3.232572090315112834e-01
-8.067974564955866512e-01
9.763884691798230264e-02
-4.213657505609513798e-02
1.000000000000000000e+00
-9.701197937514041136e-01
-1.000000000000000000e+00
4.066755385231348718e-01
1.000000000000000000e+00
-2.883240177033110641e-01
-9.238405965502576311e-01
1.303225586167275352e-02
1.000000000000000000e+00
-1.934709634814160140e-01
1.000000000000000000e+00
7.733702965795565820e-01
-4.634351939608918336e-01
-4.518659666607086067e-02
-3.878204561945103324e-01
4.421008452064204564e-01
2.586611633015540868e-01
1.000000000000000000e+00
-8.186275663315374373e-01
2.597023810580822989e-02
3.025288470940057373e-01
8.763343444700029128e-01
8.518654462761925394e-01
7.287637278819092401e-01
-1.000000000000000000e+00
5.681681180518978191e-01
3.001446022389057666e-01
6.684167662545180688e-01
-1.000000000000000000e+00
-3.867600775112415845e-01
-6.062572732860675995e-01
3.504389344494865943e-01
6.502769510878385617e-01
-8.770004863418860985e-01
-3.835204367192132646e-01
1.574325037915090819e-01
-4.240983526375723400e-01
2.860823158069422667e-01
1.000000000000000000e+00
7.284248361389994431e-01
1.922487968110604406e-01
1.000000000000000000e+00
-9.521294617234559166e-01
-6.247506192196963237e-01
3.705478008655667121e-01
2.026851391231138111e-01
5.230410507681404475e-01
-7.653823263329081472e-01
-1.000000000000000000e+00
4.258987196651056184e-01
1.000000000000000000e+00
9.151584675682538084e-01
-1.000000000000000000e+00
-3.909888445765444809e-01
1.000000000000000000e+00
-5.442293493539122062e-01
3.583721228234088008e-02
9.742953674698637823e-01
1.000000000000000000e+00
1.000000000000000000e+00
8.131831825481070641e-01
-9.562271606239457489e-01
-7.234471638097286217e-01
-1.182550838549412120e-01
-5.381184336233011400e-01
2.945083730289234092e-01
1.000000000000000000e+00
1.000000000000000000e+00
3.237663601651985523e-01
6.086437715805301796e-01
1.000000000000000000e+00
4.425939756135932601e-01
-1.000000000000000000e+00
-2.287413255930461076e-01
-1.000000000000000000e+00
-1.882687184118569945e-01
8.765562382366609562e-01
-4.233086397275549473e-01
-5.098509346893007610e-01
4.184493525998644881e-02
1.230170349333765678e-01
1.000000000000000000e+00
-3.132980257682795866e-01
-1.000000000000000000e+00
-7.850709912015068070e-01
-3.077843440964628807e-01
1.000000000000000000e+00
9.084457547128554911e-01
