5.306052990468219654e-01
-1.000000000000000000e+00
1.841021707359713488e-02
7.204277527830721395e-01
-1.000000000000000000e+00
-4.372938522488944990e-01
-4.615073942923905159e-01
-4.992390268445492385e-01
8.815359014018919748e-01
1.204008661283417769e-01
1.000000000000000000e+00
-2.750168245411209189e-01
-8.711169802592255706e-01
-1.000000000000000000e+00
-8.034943730912185167e-01
3.413727211506774051e-01
-1.000000000000000000e+00
-7.785223033280998239e-02
-9.331016068185162826e-01
-7.033433552742565098e-01
3.477356572637509968e-01
-1.000000000000000000e+00
1.000000000000000000e+00
-1.000000000000000000e+00
1.325493812012058514e-01
1.000000000000000000e+00
-1.000000000000000000e+00
-3.796546819832499198e-01
-7.644174295611358971e-01
-1.000000000000000000e+00
-1.000000000000000000e+00
-1.000000000000000000e+00
1.000000000000000000e+00
-6.383061917995496160e-01
1.000000000000000000e+00
1.000000000000000000e+00
-1.000000000000000000e+00
2.690071684150598941e-01
-1.000000000000000000e+00
-1.000000000000000000e+00
-1.000000000000000000e+00
2.410421904647125357e-01
-7.805443359200813225e-01
-8.933766636339682821e-01
1.000000000000000000e+00
-6.470896336726830178e-01
-6.768492381382248402e-01
-3.452274611974595619e-02
1.000000000000000000e+00
-4.553832056160780350e-01
-2.375651741628252989e-01
-6.737688227687397280e-01
6.798614406318417291e-01
2.428738833290133847e-01
2.429051638261119361e-01
7.825659881703193044e-01
-6.647719856544231920e-01
1.000000000000000000e+00
-4.671719704550458818e-02
3.362169357757771593e-01
1.213020656969328037e-01
1.000000000000000000e+00
-4.873748988538778582e-02
-2.203632924899390222e-02
-7.113936201555955963e-01
6.695531299046856288e-01
4.814332000655106025e-01
1.000000000000000000e+00
7.127181097504375895e-02
1.000000000000000000e+00
7.905189190338202110e-01
-5.431690962189119620e-01
1.000000000000000000e+00
-4.712417533286570870e-01
-4.604757732399744619e-01
-1.000000000000000000e+00
-1.000000000000000000e+00
-1.000000000000000000e+00
-3.658335865213446780e-02
-3.849681002862495038e-01
-6.938917228097000178e-01
-4.057165386662064943e-01
2.399067887132199095e-01
9.103493883571432965e-01
1.000000000000000000e+00
1.000000000000000000e+00
-6.528696742068994530e-01
-1.015241794007599729e-01
-3.332307416734364702e-02
-5.453541592837842789e-01
1.506622265334381927e-01
-1.000000000000000000e+00
-4.864007143267501387e-01
5.058766584980872727e-01
-1.000000000000000000e+00
-1.000000000000000000e+00
9.785031947736750890e-01
-8.473171499533148632e-01
-2.526967136447932916e-01
-1.417032970235493350e-01
1.000000000000000000e+00
-9.114225391910113494e-01
-1.898680761288703001e-01
-1.000000000000000000e+00
1.000000000000000000e+00
-1.000000000000000000e+00
-1.000000000000000000e+00
-1.000000000000000000e+00
-6.994517811650011740e-01
1.000000000000000000e+00
-8.570077192783682740e-01
-6.190180404415704940e-01
4.290213343167237348e-02
1.000000000000000000e+00
-7.359628872369812225e-01
-7.918155599975604808e-01
-6.409369782058329523e-01
-5.535423825523988484e-02
-4.063746425738996582e-01
1.000000000000000000e+00
-1.000000000000000000e+00
-2.516834138387514241e-01
-5.461980019951964138e-01
9.477413433129047160e-01
-1.000000000000000000e+00
8.715413515390602051e-01
-4.132948815688383126e-01
-2.095907907427939643e-01
-5.163694629201993624e-01
5.665136508115656833e-01
1.000000000000000000e+00
6.216160434212192332e-01
-1.000000000000000000e+00
-5.706224027399895427e-01
2.035048992730783546e-01
6.177103042600871063e-01
-1.000000000000000000e+00
1.000000000000000000e+00
-5.480464407279854733e-01
-1.000000000000000000e+00
-5.293094462142668988e-01
-5.065250948884614246e-01
8.900687015694892512e-01
1.000000000000000000e+00
-5.002576861349433690e-01
1.000000000000000000e+00
1.000000000000000000e+00
-1.659797551824511164e-01
1.000000000000000000e+00
9.424144509307785800e-01
-3.363219329353920317e-01
1.000000000000000000e+00
2.432801262756386640e-01
-1.000000000000000000e+00
-1.251623850418308592e-01
-2.697598258235207602e-01
4.480853252535737519e-01
3.862478935023817561e-01
1.000000000000000000e+00
1.000000000000000000e+00
1.000000000000000000e+00
-6.505653551856993566e-01
-6.973063024173358215e-01
1.000000000000000000e+00
-3.660563310164944850e-01
1.000000000000000000e+00
8.558283918510974919e-01
-1.000000000000000000e+00
7.554784763807206316e-01
-1.000000000000000000e+00
-1.000000000000000000e+00
-7.476674009894073158e-01
2.965286596477085812e-01
-1.000000000000000000e+00
7.270353047946239711e-01
-3.319720379005084432e-01
7.537240130305269403e-01
1.000000000000000000e+00
-2.683143201285711488e-01
4.519975201865896741e-01
9.036801380094905412e-02
-1.000000000000000000e+00
5.872858762315182890e-01
-7.400281972105271500e-02
-1.000000000000000000e+00
1.000000000000000000e+00
6.533061269531401649e-01
-1.000000000000000000e+00
-3.729831373256581317e-01
-3.945550236865675853e-01
-3.555768866340592860e-01
2.146092667787917740e-01
-6.613453627084936448e-01
8.803752123726792389e-01
6.748199131269561057e-01
-1.000000000000000000e+00
8.704768820395969442e-01
1.000000000000000000e+00
5.431092086869035995e-01
-2.320404971591480958e-01
1.000000000000000000e+00
-1.585922278111281392e-01
-1.000000000000000000e+00
7.848524520842747876e-01
4.324900226940804338e-01
1.000000000000000000e+00
1.000000000000000000e+00
-1.000000000000000000e+00
-4.861496942775012098e-01
-1.000000000000000000e+00
-4.864214134495570274e-01
-1.000000000000000000e+00
3.411675789290119498e-01
8.159439982568067462e-01
-1.000000000000000000e+00
7.389309629292147852e-01
-1.561483770399954008e-01
9.272744738746835358e-01
-1.000000000000000000e+00
1.000000000000000000e+00
4.159998460871705550e-01
-1.000000000000000000e+00
-6.924365604051432310e-01
3.824656533522179380e-01
1.000000000000000000e+00
4.742495930213013189e-01
-1.000000000000000000e+00
7.443243412908469026e-01
6.974279542839547652e-01
-8.446410658531092741e-01
1.000000000000000000e+00
6.093039821622238117e-01
2.041827100197810552e-01
-1.000000000000000000e+00
6.308554022399834871e-01
-2.027244258961771184e-01
8.919417071260489216e-01
-7.665027671995785497e-01
6.090498623158286939e-01
3.392090368233319220e-02
-1.000000000000000000e+00
-6.033806388194649095e-01
-1.000000000000000000e+00
1.000000000000000000e+00
1.516579339364081125e-01
-1.000000000000000000e+00
-1.000000000000000000e+00
-2.524805392658974190e-01
8.179692107578078186e-01
-1.543635324716464141e-01
-6.660766310184578209e-01
-9.075635445195473494e-01
1.000000000000000000e+00
9.291503288054369092e-01
-1.000000000000000000e+00
-1.000000000000000000e+00
-5.791608965028784972e-01
6.112043224350383053e-02
1.000000000000000000e+00
8.806543637228053667e-01
7.206440405236902436e-02
1.000000000000000000e+00
5.800921350628142070e-01
-1.000000000000000000e+00
4.698520335954196048e-01
