-2.853123466380130813e-01
6.773376414770434506e-01
1.000000000000000000e+00
-1.000000000000000000e+00
3.764232122844942685e-01
1.000000000000000000e+00
-1.000000000000000000e+00
-8.345346514991793807e-01
7.202520039667759111e-01
9.024741232196633600e-01
-1.000000000000000000e+00
6.503083368994591051e-01
-1.000000000000000000e+00
-1.000000000000000000e+00
6.904622691492536823e-01
-6.145434417577331221e-01
6.854529795418964344e-01
2.171468544696540104e-01
4.975558136010386212e-01
-5.043226449476758688e-01
-7.380641576276014693e-01
-3.545850141914262954e-01
6.369224591018478598e-01
1.586636109611339052e-01
-1.451121008660964939e-01
6.729302876492819774e-01
-1.000000000000000000e+00
-1.000000000000000000e+00
3.111831298915367361e-01
-1.000000000000000000e+00
5.528257450879274781e-01
9.311082627703490822e-01
-5.303863127850614312e-01
-3.980053238224847689e-01
9.276717594649275256e-01
-1.000000000000000000e+00
3.155383730620719973e-02
-1.852109157423356689e-02
6.235965330135422313e-01
-1.000000000000000000e+00
-4.917874051385912049e-02
7.002512710045737387e-01
1.000000000000000000e+00
-1.588379161702202502e-01
1.000000000000000000e+00
1.926741167545560351e-01
-1.000000000000000000e+00
-6.278492974897884604e-01
-7.398496425731424520e-01
1.319170202830994842e-01
5.096350148835637750e-01
-1.000000000000000000e+00
-6.715612695713606417e-01
7.340647541636867723e-01
-3.811995726047534561e-01
1.000000000000000000e+00
-1.000000000000000000e+00
-8.698457529913592445e-01
-6.614039909752662538e-01
8.585052846022787065e-01
6.142752486159761549e-01
1.000000000000000000e+00
1.000000000000000000e+00
1.000000000000000000e+00
-3.156139081314166539e-01
-1.000000000000000000e+00
6.229059391729276918e-01
-2.127335151563770066e-01
1.000000000000000000e+00
-1.226560872420752180e-01
-3.906991790752445404e-01
-8.147710503542608951e-01
-1.000000000000000000e+00
2.459131473172344595e-01
1.000000000000000000e+00
-5.876328882583581326e-02
1.562243035242639189e-01
1.000000000000000000e+00
2.042541806317621500e-01
1.000000000000000000e+00
-1.000000000000000000e+00
9.423702691753815808e-02
-1.000000000000000000e+00
-1.000000000000000000e+00
5.842815148699429528e-01
-4.349376609892361412e-01
-5.814758490189317897e-01
1.000000000000000000e+00
1.000000000000000000e+00
-1.000000000000000000e+00
5.630793198810624123e-01
-1.000000000000000000e+00
-9.871670553812388338e-01
1.000000000000000000e+00
1.000000000000000000e+00
2.143142054172666455e-01
-1.000000000000000000e+00
1.000000000000000000e+00
-1.000000000000000000e+00
-5.476933803086803110e-02
3.548115361859033312e-01
-6.447381583532674210e-01
-3.636707775305019208e-01
6.154213717113710125e-01
1.000000000000000000e+00
6.407636329414816423e-01
6.652783314960133976e-02
8.124747485442277428e-01
9.146953827913304469e-01
1.000000000000000000e+00
1.000000000000000000e+00
8.066666785416847230e-01
2.807455963915034269e-01
-3.977421757307075811e-01
7.544300598166409078e-01
-2.784828181812392112e-01
9.049879033238310555e-01
-1.178860083093188349e-01
1.000000000000000000e+00
-3.160055390578836998e-01
1.000000000000000000e+00
-3.359829098206807974e-01
8.388769200275170146e-01
-9.349446143996653635e-01
1.000000000000000000e+00
-6.757274338895435939e-02
-1.000000000000000000e+00
5.012056842005068180e-01
-3.519045567968293042e-01
1.000000000000000000e+00
-2.021243589738985769e-01
-1.959354473379937289e-01
-1.753185838695929810e-01
1.934536336043135851e-01
1.000000000000000000e+00
1.000000000000000000e+00
-2.839859262672401741e-01
5.839788653108701766e-02
-1.000000000000000000e+00
-1.909715823211579622e-01
-1.000000000000000000e+00
3.363383659599123998e-01
6.272955331538063728e-01
1.000000000000000000e+00
-9.372000364935448857e-01
1.837576186962108782e-01
-2.111915062822548039e-01
1.011776484360010775e-01
-1.000000000000000000e+00
8.252550027292331336e-01
-8.381719869823878177e-02
3.478375957714798239e-01
4.830891646342643786e-01
-8.645034228284766975e-01
7.014383729503133047e-01
-2.338034636384986875e-01
-4.358407452084422928e-02
-6.340685807846797584e-01
1.000000000000000000e+00
-1.000000000000000000e+00
-9.891925454716115063e-01
-3.969915788159179004e-01
-1.412205226703054928e-01
1.000000000000000000e+00
-1.000000000000000000e+00
-1.000000000000000000e+00
2.505647797353384165e-01
-1.000000000000000000e+00
-5.575380988209753808e-01
1.000000000000000000e+00
7.700165448278620817e-01
-9.217165437465250077e-01
4.307578357987100759e-01
-1.000000000000000000e+00
4.847098155615670034e-01
-2.837352025678011036e-01
-7.019736985272122254e-02
2.206193551734334513e-01
-3.041726641396867437e-01
-7.562029208555725024e-01
1.000000000000000000e+00
-1.331552096156420895e-01
-5.476839898676177931e-01
-3.362826256715083506e-01
1.000000000000000000e+00
-7.632637005456011092e-01
-1.000000000000000000e+00
1.000000000000000000e+00
7.597584195314444067e-01
2.118475939339032887e-01
6.191245659634485587e-01
-1.000000000000000000e+00
-1.718049076875235448e-01
-6.814675739068056792e-01
9.774818708982528914e-01
3.250715893862987649e-01
4.769475792202318432e-01
-1.000000000000000000e+00
-1.543241281918861230e-01
4.805121074875220444e-01
6.438248661043065590e-01
1.000000000000000000e+00
7.686204207651947673e-02
1.000000000000000000e+00
1.000000000000000000e+00
1.000000000000000000e+00
1.000000000000000000e+00
1.000000000000000000e+00
2.210203941664226068e-01
6.159494335725694825e-01
-1.000000000000000000e+00
-1.000000000000000000e+00
5.901307346964344003e-01
4.610683674693144551e-01
-2.048003759785365641e-01
-1.000000000000000000e+00
1.000000000000000000e+00
9.323237511512811881e-01
1.000000000000000000e+00
5.250288528696200885e-01
-6.389003234394818875e-01
2.494864045284234111e-01
-3.195272568193829876e-02
-3.366472998546747863e-01
-4.461972395118356527e-01
1.000000000000000000e+00
-2.791552496662392802e-01
8.889991345507062270e-01
4.564869983163684086e-01
9.390643072493358723e-01
-1.000000000000000000e+00
-1.000000000000000000e+00
-1.000000000000000000e+00
-6.756948092299450703e-01
5.035349517540298470e-01
-1.000000000000000000e+00
1.000000000000000000e+00
4.216538324390879389e-01
1.000000000000000000e+00
4.927016919428016672e-01
-5.434344971139541958e-01
-1.000000000000000000e+00
-1.000000000000000000e+00
3.871546640857058685e-01
-1.000000000000000000e+00
-5.897109400254552103e-01
-7.212204253895164729e-01
1.000000000000000000e+00
-5.319995627402360761e-01
-8.606454310564959354e-02
4.715754060108711121e-01
-1.000000000000000000e+00
1.000000000000000000e+00
-5.309289230315561436e-01
3.669461475192599131e-01
-1.000000000000000000e+00
1.000000000000000000e+00
-7.897172908651433065e-01
1.000000000000000000e+00
-1.000000000000000000e+00
1.000000000000000000e+00
-9.320290265007512565e-01
3.982547865272380028e-01
-1.000000000000000000e+00
-1.691328589901833213e-01
