1.645663213552175236e-02
1.000000000000000000e+00
1.000000000000000000e+00
1.000000000000000000e+00
3.131950958741711588e-01
-1.000000000000000000e+00
3.560947734491957117e-01
5.474702185175582825e-01
2.150885138443356936e-01
1.432158686040450046e-01
-6.527422200570813793e-01
2.174618330288101142e-01
7.825422752613715449e-01
3.354115646433812881e-01
3.198559842113254392e-01
1.000000000000000000e+00
-6.529251838084357829e-01
1.000000000000000000e+00
1.000000000000000000e+00
5.264088305692469216e-01
-8.853129992246924207e-01
-1.000000000000000000e+00
1.000000000000000000e+00
1.000000000000000000e+00
1.000000000000000000e+00
-1.490085338459377073e-01
1.000000000000000000e+00
1.000000000000000000e+00
8.869398676952333638e-02
1.964435539765518879e-02
9.084402689602084635e-01
1.000000000000000000e+00
-1.000000000000000000e+00
-1.000000000000000000e+00
-1.000000000000000000e+00
2.994139866241083414e-01
-9.163778784931735366e-01
-3.378202701643147066e-01
-1.450162471407687725e-01
4.171492237358589428e-01
9.687364263617541660e-01
-4.459597139078774752e-02
-4.229002624206128491e-01
9.528476293559169363e-01
-1.000000000000000000e+00
-7.357720150189142050e-01
-8.728129074694552791e-01
7.793788689045499929e-01
-3.647198326519069944e-01
4.534111877142132374e-01
-6.129094186084838025e-01
-1.000000000000000000e+00
1.000000000000000000e+00
8.985416644548283038e-02
-1.384914675213980151e-01
1.000000000000000000e+00
-1.000000000000000000e+00
-1.000000000000000000e+00
-7.478459223121658450e-02
-9.292588603092024613e-01
1.000000000000000000e+00
8.711575947770320294e-01
3.205391598340643355e-01
1.515551630950384421e-01
-3.236560234261210978e-01
4.374420590231431483e-01
1.725250954172401485e-01
-1.000000000000000000e+00
-4.082202920153910064e-01
-5.570677779959627429e-01
1.000000000000000000e+00
1.000000000000000000e+00
-2.642670759252853108e-01
1.609197634219532436e-01
1.000000000000000000e+00
-5.453677794905957832e-01
-9.625279809773101825e-01
-6.316872651018092810e-01
1.000000000000000000e+00
1.000000000000000000e+00
-6.852481364816819243e-01
6.258674214632080346e-02
8.041200427656687300e-01
-4.187167002591452025e-02
6.483820432189960625e-01
9.716151752189636781e-01
1.000000000000000000e+00
-8.197695113441845205e-01
-1.336261359940664750e-01
-5.396800766962530638e-01
-5.160529536176755583e-01
-1.000000000000000000e+00
-3.860507001728796794e-02
-1.000000000000000000e+00
-1.000000000000000000e+00
1.000000000000000000e+00
-1.000000000000000000e+00
3.816775827781790920e-01
-8.076708723963892389e-01
2.617321463996913344e-01
-9.088889816745948647e-02
1.000000000000000000e+00
1.000000000000000000e+00
6.574175261314119112e-02
1.000000000000000000e+00
1.000000000000000000e+00
1.000000000000000000e+00
6.438855318553960982e-01
-1.000000000000000000e+00
1.000000000000000000e+00
-5.227732549807886375e-01
1.000000000000000000e+00
-7.995103963048171281e-01
-8.157974834893348959e-01
1.000000000000000000e+00
-4.705944771422752027e-01
-8.964408814780886470e-01
-2.222927462363817330e-01
1.424421763996369661e-01
2.614377250325099489e-01
1.000000000000000000e+00
2.966843827108316400e-01
-1.000000000000000000e+00
-1.000000000000000000e+00
-4.575827907991206200e-01
-8.625215240281822737e-01
-1.000000000000000000e+00
-2.576245759764147492e-01
8.001456869066188027e-01
-1.000000000000000000e+00
-8.019707405490514862e-01
-4.054711862299167358e-01
-1.000000000000000000e+00
7.859915516167137461e-01
-1.000000000000000000e+00
7.847007778842477466e-01
-1.000000000000000000e+00
-1.975706678844677266e-01
-4.122180896211484757e-01
-3.445360366590619616e-01
1.731698982939677833e-01
9.387859219883376571e-02
-1.000000000000000000e+00
-1.000000000000000000e+00
1.000000000000000000e+00
3.052155146936902375e-01
9.987039641065256212e-01
-5.996536961696219414e-02
2.755153692171980473e-01
-3.542451007165385857e-01
2.077895799011302558e-01
8.850391626994200678e-01
-3.366939508872661690e-01
4.296124129758178700e-01
-6.874137777701858631e-01
-1.544766870849700879e-03
-1.000000000000000000e+00
7.789548454058663474e-01
-9.668513726431783306e-01
-6.971158659176645012e-01
-3.346741166179305615e-01
-6.418764231207370052e-01
3.267872670282627734e-01
3.597153692091126231e-01
-2.594386384537472612e-01
1.000000000000000000e+00
-1.000000000000000000e+00
3.275785581769876664e-01
-1.000000000000000000e+00
-3.597189568282464500e-01
3.407122676799172467e-01
-1.000000000000000000e+00
-1.446648902760088173e-01
1.000000000000000000e+00
-6.402467506322973012e-01
-1.000000000000000000e+00
-5.402418420352077533e-01
-1.000000000000000000e+00
-3.438413914224125456e-01
1.000000000000000000e+00
2.177974628067231855e-01
-1.000000000000000000e+00
-4.167585217964375754e-01
1.000000000000000000e+00
1.125060792654191677e-01
4.013474364781566273e-01
3.080387689932930773e-01
8.836193935616831752e-01
-9.902661218585373515e-01
-1.603144833265583991e-01
-1.000000000000000000e+00
6.478664506791752542e-01
-3.089588060151769455e-01
1.000000000000000000e+00
8.984603114397698986e-01
6.482136196025036767e-01
5.240107207082963514e-01
-9.550637479699520815e-01
-3.212754604291276905e-01
-8.592956755186502704e-01
-1.000000000000000000e+00
1.000000000000000000e+00
-6.956613282683601351e-01
-6.043164848672313294e-01
5.812392318569644667e-01
-1.773563347701528903e-02
8.067006546894410768e-01
1.000000000000000000e+00
3.627734761136935937e-01
2.247516775614206708e-01
-7.609360898687516084e-01
1.000000000000000000e+00
-1.000000000000000000e+00
5.211406560748943484e-01
-3.806597833896474548e-01
-7.677057314677824262e-01
-3.143400207192020845e-01
6.148234573867502606e-01
1.000000000000000000e+00
-1.114173509291853104e-01
7.518847046538716938e-01
-3.604995451683123964e-01
-1.785122834807125192e-01
-1.000000000000000000e+00
3.072286892429739180e-01
-1.000000000000000000e+00
-1.114411475289139863e-01
-3.709227924373960650e-01
1.000000000000000000e+00
3.983835047382981998e-01
5.591704571138474134e-02
6.072253390149604524e-01
5.729961494068755989e-01
7.181803727794385805e-01
-3.185539602921911850e-01
-8.318122985372362610e-01
-1.609805380922788576e-01
8.418312422612865831e-01
-1.000000000000000000e+00
1.000000000000000000e+00
-1.000000000000000000e+00
-7.851106612161058429e-01
1.000000000000000000e+00
1.000000000000000000e+00
-1.000000000000000000e+00
-1.000000000000000000e+00
1.378128531058404604e-01
7.088320693956968732e-01
1.000000000000000000e+00
1.000000000000000000e+00
-1.385126321355869550e-01
-7.620110701808173737e-01
5.975502122739061450e-01
-3.207603690310709688e-01
1.676956153536994787e-01
3.779777023227043342e-01
9.012641281369752067e-01
-4.450466071518993649e-01
7.156448719964814131e-02
-2.159134339508486100e-01
8.918986790283547350e-01
-8.456243158043401653e-01
1.000000000000000000e+00
5.876868185212271722e-01
-1.000000000000000000e+00
