-1.000000000000000000e+00
-4.639589834692667836e-01
-1.000000000000000000e+00
-3.352900681036031227e-01
-1.000000000000000000e+00
5.499386113848974134e-01
3.748423771308824204e-01
5.825552425380028376e-01
-1.000000000000000000e+00
1.000000000000000000e+00
1.000000000000000000e+00
-4.156349331956282755e-02
1.000000000000000000e+00
-1.000000000000000000e+00
-1.000000000000000000e+00
-1.000000000000000000e+00
-7.600774676797383833e-01
-1.809033435040986459e-01
-5.556215333401408607e-01
9.914019758199132948e-01
3.740263364821463377e-01
1.000000000000000000e+00
-2.180234438469641489e-01
-3.227381488581945734e-01
-3.261584656951240779e-01
1.978621722298099517e-01
-1.000000000000000000e+00
-1.149218639064692460e-01
1.000000000000000000e+00
-1.000000000000000000e+00
-4.376661930185978266e-01
-2.753917074158964695e-01
-1.000000000000000000e+00
-1.000000000000000000e+00
1.337643220671576039e-01
1.000000000000000000e+00
1.000000000000000000e+00
-4.626898323763490861e-01
-1.000000000000000000e+00
-1.000000000000000000e+00
2.344110223489110911e-01
1.000000000000000000e+00
-1.000000000000000000e+00
-3.219009655720650454e-01
-2.250023560167021264e-01
1.000000000000000000e+00
1.000000000000000000e+00
-4.952518481307222054e-01
1.000000000000000000e+00
-2.661294613745073256e-01
-1.000000000000000000e+00
7.671353470339243863e-01
-9.238505332096895728e-01
-4.324390559059821948e-01
-7.956369421025846211e-01
-1.000000000000000000e+00
1.000000000000000000e+00
-5.567275187757769750e-01
-1.000000000000000000e+00
-1.708904754894799982e-01
3.990433123639227503e-02
9.698417546049118432e-01
-7.494431399959076145e-01
-3.265368869000659924e-01
-1.000000000000000000e+00
-6.533509248559580262e-01
-3.020092709512247620e-01
-1.000000000000000000e+00
-1.599890712164973028e-01
1.000000000000000000e+00
1.000000000000000000e+00
3.659020158793129252e-01
-3.188793697961023188e-02
4.766781826492465513e-01
-6.280631019584727026e-01
6.682079237551497020e-01
-8.139426843087658181e-01
-1.273232730388684786e-02
-1.000000000000000000e+00
1.000000000000000000e+00
-7.372597894290118248e-01
1.000000000000000000e+00
1.000000000000000000e+00
1.000000000000000000e+00
-1.449374575442214930e-01
1.000000000000000000e+00
9.392805421850973779e-01
-1.000000000000000000e+00
1.000000000000000000e+00
-3.924623886410618656e-01
-1.000000000000000000e+00
8.557646492868655752e-01
-1.505409284319967345e-01
5.819603206487333757e-01
-2.719768160592717088e-01
3.251099802676531425e-01
-5.358515544839754785e-01
1.137385062424338678e-01
-1.000000000000000000e+00
1.000000000000000000e+00
-5.434973768374526948e-01
-3.881415431574275487e-01
6.337522196560974042e-03
2.316109095120871819e-01
-3.166778944388045636e-01
1.000000000000000000e+00
-1.000000000000000000e+00
1.468214665806352182e-01
-3.739340888159436438e-01
-5.105085609639041788e-01
1.000000000000000000e+00
-9.277874385107542921e-01
5.436153705159980642e-01
1.000000000000000000e+00
8.652734774716086541e-02
-5.278397641316043831e-01
5.524256395726907520e-01
3.516481199592574880e-01
-1.000000000000000000e+00
8.923482766017206691e-01
-1.000000000000000000e+00
5.839969072207920053e-01
-1.000000000000000000e+00
1.000000000000000000e+00
-1.000000000000000000e+00
-9.922494960386809559e-01
-3.918647823352309212e-01
1.000000000000000000e+00
3.403277520660896727e-01
1.000000000000000000e+00
-1.000000000000000000e+00
-1.000000000000000000e+00
-3.015686461005320784e-01
4.967152997878165888e-02
-9.982714680123897510e-01
-2.813508932193662382e-01
-4.138531306543113963e-01
-5.930449791255099079e-02
5.203813917081017149e-01
1.000000000000000000e+00
1.000000000000000000e+00
-6.304587982226330656e-01
-1.000000000000000000e+00
1.000000000000000000e+00
8.165033031745215775e-01
-4.575244742246908913e-02
4.861724593724958132e-01
-6.402098114842829091e-01
-1.000000000000000000e+00
-7.335491399103972743e-01
-7.196666037822606610e-01
-9.741303930737599259e-02
-1.000000000000000000e+00
-7.704373874616758933e-01
8.610601328944574862e-01
3.172696129017091859e-01
1.828491219478836083e-01
-1.000000000000000000e+00
5.809985832747928125e-01
-6.807061942560156398e-01
2.901172562837973090e-01
-8.631176676752563282e-01
1.738729638282414669e-01
-3.818201607433334699e-01
-7.616371854581276413e-01
7.676900835997486627e-01
-7.984565847013811446e-01
-2.923599030924552977e-01
8.842781741638580106e-01
1.000000000000000000e+00
1.000000000000000000e+00
-9.696857951854649382e-01
7.985367655036019752e-01
-1.000000000000000000e+00
4.978085729973168450e-01
1.000000000000000000e+00
-8.521467256614561059e-01
3.249912678285016288e-01
8.196504594366389451e-01
1.000000000000000000e+00
1.000000000000000000e+00
3.114981400624862173e-01
4.227303219132830803e-01
-3.499141405757753009e-01
1.000000000000000000e+00
9.117528632433544722e-01
-1.000000000000000000e+00
-7.158704454074098500e-01
1.553226000331351386e-01
1.000000000000000000e+00
-5.000714148722118502e-02
-1.000000000000000000e+00
6.834855849150163198e-01
4.234238436286389962e-01
-1.000000000000000000e+00
1.000000000000000000e+00
1.000000000000000000e+00
-5.168573737091792797e-01
-5.279819856436358538e-01
-5.331511494374077120e-01
-3.651559995601765252e-01
-1.000000000000000000e+00
8.390402719244381968e-01
1.174389765230018368e-01
3.593410832886003714e-01
5.191307417733133089e-01
-4.570929487792550761e-02
1.120099565290679777e-01
1.000000000000000000e+00
9.547928721311499389e-01
2.268244920143875909e-01
1.000000000000000000e+00
2.169750072726239765e-01
-7.185573133922666944e-01
1.000000000000000000e+00
1.000000000000000000e+00
5.986265870788609611e-01
9.529397860440291801e-02
-7.529878789727186827e-01
5.575538305443178411e-02
-1.000000000000000000e+00
-1.000000000000000000e+00
1.000000000000000000e+00
9.724077918922910957e-01
-1.000000000000000000e+00
-1.000000000000000000e+00
-4.231904303940298706e-01
7.645263757284095352e-01
1.000000000000000000e+00
-1.000000000000000000e+00
-1.000000000000000000e+00
-1.000000000000000000e+00
-6.080165511304783665e-01
6.629355909862464369e-01
-2.551600748971034616e-01
-2.014602945699572878e-02
-1.401109459352460895e-01
1.000000000000000000e+00
-1.000000000000000000e+00
-2.432527104407582463e-01
-2.225940841903235601e-01
-6.510265500606887690e-01
4.422580355959144782e-01
8.024881688897737009e-01
-2.385888727685800959e-01
-1.000000000000000000e+00
-8.351447332765755682e-01
2.330924911598590832e-01
-6.183312402677261232e-01
-1.009321787843227014e-01
1.000000000000000000e+00
1.000000000000000000e+00
1.000000000000000000e+00
1.794385527163229743e-01
-4.195034918645849098e-01
-3.930035992599204553e-01
-7.737858194920133048e-01
8.532062540191633904e-01
-4.708930317286530443e-02
1.000000000000000000e+00
4.486096624950904888e-01
4.027668901459133810e-01
1.000000000000000000e+00
3.754635907774783732e-02
-7.118936312784893694e-01
