-1.000000000000000000e+00
-3.311775386507143093e-02
7.250397070753251683e-01
-4.056505191274963895e-01
-3.848118222896156349e-01
-3.734209656139841904e-02
-1.881370145548025841e-01
5.695931906820852486e-01
-1.000000000000000000e+00
-1.000000000000000000e+00
-4.823672187825901458e-01
-1.955438969557754536e-02
-2.956107625619778245e-01
-1.000000000000000000e+00
9.201945808522253856e-01
5.652404792585781212e-01
6.560177661479149602e-01
1.000000000000000000e+00
-9.778635417154191156e-01
1.000000000000000000e+00
1.299671405317406325e-01
1.000000000000000000e+00
8.041453672868452696e-01
-1.000000000000000000e+00
2.219478888764206959e-01
-8.106743334453270222e-03
1.000000000000000000e+00
3.342890888894489709e-01
1.143592855074710979e-01
9.535799837226581754e-01
-1.000000000000000000e+00
1.000000000000000000e+00
-2.905471824320710050e-01
2.050077367596756517e-01
8.335272669917852539e-01
7.606408217893845247e-01
-7.805356457874053078e-01
2.773593569574224205e-01
9.911744291118093075e-01
-1.000000000000000000e+00
-1.000000000000000000e+00
-1.000000000000000000e+00
5.707346161714110799e-01
1.000000000000000000e+00
-4.340028575496524682e-02
-6.003066249807864629e-01
-3.017575854268725877e-01
2.266144692086694556e-01
-2.415126698267191507e-01
3.490430623457128068e-01
-1.000000000000000000e+00
1.000000000000000000e+00
2.887617069083538990e-01
-1.000000000000000000e+00
-5.189489399479613185e-01
1.000000000000000000e+00
-8.254668148429912256e-01
1.000000000000000000e+00
-5.647728305291528361e-01
-1.000000000000000000e+00
-1.000000000000000000e+00
-1.000000000000000000e+00
8.584376817540193549e-01
9.340967919930238672e-01
-4.090426150290760177e-02
-1.299489148873438360e-01
7.906691173127302630e-01
8.800116147665093536e-01
-1.000000000000000000e+00
-3.471661245815933494e-01
2.473143412463257307e-01
4.621722184712554471e-01
-3.408326745077410180e-01
1.000000000000000000e+00
-5.219015597374998539e-02
-1.000000000000000000e+00
4.555616705817167600e-01
4.134927561707171240e-01
-3.203542697535443073e-01
1.000000000000000000e+00
8.189900626056574318e-01
1.000000000000000000e+00
1.000000000000000000e+00
-1.000000000000000000e+00
9.747001376405202144e-01
1.000000000000000000e+00
-1.000000000000000000e+00
-1.217278284715450631e-01
7.380033523387965477e-01
-3.466787980396501823e-01
3.440021589878486941e-01
1.067634813521127768e-01
-1.000000000000000000e+00
-6.233610513704799239e-01
-5.690768198898543684e-01
-1.000000000000000000e+00
9.577639302627777296e-01
-1.879643443036171924e-02
1.000000000000000000e+00
6.089546758114636749e-01
-8.124097822658635781e-01
-3.526649755764810212e-01
-1.344837410843930936e-01
-7.858927226926424314e-01
-8.217952009690199233e-02
-6.799114355611615146e-01
-4.517015169408727382e-01
-1.373837612822958465e-01
-1.713239113239891087e-01
-8.216950461584016097e-02
-9.243806345302723049e-01
3.199575989049801006e-01
-1.000000000000000000e+00
-1.253898084454213580e-01
4.844073060835361044e-01
6.102011098519457555e-01
-8.283612804813295094e-01
1.000000000000000000e+00
-5.891615445996047917e-01
-5.355209331610628620e-01
8.424076359255241453e-01
-1.000000000000000000e+00
1.000000000000000000e+00
-2.949330451257414776e-01
-3.377812055229859611e-01
-1.000000000000000000e+00
-7.568602205140251282e-01
6.003033477829641251e-01
-9.103880442817260388e-01
9.182630519032510819e-01
7.228821408528030013e-01
-3.773609346778888929e-02
-1.000000000000000000e+00
-1.000000000000000000e+00
-1.000000000000000000e+00
-1.000000000000000000e+00
-9.119718540208969770e-01
-8.244811815826811330e-01
-1.000000000000000000e+00
-1.000000000000000000e+00
-1.000000000000000000e+00
-4.742972239870224538e-02
-7.489048815553767113e-01
1.000000000000000000e+00
1.000000000000000000e+00
-3.591359538514489191e-01
-5.085326684831996680e-01
8.516554928942278169e-01
8.832631997086073383e-01
1.000000000000000000e+00
9.503279255618375387e-01
-5.758453982106359614e-01
-9.656726678669996788e-01
-2.092477225421149334e-01
-1.000000000000000000e+00
9.610448122868580079e-01
-5.035506273795808951e-01
5.913219002049033834e-01
-1.000000000000000000e+00
-6.429621355898786916e-01
-3.658874343618285785e-01
-6.139625744902230675e-01
8.684706150638857869e-01
1.000000000000000000e+00
3.196956307990206358e-01
1.000000000000000000e+00
2.216302277477752714e-01
1.000000000000000000e+00
-5.938957944697412783e-01
-1.000000000000000000e+00
1.305466039790997845e-01
-1.000000000000000000e+00
1.426422233172809084e-01
6.553507618886187380e-01
2.839277445559775237e-01
3.570213036586877831e-02
1.000000000000000000e+00
-6.988294154891716570e-01
1.000000000000000000e+00
-4.795613733531685630e-01
6.709325627781570489e-02
-3.703755332639044329e-01
-1.000000000000000000e+00
1.391081176331997460e-01
-4.296654848804368765e-01
7.500227142692723614e-01
1.000000000000000000e+00
6.368276904206443545e-01
2.159125425214163396e-01
1.000000000000000000e+00
-8.990407365013217689e-01
-7.657742701984240341e-01
-1.836396162841347213e-02
-1.000000000000000000e+00
-2.876079588991536928e-01
1.000000000000000000e+00
-7.965009038527524066e-01
1.000000000000000000e+00
8.001748099303493955e-01
-1.000000000000000000e+00
-1.000000000000000000e+00
2.347120124055095403e-01
1.000000000000000000e+00
-3.270913416024403553e-01
6.582096915680113458e-02
-2.833379451252924230e-01
-4.116359573210418565e-01
9.891016919058759349e-02
-1.000000000000000000e+00
-1.000000000000000000e+00
-8.568965769594061310e-01
-7.009557597345553726e-01
1.000000000000000000e+00
3.362479036671722765e-01
-2.684154174063710929e-01
2.036765057914948773e-01
9.713713007215170059e-01
-1.691112554650032740e-01
1.000000000000000000e+00
-3.242589655352290379e-03
-6.728439367711518404e-01
-2.526754327206971462e-01
-9.960418476625159112e-01
8.248288898670368408e-01
-1.122405440824060241e-01
1.000000000000000000e+00
-7.583827078208407180e-01
1.000000000000000000e+00
1.000000000000000000e+00
-2.511305462116508735e-01
-4.716441863134438472e-01
1.000000000000000000e+00
-9.764448708129784826e-01
1.000000000000000000e+00
1.000000000000000000e+00
9.185033363970245279e-01
-5.802026914191411588e-01
5.440153562518550423e-01
8.352178918427751730e-01
-2.961972682230085141e-01
-9.895153503365954339e-01
-1.000000000000000000e+00
3.313639335155984522e-01
-1.000000000000000000e+00
1.000000000000000000e+00
-1.000000000000000000e+00
-1.217499002492103966e-01
-1.000000000000000000e+00
-1.000000000000000000e+00
-1.217164231758725013e-01
-1.000000000000000000e+00
-1.000000000000000000e+00
8.775176179405635990e-01
6.446272650989606223e-01
-3.411416646425808885e-01
-6.165775194399671921e-01
-1.000000000000000000e+00
-2.689340881604455613e-01
-1.000000000000000000e+00
7.087074025218482731e-01
-1.000000000000000000e+00
-4.250773396447371510e-02
-1.000000000000000000e+00
5.679621020510162710e-01
5.357268527070224717e-02
