1.000000000000000000e+00
-7.118687341797033108e-01
4.537937957734594629e-02
-1.599055822025384765e-01
-1.000000000000000000e+00
-3.001339317078111080e-01
-1.854774063467949929e-01
3.932971614630553781e-01
6.949359863577730945e-01
-1.000000000000000000e+00
4.459400739507117795e-01
-1.000000000000000000e+00
-8.106020892965799529e-01
6.446886234692449369e-01
-1.235730628796192776e-01
8.374328672752620051e-01
-6.058547269917249345e-01
-1.000000000000000000e+00
7.965870461140303060e-01
-6.397934651185437360e-01
6.201837783232669876e-01
-1.000000000000000000e+00
6.904516294393616693e-01
-7.406760321601577601e-01
-1.627667705342381588e-01
-3.030625228255505732e-01
3.294256797493024802e-01
6.345693941172352304e-01
-2.550968722955027079e-01
1.000000000000000000e+00
-1.246873874068894494e-01
1.000000000000000000e+00
-1.000000000000000000e+00
1.811437389422224098e-01
3.693848263817480215e-01
2.823552781163258807e-01
5.258010180524705923e-01
-1.000000000000000000e+00
1.000000000000000000e+00
7.291994066297686761e-01
-1.000000000000000000e+00
2.984257160889058902e-01
1.000000000000000000e+00
-6.276538225301460105e-01
1.629644768602405147e-01
7.614052265176607381e-01
-7.652315477366627983e-02
-5.400781877309754897e-01
-6.929289347620264383e-01
1.765409258312056195e-01
8.681890923223199996e-01
-1.000000000000000000e+00
1.000000000000000000e+00
8.356052274885183984e-02
-1.474111329879287946e-01
-1.000000000000000000e+00
4.121052401026283896e-01
9.719068799219896526e-01
2.727410309524476717e-01
6.559491515429144437e-01
1.000000000000000000e+00
-5.433580409056385507e-01
1.000000000000000000e+00
-1.000000000000000000e+00
6.399472140315621838e-01
4.406800239961268795e-01
1.000000000000000000e+00
1.897553026173053325e-01
2.417644415273172420e-01
-8.855009297370322052e-01
-8.580899764237790439e-01
1.000000000000000000e+00
4.049566086407239696e-01
-7.909496763536376651e-01
-7.909503269378310719e-01
4.086724502345326915e-01
-9.057568940900222465e-01
-4.545977486342756002e-02
-1.000000000000000000e+00
1.000000000000000000e+00
-1.000000000000000000e+00
7.289472680640332047e-01
3.309377180306004584e-01
6.465467710819643443e-01
1.000000000000000000e+00
-5.916730244577725895e-01
1.000000000000000000e+00
9.146051613197335728e-01
1.000000000000000000e+00
5.990738707022360554e-01
7.857839814649392185e-02
2.663289211333289552e-01
7.157782479760620431e-01
-2.929055768822419470e-01
-1.000000000000000000e+00
-2.133029406338990963e-01
-5.740259277038610719e-01
1.056528156704586996e-01
-1.000000000000000000e+00
-1.000000000000000000e+00
1.000000000000000000e+00
-4.975281677772680489e-01
6.600743519944450854e-01
-1.237211730650409347e-01
-8.440460045559211588e-01
2.995381971739070615e-01
-7.710654396596137161e-01
1.000000000000000000e+00
8.311668749615164220e-02
-1.000000000000000000e+00
-7.907181552998467922e-01
4.424922970364078001e-01
-1.000000000000000000e+00
8.190534562867157753e-01
1.000000000000000000e+00
9.610497957742452080e-01
8.853196809958596702e-01
1.000000000000000000e+00
-1.000000000000000000e+00
8.313376880245034739e-01
1.025983720862252424e-01
7.430556479007155435e-01
-1.000000000000000000e+00
1.000000000000000000e+00
-8.957406365864784004e-02
-5.149718555220671456e-01
-1.000000000000000000e+00
-1.000000000000000000e+00
3.327437665878260065e-01
2.308662569443292178e-01
3.175966383193016274e-01
3.087655481790665957e-01
1.000000000000000000e+00
-1.000000000000000000e+00
-7.579031332088226325e-01
-1.000000000000000000e+00
2.556234043971663539e-01
1.000000000000000000e+00
1.000000000000000000e+00
4.993570244417191994e-01
8.529702749720662336e-01
-1.000000000000000000e+00
-1.000000000000000000e+00
5.566172308802396218e-01
-2.353528522723842276e-01
-5.310664318863740352e-01
-1.000000000000000000e+00
-1.509166990124943819e-02
-1.000000000000000000e+00
9.477864321594847707e-01
1.000000000000000000e+00
-4.857794643435363602e-01
-4.349195736169980675e-02
-4.509385537580526959e-01
2.631848537959612377e-01
-1.000000000000000000e+00
9.065472938370636724e-01
1.000000000000000000e+00
-5.423500991916219149e-01
3.020732247515359736e-01
5.056980235828940629e-01
5.514453810912733900e-01
-1.000000000000000000e+00
-8.922040786622384978e-01
-1.000000000000000000e+00
5.118777909274661031e-01
1.000000000000000000e+00
-8.858545838478231182e-01
-8.083700354960108303e-01
-6.539330124814199952e-01
-1.000000000000000000e+00
1.000000000000000000e+00
2.506763057674344930e-01
-7.888086641391772735e-01
3.076899974592923748e-01
5.205684719094439972e-01
8.029333165178047516e-01
-4.785507619121720513e-01
-9.071101456534353957e-01
7.000533172279588268e-02
1.000000000000000000e+00
3.699289646563448386e-01
-3.353255439923179537e-01
-9.244916884962874892e-01
7.799526762321438156e-01
-1.000000000000000000e+00
-4.546306580429027022e-02
-1.000000000000000000e+00
-1.000000000000000000e+00
-4.214931302631674814e-01
-1.000000000000000000e+00
5.986999660414931146e-01
2.926464581202231074e-01
2.359120158511009979e-01
6.057771050738034457e-01
1.000000000000000000e+00
-1.000000000000000000e+00
-1.000000000000000000e+00
-6.716533302175133890e-01
1.000000000000000000e+00
-1.000000000000000000e+00
-8.861716412659268460e-01
-1.000000000000000000e+00
-6.874855109823219124e-01
-9.689779673232981061e-01
-1.092232469010983031e-01
9.194722738063393352e-01
-6.865378228369078961e-01
-1.114213226168861981e-01
-1.000000000000000000e+00
-9.571636586263387869e-01
-3.044436652655579945e-01
1.000000000000000000e+00
7.693691237447516373e-01
1.000000000000000000e+00
-9.426106569736619756e-01
5.100768638428885282e-01
9.753223186030257619e-01
2.945423723006022065e-01
-8.534059514802878610e-01
-1.000000000000000000e+00
-8.997643981008167646e-01
4.700238406822081494e-01
1.000000000000000000e+00
9.477504205338831422e-01
1.000000000000000000e+00
7.711780367241791723e-01
5.886876785457334504e-02
-1.000000000000000000e+00
-1.000000000000000000e+00
-1.000000000000000000e+00
-1.876439754550394967e-01
-1.000000000000000000e+00
3.318949414532448294e-01
-5.455030945357508543e-01
-1.000000000000000000e+00
-8.417231441311953111e-01
1.000000000000000000e+00
1.000000000000000000e+00
-9.855569607387824060e-01
2.914226542002195108e-01
9.367827338703147433e-01
-1.000000000000000000e+00
5.803524385960435739e-01
-8.530852625273326328e-01
-5.077377907323086248e-01
5.261663565308416501e-01
5.168197300588988075e-01
6.238502475681325654e-01
2.624924903880451188e-01
-2.993953924474044292e-01
-7.992549738273820870e-01
1.331321234621608562e-01
1.000000000000000000e+00
-1.615932369469079699e-01
4.375946225560711778e-01
-1.000000000000000000e+00
-1.000000000000000000e+00
1.555447437349499751e-01
-1.594580312778501874e-01
5.503166920921733762e-01
-1.000000000000000000e+00
-1.000000000000000000e+00
-6.075144632642668352e-01
-1.552640718077164250e-01
