5.114477589563071191e-01
-9.559816741772124704e-01
9.933338309713084513e-01
-4.658491971629654671e-01
-1.000000000000000000e+00
9.920217590253159745e-01
-3.157150899093115193e-01
1.000000000000000000e+00
-4.538136617825954122e-01
-1.000000000000000000e+00
-1.000000000000000000e+00
2.406955449250704482e-01
1.000000000000000000e+00
-2.475751899061963135e-01
-1.000000000000000000e+00
4.644448370864247000e-01
-5.488445800587287149e-01
1.000000000000000000e+00
1.762729200378378436e-01
9.759753110856947966e-01
-3.947087722969047641e-01
3.024183076581533625e-01
-3.732170554299856224e-01
-1.000000000000000000e+00
6.818108192289744629e-01
6.287605124529984657e-01
-9.206775422637831774e-01
-1.508399039926427987e-01
-3.535899607351875584e-01
1.084489244590019219e-01
-6.894905843358766218e-01
2.381904363615405806e-01
1.515059189379212856e-01
1.628152776927871415e-02
5.234136946351214403e-01
-2.902304961821831064e-01
-4.586205218881220791e-01
-1.000000000000000000e+00
-9.136770509997458323e-01
-2.299524303611166498e-01
-1.000000000000000000e+00
1.000000000000000000e+00
1.000000000000000000e+00
5.770082725445391247e-02
-2.146890508099782435e-01
-5.435928776276193197e-01
-2.857080139824091924e-01
8.312538043346522354e-01
-3.851336737730424176e-01
1.000000000000000000e+00
-3.796581994541412541e-01
-1.000000000000000000e+00
1.000000000000000000e+00
-4.957801407585349374e-02
-1.000000000000000000e+00
4.626000076336858058e-01
-4.530810556351960727e-01
-1.000000000000000000e+00
-6.183506400751557219e-01
-1.000000000000000000e+00
1.000000000000000000e+00
-1.000000000000000000e+00
-5.616766908752289789e-01
-4.851282807199496228e-01
-7.573555620507507191e-01
-1.000000000000000000e+00
-1.000000000000000000e+00
9.137979823350907971e-01
5.377383640385552388e-01
2.322853449024109840e-01
-6.329289671928997052e-01
2.239121780998979405e-01
-1.000000000000000000e+00
-1.643526186810425616e-01
5.857968087007867641e-01
2.862318715028859262e-01
5.968472986953929915e-01
-9.541572727740965654e-01
7.602888146868547192e-01
6.121454578765417320e-01
1.614964413328052739e-01
-1.000000000000000000e+00
-2.911037517128991503e-01
1.000000000000000000e+00
-5.911016513380529247e-01
-1.000000000000000000e+00
-1.000000000000000000e+00
1.000000000000000000e+00
5.029131058589375591e-02
1.000000000000000000e+00
4.662887921694485183e-01
-1.000000000000000000e+00
7.092252427401248838e-01
1.000000000000000000e+00
5.356417127176161808e-01
-2.512065299386774253e-01
5.039751368830870382e-01
-5.804107756687175712e-01
3.268434902052671509e-01
-9.641708683071497088e-01
3.478021573355960516e-01
7.758735845018943644e-01
-9.585324156697122566e-01
-1.000000000000000000e+00
3.068492344339146527e-02
1.000000000000000000e+00
9.157885912945873397e-01
-7.031410596933771462e-01
9.996068617001980794e-01
-9.037277203379581181e-01
2.371704171473365541e-01
-8.305808960600774560e-01
1.000000000000000000e+00
7.943968831362209215e-01
1.000000000000000000e+00
7.818117370876416228e-01
-3.721371753297502138e-01
-4.498044809602423921e-01
1.000000000000000000e+00
6.403081782596051208e-02
-7.722121613478816204e-02
1.000000000000000000e+00
-9.905436545093511125e-01
-1.000000000000000000e+00
-4.226104500559277888e-01
1.000000000000000000e+00
-3.519542168817967331e-01
9.951691153742650009e-01
1.000000000000000000e+00
4.158703557450211807e-01
4.950548723905128234e-01
4.087341979370908707e-01
1.000000000000000000e+00
-9.151806532502926306e-01
9.301793934203662628e-01
1.000000000000000000e+00
-7.696457156428450075e-01
5.259960583020570901e-01
-1.000000000000000000e+00
-1.000000000000000000e+00
1.000000000000000000e+00
-1.143282767575137804e-02
1.000000000000000000e+00
1.000000000000000000e+00
1.856382212100504692e-01
7.266447673264635476e-01
9.464100132775372654e-01
-1.000000000000000000e+00
3.489630025280836545e-01
2.517528252127448907e-01
8.849689550930330828e-01
8.582580844883064275e-01
1.000000000000000000e+00
1.000000000000000000e+00
-5.883878268833104830e-01
2.490841018087825987e-01
-9.583806381968759114e-01
-1.000000000000000000e+00
4.632007274864936575e-01
-4.582461332150125077e-01
-5.469555703009549852e-01
8.411596790524344947e-01
-1.000000000000000000e+00
-2.958670620279324481e-03
5.992086048453765246e-01
-1.000000000000000000e+00
1.000000000000000000e+00
4.471579129180489609e-01
1.286016181273688108e-01
1.000000000000000000e+00
8.684121481387194752e-01
2.254539011176359686e-02
2.354970841815827443e-02
-1.672696474672981382e-02
2.076436570592935238e-01
-1.000000000000000000e+00
-7.908066445498890262e-02
6.941012433111293234e-02
9.221610547425584947e-01
-3.182187983996863645e-01
3.171287465728036548e-01
9.591026231954443704e-01
7.647822243007462717e-02
3.061569201960749886e-01
6.450292845556789834e-01
-1.000000000000000000e+00
1.000000000000000000e+00
-9.346543659579746866e-01
-7.979394662184582376e-01
6.992841595198957538e-01
-1.000000000000000000e+00
7.506889337703908094e-01
-1.697648290698869911e-01
-6.845713077527095791e-01
6.894212023844508153e-01
-1.000000000000000000e+00
2.625569670843319603e-01
-4.293867045945987809e-02
2.909425904902771531e-01
4.499718531594272264e-01
-9.313521081077885677e-01
-4.113490576002967192e-01
3.029355699329646656e-01
-6.916832526369002254e-01
-1.000000000000000000e+00
1.000000000000000000e+00
3.570648155777564892e-01
-5.578317668917281980e-01
-9.237649602619899536e-01
5.844494610098225351e-01
-1.000000000000000000e+00
5.119188753100536449e-01
1.000000000000000000e+00
1.000000000000000000e+00
-6.476469966088823638e-01
-1.414234995870665146e-01
1.000000000000000000e+00
1.449866900652915236e-01
-6.982390028679548166e-01
-2.850098151246599487e-01
-4.940380781491087725e-01
-3.525900406742652482e-01
1.333501599881350419e-01
-6.253674961195065940e-02
1.000000000000000000e+00
-1.000000000000000000e+00
-2.946596344765758380e-01
1.000000000000000000e+00
1.888276619547808455e-01
-2.411269302294457573e-01
4.236720865118781543e-02
3.929724890295649420e-01
7.722232778976754197e-01
1.000000000000000000e+00
8.434339881737935585e-01
1.000000000000000000e+00
-1.000000000000000000e+00
-3.145282191141126060e-01
1.228937947189669977e-01
-2.562226278583229488e-01
-1.000000000000000000e+00
-5.885994477156184512e-01
3.481055963461763270e-01
-1.000000000000000000e+00
-6.468261464208104883e-01
4.105977647927416818e-02
-6.444368190265411522e-01
4.451176320026561939e-03
7.170913227319952732e-01
1.000000000000000000e+00
9.310800253374319491e-01
2.186964060631568785e-02
-3.418169670898740797e-02
5.739645981979004663e-01
-2.261445119578777696e-01
7.202592235338634019e-01
3.305797745321230607e-01
-8.440553836427456824e-01
1.747773740599636028e-01
-1.183316919162326064e-01
-1.000000000000000000e+00
-3.317312428178957884e-01
-1.000000000000000000e+00
6.420765443054091692e-01
1.000000000000000000e+00
