-7.458067681075362110e-01
9.350156485095147962e-01
1.000000000000000000e+00
3.597549266917962063e-01
-1.000000000000000000e+00
5.104126547174858697e-01
-1.000000000000000000e+00
-1.000000000000000000e+00
2.999963231899016591e-01
-5.299107609211107794e-01
1.000000000000000000e+00
1.000000000000000000e+00
-7.762046020226625043e-01
-4.153035322685683095e-01
-2.121563057394928453e-01
4.019476350653943264e-01
-4.290721712684341105e-01
3.284817616773960669e-01
-1.000000000000000000e+00
-9.149037710380187871e-01
2.830038688265896774e-01
8.820013768250459796e-01
1.592370297280869540e-01
3.134525861037676386e-01
-8.459494257969990549e-03
-6.221905859939669270e-02
-9.882354063991468651e-01
-2.712121955284261254e-01
5.207106887422001673e-01
6.463047717555520100e-01
5.879581512481131256e-01
1.000000000000000000e+00
-7.890403752514758562e-01
-9.434281184833225309e-01
-4.147479844329780563e-01
4.552998407121868762e-01
1.000000000000000000e+00
-3.005124384493372824e-01
-5.834496156452098070e-01
-5.733978801337198394e-01
5.247240981150909089e-01
-1.000000000000000000e+00
2.132499891374077805e-01
-8.969041352741264905e-01
1.000000000000000000e+00
-1.000000000000000000e+00
1.000000000000000000e+00
-1.000000000000000000e+00
-1.000000000000000000e+00
9.961627227004006269e-01
4.551956259495444357e-01
-1.000000000000000000e+00
1.000000000000000000e+00
-1.000000000000000000e+00
1.000000000000000000e+00
-1.000000000000000000e+00
-5.632921639387087342e-01
-1.000000000000000000e+00
4.285153661382904988e-01
-1.000000000000000000e+00
1.000000000000000000e+00
-1.000000000000000000e+00
-4.394651362216321910e-01
1.572942215244449438e-01
5.724795330430400009e-01
-8.573133571525069774e-02
8.547663788664250362e-01
1.000000000000000000e+00
-5.794058002897766180e-01
1.000000000000000000e+00
1.000000000000000000e+00
5.794556719738730433e-01
1.000000000000000000e+00
1.000000000000000000e+00
5.764257305300942713e-01
8.373350552704739158e-01
-1.000000000000000000e+00
-9.098851256871947069e-01
1.000000000000000000e+00
-1.810483487486794774e-01
7.184228258170088921e-02
-8.482083634999242339e-01
-8.459022672517868546e-01
-1.000000000000000000e+00
-1.000000000000000000e+00
1.000000000000000000e+00
-7.039174377283237138e-01
-9.738853254997575926e-01
-1.000000000000000000e+00
2.661202254652659249e-01
-5.496346191217529875e-02
-1.967822444893686518e-01
-8.773060241817315363e-01
1.206029161781760894e-01
1.233212553749816198e-01
-5.113765239270295915e-01
-1.000000000000000000e+00
-8.976146384528482791e-02
-7.727210186584924090e-01
-2.464623074726513818e-01
-1.825233872021099213e-01
1.000000000000000000e+00
-1.000000000000000000e+00
-1.000000000000000000e+00
-1.000000000000000000e+00
-1.000000000000000000e+00
1.000000000000000000e+00
7.844485268178398307e-01
-2.186556545302589250e-01
1.000000000000000000e+00
-6.226796712451287963e-01
1.000000000000000000e+00
-6.958269590749337485e-01
2.413597575013147478e-01
-8.410049340688215969e-01
-1.000000000000000000e+00
1.000000000000000000e+00
-1.000000000000000000e+00
-6.810372324883151585e-02
-1.062732283212352302e-01
1.000000000000000000e+00
6.173298948472554226e-01
1.000000000000000000e+00
1.000000000000000000e+00
-4.092953613018676107e-01
8.458147305644805325e-01
1.507187627218369297e-01
9.158287523926472717e-01
1.000000000000000000e+00
4.092141635936467070e-01
1.000000000000000000e+00
9.128011382163709886e-01
-8.903191684395844741e-02
-7.329610588269012128e-01
-1.000000000000000000e+00
-1.000000000000000000e+00
-1.000000000000000000e+00
2.846133519781373078e-01
6.676064325906485575e-01
7.636283232583043201e-01
-4.201767874502442268e-01
-7.747594460103314207e-01
-1.000000000000000000e+00
-5.744012034388586985e-01
1.000000000000000000e+00
6.810081867496388108e-01
1.000000000000000000e+00
-8.980043404218974734e-01
4.245006368913750716e-01
-1.000000000000000000e+00
-1.000000000000000000e+00
1.000000000000000000e+00
-2.843302785605347771e-01
-1.000000000000000000e+00
6.375596902609890204e-01
2.161013105364203435e-01
-3.638404545157521985e-01
-1.815410715928664764e-01
1.661283781815448002e-02
1.000000000000000000e+00
-9.718518455562801250e-01
-2.005888887781863694e-01
1.000000000000000000e+00
4.205761515972427089e-01
-2.111983023112592450e-01
1.866216908027216181e-01
3.933049596670794568e-01
-9.584455097747843766e-01
-1.000000000000000000e+00
1.244056656771189567e-01
2.634715983301514353e-01
1.000000000000000000e+00
1.975971621644928566e-01
6.829418450576563160e-01
5.069524948256221020e-02
-1.000000000000000000e+00
1.000000000000000000e+00
-1.000000000000000000e+00
1.000000000000000000e+00
1.000000000000000000e+00
6.421980971193457233e-01
1.000000000000000000e+00
1.000000000000000000e+00
1.000000000000000000e+00
5.857579491412425732e-01
-3.816803065116147753e-02
1.000000000000000000e+00
-1.000000000000000000e+00
-1.000000000000000000e+00
1.000000000000000000e+00
1.000000000000000000e+00
-1.000000000000000000e+00
-2.701895761983762467e-01
-2.319881001374521357e-01
1.000000000000000000e+00
9.685433621666299508e-01
-1.000000000000000000e+00
1.000000000000000000e+00
6.976155269217649835e-01
-9.581823214911622255e-01
-1.000000000000000000e+00
1.000000000000000000e+00
1.000000000000000000e+00
9.599355640644875454e-01
-9.070073712893824691e-01
-1.000000000000000000e+00
1.000000000000000000e+00
-1.000000000000000000e+00
-9.153867165782563209e-01
-2.888463516482486781e-02
-5.346783713109258818e-01
-3.346306549059863134e-02
-1.000000000000000000e+00
1.000000000000000000e+00
5.711223244061958138e-02
4.771333450024299594e-02
9.922738088123264077e-01
-6.887400964616796628e-01
5.638644503948546660e-01
-1.000000000000000000e+00
-5.594925316222519873e-01
4.303477931114905175e-01
4.651340892600993038e-01
1.000000000000000000e+00
-4.027599673966197891e-01
4.159742949882642149e-01
-5.128195553427822989e-02
-6.069574479974125802e-01
-4.592206954291540022e-01
-2.266071587607189075e-01
-6.844619404083798209e-01
-1.000000000000000000e+00
1.000000000000000000e+00
-1.000000000000000000e+00
1.000000000000000000e+00
-1.000000000000000000e+00
-3.699095329208055283e-01
3.856036899235726345e-01
3.533689995232489611e-01
-1.000000000000000000e+00
7.146984713084122420e-01
-3.918504086141496590e-01
1.000000000000000000e+00
5.182280449699676605e-01
1.000000000000000000e+00
7.113852937087821182e-01
5.904472633753172772e-01
1.000000000000000000e+00
1.000000000000000000e+00
8.727623485287976379e-01
5.215496327583979408e-01
-2.260663811083454267e-01
6.611264023735570206e-01
1.000000000000000000e+00
8.593036826876673251e-01
-1.000000000000000000e+00
9.162679497051928745e-02
1.000000000000000000e+00
-3.504727326810923582e-01
1.741606425990774865e-01
6.675332833244946862e-01
9.465420418845225115e-01
3.713091933458437799e-01
9.984980736219460917e-01
-1.000000000000000000e+00
