7.227116231451031769e-01
-1.372311361276858932e-01
7.729094046655011763e-01
-8.287780010672076703e-01
8.505534410685929858e-01
-5.005048745078387595e-01
-4.893769821010243160e-01
1.000000000000000000e+00
-1.000000000000000000e+00
6.411227541310460243e-02
6.866452117911447939e-01
-5.606887364592219036e-01
2.679338473510244345e-01
-8.787410422030133006e-01
-1.000000000000000000e+00
-8.849780473591498664e-01
-1.000000000000000000e+00
8.707123025575513875e-01
-8.962083317213087597e-01
1.000000000000000000e+00
-5.318162304162501464e-01
1.000000000000000000e+00
-4.373258143437613876e-01
-2.080717780335006317e-01
-1.000000000000000000e+00
-1.000000000000000000e+00
9.179603804912989107e-01
8.224151546085076703e-01
-8.604988720397522828e-01
-6.458085957455431680e-01
-1.000000000000000000e+00
4.459229189879981847e-01
-3.668554742839176264e-01
-1.000000000000000000e+00
3.575591678294728903e-01
-2.711728006367564170e-01
-5.228540983503828787e-01
2.634734163242188343e-01
-2.905686885554328303e-01
-3.472024166400844436e-01
1.000000000000000000e+00
1.000000000000000000e+00
-2.482118184914215986e-01
1.000000000000000000e+00
-6.292928377942832441e-01
1.000000000000000000e+00
4.711925575093366403e-01
1.224651419574678268e-01
2.091072112180398235e-01
-7.942299469432470005e-01
2.049603349504093286e-01
7.201001908333783952e-01
-1.000000000000000000e+00
7.038719042379792956e-01
6.077709875877130852e-01
-3.446949392843496884e-01
-1.000000000000000000e+00
4.227709907402610323e-01
-1.000000000000000000e+00
1.839533585643802205e-01
-1.000000000000000000e+00
5.691773028309753402e-01
1.000000000000000000e+00
-1.000000000000000000e+00
1.000000000000000000e+00
1.000000000000000000e+00
1.000000000000000000e+00
-2.521707256133850494e-01
-1.000000000000000000e+00
7.717155836728567531e-01
9.720411552134265998e-01
1.000000000000000000e+00
1.000000000000000000e+00
-1.000000000000000000e+00
1.000000000000000000e+00
1.000000000000000000e+00
-1.000000000000000000e+00
-1.742556737651423937e-01
4.553948536776434297e-01
7.811093309885493996e-01
7.644304802310064595e-01
1.253227542324211186e-01
-1.536525969430868055e-01
9.162261367689887859e-01
1.000000000000000000e+00
1.000000000000000000e+00
-1.000000000000000000e+00
-3.589589090888679612e-01
-1.000000000000000000e+00
-1.000000000000000000e+00
-1.000000000000000000e+00
1.000000000000000000e+00
-1.000000000000000000e+00
1.000000000000000000e+00
-1.000000000000000000e+00
1.000000000000000000e+00
1.000000000000000000e+00
-1.000000000000000000e+00
-1.370154536368550779e-02
-1.000000000000000000e+00
4.946345939394599656e-01
5.375345696588542665e-01
1.000000000000000000e+00
-1.000000000000000000e+00
2.261067030232594144e-01
1.000000000000000000e+00
-1.000000000000000000e+00
1.000000000000000000e+00
-1.000000000000000000e+00
1.000000000000000000e+00
4.176344646677168093e-01
-3.591693518671403851e-01
-1.000000000000000000e+00
4.179972591554895756e-01
9.638614344322420369e-01
1.000000000000000000e+00
1.000000000000000000e+00
-4.362456660907003680e-01
-7.967207742701357120e-02
-1.000000000000000000e+00
-1.000000000000000000e+00
8.185552097786664705e-01
1.000000000000000000e+00
3.860203150976506681e-01
1.000000000000000000e+00
-5.050621453029502383e-01
-2.971801971629838279e-01
-1.000000000000000000e+00
1.000000000000000000e+00
2.911028915410190931e-01
-1.000000000000000000e+00
-2.696218783830676702e-01
-4.861869504362874017e-01
9.354465900890356345e-01
1.000000000000000000e+00
1.000000000000000000e+00
-3.958235296347925591e-01
-7.105214214658114313e-01
5.142302402199809830e-01
-1.000000000000000000e+00
-1.000000000000000000e+00
-3.841847102923090507e-01
-1.214960514729147567e-01
8.838799372606992444e-01
1.000000000000000000e+00
1.000000000000000000e+00
-1.000000000000000000e+00
-1.000000000000000000e+00
1.000000000000000000e+00
-1.000000000000000000e+00
1.000000000000000000e+00
3.963381990249852382e-01
1.000000000000000000e+00
1.000000000000000000e+00
-6.344834053564825105e-01
-1.000000000000000000e+00
2.684660719442508725e-01
-1.000000000000000000e+00
3.213908381401263670e-01
2.755156138084973172e-01
-5.667653010553821424e-01
1.000000000000000000e+00
1.000000000000000000e+00
2.217261653341030536e-01
8.248456730052181607e-01
2.260845663330137700e-01
-7.100022485050636600e-01
-4.675073335951163145e-02
1.209653082361406007e-01
1.000000000000000000e+00
-1.000000000000000000e+00
5.524338816659291052e-02
-6.396133732086799473e-01
-1.000000000000000000e+00
-7.245791940605772474e-01
1.000000000000000000e+00
-1.000000000000000000e+00
-2.179447426544520727e-01
-2.013653776533809170e-01
1.000000000000000000e+00
-1.000000000000000000e+00
1.000000000000000000e+00
-1.000000000000000000e+00
4.654710125964290901e-01
-1.000000000000000000e+00
-1.000000000000000000e+00
-1.208046743736658213e-01
-9.346212730585726769e-01
6.930780822497666360e-01
4.181449538120673992e-01
-1.000000000000000000e+00
8.098417935444911508e-01
-1.000000000000000000e+00
-9.872834568147674794e-01
1.000000000000000000e+00
-1.000000000000000000e+00
-1.000000000000000000e+00
1.000000000000000000e+00
1.818702439400057269e-01
4.914837687943358624e-01
1.000000000000000000e+00
1.289978006256145004e-01
-1.000000000000000000e+00
1.000000000000000000e+00
-1.000000000000000000e+00
1.000000000000000000e+00
-1.000000000000000000e+00
1.000000000000000000e+00
-1.000000000000000000e+00
1.000000000000000000e+00
1.000000000000000000e+00
1.000000000000000000e+00
1.000000000000000000e+00
1.000000000000000000e+00
-8.589390618623267137e-01
1.000000000000000000e+00
1.000000000000000000e+00
1.000000000000000000e+00
-9.022301957559175634e-01
-1.780643544780433629e-01
-5.845610324051295770e-01
-1.000000000000000000e+00
1.000000000000000000e+00
-1.000000000000000000e+00
-1.000000000000000000e+00
-7.301860748696907821e-01
1.000000000000000000e+00
8.439046234474590902e-01
-5.357035851763378709e-01
-1.000000000000000000e+00
1.000000000000000000e+00
-1.700409495848501096e-01
1.000000000000000000e+00
-2.458410410210854491e-01
-9.119032153347543801e-01
2.609984208176018283e-01
-7.297091035052141184e-01
-2.420392844217792438e-01
-1.000000000000000000e+00
1.000000000000000000e+00
1.000000000000000000e+00
-9.068654470004733348e-01
-1.000000000000000000e+00
-1.414953669826639615e-01
-1.000000000000000000e+00
-5.464605848478062411e-01
-1.000000000000000000e+00
9.975087380183200736e-01
5.560697864087675857e-01
1.000000000000000000e+00
-9.304938973490875509e-02
-1.000000000000000000e+00
-2.714412157352370514e-01
1.000000000000000000e+00
-6.130593373566053383e-01
6.182096687412578229e-01
-6.465536072518371924e-01
-1.000000000000000000e+00
7.042340690703294825e-01
-2.825221107084398553e-01
1.000000000000000000e+00
-6.750633020556693342e-01
-8.293125770837650457e-01
-1.000000000000000000e+00
9.587973655721274691e-01
