3.079288483625777229e-01
-3.418765679114983413e-01
6.775673645228907915e-03
-1.000000000000000000e+00
4.821797764974192768e-01
4.908817959139655795e-01
1.000000000000000000e+00
1.041371459290436896e-01
-4.932698430306059478e-01
3.597958165065981984e-01
9.629717666242129104e-01
1.840679068233684323e-01
7.675128135850052269e-01
-4.112579456896894303e-01
-7.866306258116728678e-02
-3.424371995336339403e-02
1.000000000000000000e+00
4.564087100140385433e-01
-1.000000000000000000e+00
-4.234089396511564463e-01
-1.000000000000000000e+00
8.048303887556931269e-01
-1.000000000000000000e+00
-7.632894842833608529e-01
-6.106787772675135173e-01
3.524887562070853075e-01
-6.782398990714415543e-01
2.426204741892398764e-01
-2.226605601754116925e-01
1.000000000000000000e+00
1.000000000000000000e+00
-1.000000000000000000e+00
-4.118715623595270436e-01
1.000000000000000000e+00
-8.542347602010378349e-01
7.580341304506599265e-02
5.834750114975775226e-01
1.000000000000000000e+00
-7.954736297687594604e-01
8.564127141455752934e-01
-1.928194669972015385e-01
1.000000000000000000e+00
-1.000000000000000000e+00
-1.000000000000000000e+00
-1.945052621062677289e-01
-1.918489388075659274e-01
1.000000000000000000e+00
-5.998465546584677011e-01
5.929184143670112039e-01
1.000000000000000000e+00
-2.665592293630999476e-01
1.000000000000000000e+00
8.211490250236319621e-01
-7.773044457513877958e-02
-1.000000000000000000e+00
1.000000000000000000e+00
2.115998661091416100e-01
-1.086992643952622295e-01
-5.567816910808800479e-01
-3.254592320714111420e-02
-1.000000000000000000e+00
-4.580171643954202843e-01
1.970735739531952468e-01
1.000000000000000000e+00
-1.000000000000000000e+00
-1.480751611078041652e-01
1.000000000000000000e+00
1.000000000000000000e+00
-1.000000000000000000e+00
3.083950166155026706e-01
2.046447513126299356e-01
3.430052426075569372e-02
5.417466070202441308e-01
-8.036664175750867223e-01
-5.197085942600179198e-01
-3.153224179370013314e-01
-1.064667807712669223e-01
1.000000000000000000e+00
1.000000000000000000e+00
5.565158850018139258e-01
5.822007200871963661e-01
-6.604306413769678308e-01
3.822460712999992127e-01
1.000000000000000000e+00
-1.538587328728815429e-01
7.274456126810895373e-01
-7.396257381554225407e-01
-3.736746977049502094e-01
-1.000000000000000000e+00
3.835680273894824799e-01
-9.127178080513094205e-01
-9.165924276334465048e-01
-1.000000000000000000e+00
7.210622671678952322e-01
-8.611204228076235756e-01
3.098612922476532416e-01
-4.388799745016610521e-01
1.740308839744471037e-01
-6.541128445857598006e-01
1.000000000000000000e+00
6.674641754721555298e-01
-2.850004294014900630e-01
-1.237605119766758133e-01
-1.829203380745358931e-02
-9.526104867942348786e-01
5.013166154500900973e-01
-5.547565361964104103e-01
1.000000000000000000e+00
-6.242802200776657179e-02
5.999155927288541967e-01
1.000000000000000000e+00
-3.789519694599473576e-01
8.234606859547305424e-02
-4.452179011072801007e-01
9.393183927571391312e-01
-7.202445055690349651e-01
-5.034915059348008537e-01
-2.104526199781786566e-01
-4.529741203755559553e-01
-3.813043542998875157e-01
4.115289909136536917e-01
-1.000000000000000000e+00
-1.000000000000000000e+00
1.749049390737455467e-01
1.000000000000000000e+00
2.478787882595473446e-01
-1.000000000000000000e+00
-2.634600351481179992e-01
1.000000000000000000e+00
8.864128218994922204e-01
-3.416254276143013691e-01
1.000000000000000000e+00
7.707216244585093357e-01
2.797221133766671919e-01
-4.621375734090416021e-01
-1.000000000000000000e+00
-7.984544383790836974e-02
-1.000000000000000000e+00
1.301306255539822210e-01
-3.494176415988652362e-01
-1.816844750610215886e-01
9.918204935790009280e-02
8.124846803217542490e-01
-1.628831850934754910e-01
-7.705489213981315810e-01
-7.454208677008249406e-01
2.209823887526038977e-01
-1.000000000000000000e+00
7.667560163832700670e-01
1.000000000000000000e+00
-2.670941455064177461e-01
1.432023406131543997e-01
-1.000000000000000000e+00
1.000000000000000000e+00
-6.825337657811616499e-01
1.000000000000000000e+00
8.554640631768930525e-01
1.000000000000000000e+00
-1.000000000000000000e+00
-8.252532040135744928e-01
-5.660854796546461731e-01
-1.000000000000000000e+00
1.000000000000000000e+00
1.000000000000000000e+00
-2.481386306191573077e-01
1.000000000000000000e+00
1.563545450256653702e-02
7.101777060019691667e-01
-5.960796666607051097e-01
6.510770644205643443e-02
-4.355456056806727982e-01
-2.944086255223705706e-01
-1.000000000000000000e+00
-3.285227568124836073e-01
-5.891531775578102703e-01
1.000000000000000000e+00
5.016854837266622180e-01
1.462209460840317998e-01
2.846145982511232297e-01
4.977352514821529739e-01
7.534723250309416365e-01
-3.023858506711403216e-01
-1.000000000000000000e+00
-2.616700402536715764e-01
-4.755215979776177271e-01
-8.235738996525174827e-01
-1.379285028520522705e-01
-1.000000000000000000e+00
-3.423195558728675536e-01
5.808987651972685740e-01
-4.303395258120241706e-01
-6.058572591971511656e-04
-1.000000000000000000e+00
-1.000000000000000000e+00
-1.000000000000000000e+00
7.709671446500725445e-01
1.000000000000000000e+00
-5.878271592227368725e-01
4.383059242775486641e-01
-1.000000000000000000e+00
6.170069230152468442e-01
1.000000000000000000e+00
5.480401650458389673e-01
-3.601616662512592271e-01
5.944351107468905937e-01
1.000000000000000000e+00
1.000000000000000000e+00
1.000000000000000000e+00
1.000000000000000000e+00
1.202198427242904266e-01
-8.679422687955340443e-02
-5.139175757273827250e-01
-9.212348593739005942e-01
-2.629544341368826310e-01
-5.811384564116228724e-01
4.235202328298484087e-01
9.007029353053530585e-01
1.000000000000000000e+00
-7.706818604922081040e-01
-5.341423670866458639e-01
-2.316500320805328084e-01
-1.000000000000000000e+00
4.631578617232292583e-01
-2.326020961832878653e-01
-5.823653002499225018e-01
-6.957526032285117346e-01
-1.000000000000000000e+00
5.877156594707866333e-01
1.000000000000000000e+00
4.241531947967354110e-01
-1.000000000000000000e+00
3.019957368594023972e-01
8.613510504030319481e-02
-1.075050187639896571e-01
1.000000000000000000e+00
-1.000000000000000000e+00
5.780229983629077140e-01
5.615190203509481393e-01
-2.628391683461406281e-01
9.644190742001231831e-01
1.000000000000000000e+00
-6.689108167767350288e-01
-7.997614249058266900e-01
-1.000000000000000000e+00
-1.000000000000000000e+00
2.195051578178182083e-01
-9.661195277672895987e-01
9.557067791591622452e-02
-6.993331151022199599e-01
1.000000000000000000e+00
-3.803013271420596642e-02
5.850699720078970101e-01
6.401650624498471664e-01
6.269068810422263605e-01
8.645563583750277559e-01
-9.321813396730576073e-01
-9.837275605283433144e-01
-3.231907225133934247e-02
5.182078067997339943e-01
-4.406695786406369386e-01
-9.789349093770086663e-01
-5.846546757292632179e-01
-3.373059461744315479e-01
1.000000000000000000e+00
7.978130697169588670e-02
