-3.053546156612636508e-01
-8.875206623432055908e-01
1.000000000000000000e+00
-1.000000000000000000e+00
1.287662629326041808e-01
4.743132949160114853e-01
-9.595374278396608947e-01
8.326454536457973399e-01
2.910642536423141413e-01
7.569821243522167897e-01
7.298548549130139396e-01
-9.406059292083190915e-01
-6.995558482914951970e-01
-4.553616326737739417e-01
6.246533695083847926e-01
-8.901554065216865652e-01
1.000000000000000000e+00
1.000000000000000000e+00
6.618537980022223266e-01
-3.097801697120499131e-01
1.000000000000000000e+00
1.000000000000000000e+00
-1.000000000000000000e+00
6.240441529107114693e-01
-5.901403214032463485e-01
1.000000000000000000e+00
8.978968723999465329e-01
-8.030680469370876651e-01
2.844860629396583906e-01
1.000000000000000000e+00
-4.369761354723012553e-02
1.505944790267028099e-01
1.154230549553600105e-01
7.028302291533166102e-01
-9.964794495462310220e-01
-1.000000000000000000e+00
-1.000000000000000000e+00
1.000000000000000000e+00
3.688480797498369101e-01
1.064377207464129171e-01
1.000000000000000000e+00
1.000000000000000000e+00
-2.324041876841554943e-01
-3.053190658979065830e-02
-1.000000000000000000e+00
-2.996092432439694253e-01
8.696278578166531936e-01
-1.000000000000000000e+00
-1.000000000000000000e+00
-1.259758007498719135e-01
6.206247934626885066e-02
-1.000000000000000000e+00
-3.443417800734955847e-01
-1.000000000000000000e+00
1.000000000000000000e+00
-2.986325307086621361e-01
-4.572469547582120875e-01
-3.342906678224799033e-01
4.139657843299169304e-01
-2.127029364118255550e-01
1.000000000000000000e+00
-1.000000000000000000e+00
4.698169683278478059e-01
-8.413958143486981456e-01
1.000000000000000000e+00
1.000000000000000000e+00
6.296837644225503627e-01
2.525134538304207865e-02
3.736185388501100935e-02
-9.417916094052938281e-01
1.000000000000000000e+00
5.629435862926248646e-01
8.084882165503548546e-01
-1.366355714792650833e-01
-3.178810519145924829e-02
1.749326429538629046e-01
1.000000000000000000e+00
8.149018551722371217e-01
1.000000000000000000e+00
-6.826075991859055225e-01
7.573276224874629925e-01
9.046884165073043604e-02
9.753123733448314514e-01
-4.093750689461597148e-01
-1.000000000000000000e+00
-1.000000000000000000e+00
1.000000000000000000e+00
1.000000000000000000e+00
-1.000000000000000000e+00
3.687160630922230453e-01
2.849385305943658020e-01
4.552950508924258344e-01
1.000000000000000000e+00
9.320400616416196771e-02
4.505827388907133191e-01
6.390907793582576435e-01
1.000000000000000000e+00
6.100796575459284110e-01
1.000000000000000000e+00
-9.321794715878539694e-01
1.000000000000000000e+00
-9.715973075642654333e-01
-2.975273075867599371e-01
-1.000000000000000000e+00
-9.079528602014510508e-01
6.291681844011511870e-01
3.799298265040191858e-01
2.878691179061718675e-01
1.000000000000000000e+00
-2.461435474678623780e-01
-8.586724915546486425e-01
-5.179726488057814215e-01
9.766482573440299353e-02
2.695785399501560708e-01
-6.094084948274458569e-03
-5.109595111758715724e-01
2.850363171912216331e-01
2.110948753193931937e-01
2.882718092557018386e-01
-2.507464487456878555e-01
1.000000000000000000e+00
6.308018735155485057e-01
6.709188018410019438e-01
-4.826971950335858796e-01
-8.431404994266901154e-01
-4.242026287785398697e-01
-2.444105849360100891e-01
-1.000000000000000000e+00
-5.558113823940311615e-01
-1.050624896359322324e-01
-3.942997629516918900e-01
-1.932631027725317807e-01
-1.192335536978890165e-01
-4.475172245675529403e-02
-4.877014235015064703e-02
-1.000000000000000000e+00
-1.000000000000000000e+00
1.000000000000000000e+00
-1.000000000000000000e+00
9.978356020077541189e-01
-6.020239916445913053e-02
1.227300438141883804e-01
-1.764142489501911992e-01
1.000000000000000000e+00
-2.131986009440013374e-01
8.884958186706254368e-01
-7.608458249585249300e-01
8.533962287489100795e-01
-4.918086738808381542e-01
8.754208309968045665e-01
5.272040723895510261e-01
-8.414861437897978025e-01
1.033499351984230596e-01
-5.276225019543316908e-01
-5.991385228779020355e-01
1.000000000000000000e+00
-1.000000000000000000e+00
1.000000000000000000e+00
1.000000000000000000e+00
4.003478570077507737e-01
-1.000000000000000000e+00
-6.285289136598625204e-01
2.356877216357173843e-01
-1.000000000000000000e+00
-1.000000000000000000e+00
-2.882942428026419313e-01
1.000000000000000000e+00
6.470246673927448899e-02
7.256355445849886898e-01
1.000000000000000000e+00
2.375398646427298033e-01
1.205979252439851601e-01
2.425076790520626080e-01
-1.285106495359831236e-01
-4.385662931925948804e-02
6.416140245946493348e-01
7.318449167686947865e-01
3.630068832884505436e-01
4.137365393734209196e-01
-1.814594761104653675e-01
-8.057557632536949122e-01
-4.695381591826968126e-01
-2.546763971855214859e-01
9.399336432259108864e-02
-3.592373605996352359e-01
-4.328568326075172834e-01
-6.854485298821362260e-01
9.429048513671710596e-01
-5.603412444543831583e-01
-1.425977516114567134e-01
-1.000000000000000000e+00
-9.209298736797402185e-01
-4.937661944745244114e-01
1.000000000000000000e+00
1.708895656794287010e-01
8.216553852586321316e-01
1.847464266520304488e-02
-1.000000000000000000e+00
-8.057897761415608873e-01
-2.459049595977019220e-01
4.821424920539840731e-02
-1.753103350926394910e-01
6.357922815980701081e-01
1.000000000000000000e+00
8.760826643652159795e-01
1.000000000000000000e+00
-1.000000000000000000e+00
-1.000000000000000000e+00
9.536029116740869505e-01
-1.000000000000000000e+00
-8.666797160946027034e-01
-5.596971962683676693e-01
7.482089427925293634e-01
-1.000000000000000000e+00
1.000000000000000000e+00
5.919904252578942483e-01
1.000000000000000000e+00
-4.130089564269232572e-01
9.934413530946428761e-01
-5.908978158064348563e-01
-3.063572728734654804e-01
1.000000000000000000e+00
-1.000000000000000000e+00
2.641117307388822777e-01
-3.832917357946317161e-01
-1.000000000000000000e+00
-8.613370925307506365e-02
4.621083672231769413e-01
3.297564060502513605e-01
-5.885055404822598923e-01
-6.051208845339290932e-01
-5.576934220321017044e-02
-5.033342067271961984e-01
8.638806745333091897e-01
-2.747460254443979122e-01
-7.270902739389795144e-03
-6.515879872780239168e-02
9.311847183587110832e-01
2.183980500140925152e-01
5.707168621277580733e-01
8.563966864124941125e-01
-8.857657379890260252e-01
5.951501036802659961e-01
4.578756907931745834e-01
-5.897703118616348661e-01
-1.000000000000000000e+00
-5.484249004508831016e-01
-1.000000000000000000e+00
5.521538343309101426e-01
1.000000000000000000e+00
-2.079049393492160558e-02
-3.344626155776361243e-01
-1.000000000000000000e+00
-2.785128422107544521e-01
4.240609421115815181e-03
-1.000000000000000000e+00
1.000000000000000000e+00
1.000000000000000000e+00
-1.000000000000000000e+00
-1.060617401434723606e-01
-2.887346849720440201e-01
9.508919619502342879e-02
7.750759951858068320e-01
2.900253840302556840e-01
3.089269498003459624e-01
