1.000000000000000000e+00
1.000000000000000000e+00
1.000000000000000000e+00
-3.650495044691470792e-01
1.272488498894179532e-01
1.000000000000000000e+00
1.000000000000000000e+00
-9.407703144292499653e-01
9.026552375431970976e-01
-1.000000000000000000e+00
-9.757724880360376662e-01
-1.000000000000000000e+00
-1.000000000000000000e+00
4.525873757838424494e-01
1.000000000000000000e+00
-1.450742520037299754e-01
5.173066817474192280e-02
-6.767981100447623133e-01
-4.069021940969258511e-01
-6.997483081427198215e-01
1.000000000000000000e+00
1.000000000000000000e+00
6.390412822965800821e-01
1.000000000000000000e+00
1.000000000000000000e+00
2.888542697894420641e-01
-1.000000000000000000e+00
1.000000000000000000e+00
6.025516168656191995e-01
3.037285376320999486e-01
-4.686520600871517672e-01
4.705183535578131293e-01
-5.946991251703420689e-01
-7.592577270936984313e-03
1.000000000000000000e+00
-1.000000000000000000e+00
1.000000000000000000e+00
-6.590867031477569693e-01
6.165772286129300728e-01
1.000000000000000000e+00
-8.626307938603062775e-01
1.000000000000000000e+00
1.580392744728109644e-02
-1.000000000000000000e+00
1.000000000000000000e+00
-6.281504189305435748e-01
-1.000000000000000000e+00
1.000000000000000000e+00
-1.000000000000000000e+00
-1.912779430027199967e-01
-1.773534234315461422e-01
-4.125312169094601522e-01
1.000000000000000000e+00
-1.000000000000000000e+00
1.000000000000000000e+00
-3.181966961212652212e-01
-1.542190780620624757e-01
7.088591509565901339e-01
-3.251521868686226280e-01
7.072086952137653926e-01
8.605048601804303754e-01
3.003715202285696106e-01
-1.000000000000000000e+00
-1.000000000000000000e+00
7.783329378681989041e-01
4.319465921444901046e-02
-9.920796706503152151e-01
1.000000000000000000e+00
1.000000000000000000e+00
-1.000000000000000000e+00
-7.342477872431054653e-01
-1.000000000000000000e+00
8.262351361580269060e-01
7.926568627256509458e-01
4.893799589952663731e-01
-1.000000000000000000e+00
-4.319479528102065369e-01
2.380794660328824364e-01
-1.000000000000000000e+00
1.000000000000000000e+00
1.000000000000000000e+00
1.000000000000000000e+00
1.634000359598584140e-01
1.000000000000000000e+00
-2.106831383333207242e-01
-5.909797065610578048e-01
-1.249859689786048667e-01
-1.000000000000000000e+00
1.000000000000000000e+00
8.783882278781004471e-01
9.000238152661674818e-01
-1.000000000000000000e+00
-1.000000000000000000e+00
7.846324616048099276e-01
6.846784182767648996e-01
-1.000000000000000000e+00
5.954586593809294559e-01
-1.518870319282624448e-01
5.270548601555178347e-01
1.000000000000000000e+00
1.000000000000000000e+00
4.589071042342451334e-01
1.553011182496495390e-01
3.747944454798657343e-02
-1.000000000000000000e+00
-1.000000000000000000e+00
6.898785717844158061e-01
3.874566450868891510e-01
1.000000000000000000e+00
-5.689977253007670877e-01
-4.073376332116938059e-01
9.183286453744614608e-01
9.085285585145757015e-01
-1.000000000000000000e+00
-1.000000000000000000e+00
-1.000000000000000000e+00
-2.369780755692872110e-01
-1.000000000000000000e+00
-1.834817440601432814e-01
5.829208201367799269e-01
2.189016660728818620e-01
-2.475458222898804239e-01
-1.000000000000000000e+00
-1.000000000000000000e+00
3.502601230060916615e-01
-5.607844509068726779e-01
1.139974232587688263e-01
2.809228922948275864e-01
1.014913788351239354e-01
-9.676240567149800853e-01
-1.000000000000000000e+00
4.755384602666985483e-01
-1.000000000000000000e+00
-1.000000000000000000e+00
5.112914523222827912e-01
-1.000000000000000000e+00
-3.553777512134468353e-01
1.000000000000000000e+00
-1.000000000000000000e+00
1.686130342894081036e-01
3.420981417168913463e-01
1.000000000000000000e+00
-7.713542011870260229e-01
-3.725751906452304807e-01
2.912146456122532978e-01
-5.806550338188277705e-01
-1.000000000000000000e+00
-1.000000000000000000e+00
7.571858980966983399e-01
1.000000000000000000e+00
-1.000000000000000000e+00
-1.000000000000000000e+00
1.000000000000000000e+00
-1.000000000000000000e+00
-5.612582175706887222e-01
9.101937219962745740e-01
7.437576755081456437e-01
4.692185075100310243e-01
-6.364345969502858136e-01
-2.419436631978400531e-01
6.371980675838536667e-01
-2.526033656943713623e-01
1.000000000000000000e+00
1.564760033163372643e-01
8.968424982920109034e-01
1.000000000000000000e+00
-7.907024602971324256e-01
-1.000000000000000000e+00
-1.000000000000000000e+00
6.714297165972111792e-01
1.000000000000000000e+00
-1.000000000000000000e+00
-4.335064391792338157e-01
-7.557490417005152672e-02
-1.000000000000000000e+00
-1.000000000000000000e+00
2.840855865210126230e-01
1.000000000000000000e+00
1.000000000000000000e+00
-8.181908099299266546e-01
-1.612376762588660362e-01
-1.627630319899019407e-01
2.628940091721763128e-01
-1.000000000000000000e+00
2.864834809743227462e-02
5.131479955258806402e-01
-1.000000000000000000e+00
-1.000000000000000000e+00
2.708572891695357754e-01
-1.000000000000000000e+00
1.000000000000000000e+00
-1.000000000000000000e+00
8.683811274309011230e-01
4.422859020208442238e-01
-1.000000000000000000e+00
5.060181781238923815e-01
-1.000000000000000000e+00
-4.835442396561977496e-01
-4.475496177910587986e-02
-1.000000000000000000e+00
-1.000000000000000000e+00
1.000000000000000000e+00
1.000000000000000000e+00
-7.923101628480193614e-01
4.812530766159568429e-01
1.000000000000000000e+00
-1.000000000000000000e+00
-1.000000000000000000e+00
-3.125795367781489809e-01
3.113639667886392570e-01
2.060795901689709553e-01
-2.746561533500374575e-01
1.000000000000000000e+00
1.000000000000000000e+00
-1.000000000000000000e+00
2.068104542923385747e-01
8.548813034481808071e-01
-1.000000000000000000e+00
-1.000000000000000000e+00
9.357097671334859701e-01
-2.662762377735473085e-01
5.384265903332263736e-02
1.000000000000000000e+00
6.781435764500344243e-01
2.092986578906191886e-01
1.000000000000000000e+00
1.000000000000000000e+00
-8.256890040179960533e-01
-1.000000000000000000e+00
6.005374885920053973e-01
-1.000000000000000000e+00
-1.000000000000000000e+00
5.726573015161862124e-01
-1.000000000000000000e+00
7.279193215032269126e-01
-9.355565241832690671e-01
4.580042705201183839e-01
-7.180463318760477165e-01
-1.000000000000000000e+00
-6.872358958108953919e-01
-1.000000000000000000e+00
-1.000000000000000000e+00
1.000000000000000000e+00
-3.381638545955273356e-01
1.000000000000000000e+00
1.000000000000000000e+00
-1.000000000000000000e+00
-1.000000000000000000e+00
-1.000000000000000000e+00
9.933108243530011094e-01
-3.865809762284605489e-01
-1.000000000000000000e+00
6.664427069570318940e-01
-1.000000000000000000e+00
5.268684331595478998e-01
7.638069430967906470e-01
-1.000000000000000000e+00
1.000000000000000000e+00
1.000000000000000000e+00
-6.504057751595364589e-01
9.639501344028608143e-01
9.190713734458737516e-01
1.000000000000000000e+00
-1.486033334231668390e-01
1.000000000000000000e+00
