-2.825321331432096850e-01
-8.141523955340425056e-01
-2.830772450144627417e-01
-1.000000000000000000e+00
1.000000000000000000e+00
-1.000000000000000000e+00
-7.329948604962462921e-01
1.597877949209002280e-01
-1.000000000000000000e+00
6.127943334513332729e-01
1.000000000000000000e+00
-1.000000000000000000e+00
1.000000000000000000e+00
1.000000000000000000e+00
8.704474305910916421e-01
-7.110446659991083163e-01
-4.439772231009472825e-01
1.743490914049193874e-01
1.208575080800022850e-01
-8.962572324918308686e-01
1.000000000000000000e+00
-1.000000000000000000e+00
-1.000000000000000000e+00
1.000000000000000000e+00
9.222181431732772161e-01
1.000000000000000000e+00
-1.000000000000000000e+00
1.000000000000000000e+00
-1.000000000000000000e+00
-5.421471237022701395e-02
-1.000000000000000000e+00
1.000000000000000000e+00
-2.350268992750193520e-01
-1.000000000000000000e+00
-2.942144257326727019e-01
-6.766286487103815306e-01
8.296304856384449922e-01
-3.391843650346510614e-02
-1.000000000000000000e+00
6.211517845559400008e-01
-1.000000000000000000e+00
1.000000000000000000e+00
-7.571406165206990835e-01
1.295731314100059262e-01
1.106389293506124805e-01
-1.000000000000000000e+00
1.000000000000000000e+00
-1.000000000000000000e+00
1.392424297046929160e-02
4.760386784729396803e-01
1.000000000000000000e+00
-4.415332408718844470e-01
8.246344358952267806e-01
-5.489703976163270438e-01
-1.000000000000000000e+00
-1.000000000000000000e+00
-4.727384785804824574e-01
-5.760236579895352538e-01
-7.019199416507740930e-01
1.000000000000000000e+00
4.957645932866240335e-01
-1.812720244412573123e-01
-1.000000000000000000e+00
1.057318462246431001e-01
9.155331920855044325e-01
-9.976571093774689869e-01
4.252519804309486950e-01
1.000000000000000000e+00
1.896981571853266768e-01
-3.663128805213328731e-01
-1.000000000000000000e+00
-1.000000000000000000e+00
2.531139755274738334e-01
1.000000000000000000e+00
1.332041042756574312e-01
2.345099051137585766e-01
-1.000000000000000000e+00
6.303272061332615417e-01
1.000000000000000000e+00
7.063193450811866558e-01
-1.000000000000000000e+00
1.000000000000000000e+00
-1.000000000000000000e+00
-9.541677493794974430e-01
1.000000000000000000e+00
1.127319845260664755e-01
-9.455783888223779909e-01
7.112492473493029488e-01
-1.000000000000000000e+00
-1.000000000000000000e+00
6.916965853478946880e-01
3.606033780268199096e-01
1.000000000000000000e+00
-1.000000000000000000e+00
1.974501857306245611e-01
-1.000000000000000000e+00
3.453796659860872698e-01
1.000000000000000000e+00
-1.000000000000000000e+00
2.305290222500202546e-01
7.367155305524966113e-01
-8.748926711494176001e-02
9.800805547705043752e-01
-1.000000000000000000e+00
4.306646114531059166e-01
-5.958439045370956810e-01
5.318799943338952119e-01
1.000000000000000000e+00
1.000000000000000000e+00
8.210225352988482772e-01
1.000000000000000000e+00
2.721562812063930137e-01
1.000000000000000000e+00
-1.895165066573666346e-01
-2.149037428349760415e-01
3.180958657617196650e-01
-4.254365103149151950e-01
3.901233824533706374e-01
-3.807228732473184607e-01
9.087193415367860183e-01
-3.114951478237080740e-01
1.930579988511895717e-01
7.808842464766707625e-01
-9.358765749246320542e-01
-7.802027640986102242e-01
-1.000000000000000000e+00
-1.000000000000000000e+00
8.036146836388899928e-01
4.208246275541553949e-01
-1.000000000000000000e+00
-4.115740426013274611e-01
-6.814278737008105935e-01
1.000000000000000000e+00
6.008574359252152330e-01
7.453105870521846699e-01
8.632627705196280199e-02
-1.000000000000000000e+00
-3.061049671829623176e-01
-1.000000000000000000e+00
1.000000000000000000e+00
-9.594164238558924862e-02
1.000000000000000000e+00
-8.775174876084184117e-01
-1.860650860144122953e-01
-1.000000000000000000e+00
-1.000000000000000000e+00
-1.000000000000000000e+00
1.000000000000000000e+00
2.227516115661957175e-01
-8.877568479785136191e-01
-1.000000000000000000e+00
4.293585014339451611e-02
-4.681996076083622116e-01
1.000000000000000000e+00
8.156282063169220109e-01
-1.000000000000000000e+00
-7.485413958295439318e-02
-4.705563644887713060e-01
-1.000000000000000000e+00
6.354739746104498543e-02
6.698628343596659818e-01
1.000000000000000000e+00
-2.270445170757540154e-01
2.013976790334774947e-01
-1.000000000000000000e+00
5.994599657761432443e-01
-1.000000000000000000e+00
-1.000000000000000000e+00
4.584653751262998123e-01
8.150895741188881605e-01
-9.888753631667895894e-02
6.961380846897415875e-01
-1.000000000000000000e+00
-4.722739884814042277e-01
1.000000000000000000e+00
-1.000000000000000000e+00
-1.000000000000000000e+00
9.186840852786922751e-01
-8.190599071448194657e-01
-3.940176909359390800e-01
-6.267029472054149730e-01
-7.402613717570867280e-01
3.643888451708292564e-01
1.000000000000000000e+00
1.000000000000000000e+00
4.176856126251173862e-01
-1.000000000000000000e+00
1.000000000000000000e+00
-1.000000000000000000e+00
1.000000000000000000e+00
-3.394265856779157819e-01
1.662825587166288921e-01
7.902112763345775504e-01
-1.000000000000000000e+00
1.000000000000000000e+00
1.000000000000000000e+00
5.014054512609047443e-01
1.000000000000000000e+00
1.000000000000000000e+00
-1.000000000000000000e+00
-1.000000000000000000e+00
1.000000000000000000e+00
1.386947041467860853e-01
1.000000000000000000e+00
-7.108892101790070805e-01
1.000000000000000000e+00
1.898679809627634718e-01
-1.000000000000000000e+00
-2.476474652688492040e-01
-6.564383697658678907e-01
-1.000000000000000000e+00
-1.000000000000000000e+00
2.056567903211506121e-01
2.887237394851802641e-01
-7.823928360327667697e-01
1.000000000000000000e+00
1.000000000000000000e+00
-1.000000000000000000e+00
4.499328854410687972e-01
6.550133005376603812e-01
-3.822288928133523167e-01
-1.000000000000000000e+00
-4.355202223392896088e-01
4.179231213313175375e-02
-6.894442298922992540e-01
1.000000000000000000e+00
5.423354879163838627e-02
-7.856982006430923704e-03
1.000000000000000000e+00
1.000000000000000000e+00
5.417901330431777740e-02
5.605928197560522408e-01
1.000000000000000000e+00
-8.888841466850861961e-01
-3.292166135009969574e-01
8.158066820478980796e-01
-3.829637701714272424e-02
-1.000000000000000000e+00
-7.450104234913532131e-02
7.678927360534033575e-01
-2.260758792264958017e-01
-6.904840578321902456e-02
-1.024162986102329365e-01
-1.000000000000000000e+00
4.364228336885498383e-01
1.000000000000000000e+00
-4.884323348207121329e-01
5.589160237067207770e-01
-1.000000000000000000e+00
1.000000000000000000e+00
-7.478329187887040597e-01
9.965541858151719667e-01
5.712729800054358043e-01
-6.630268870333473341e-01
-8.329929877355363166e-01
-1.000000000000000000e+00
1.069335037638169950e-01
1.904224449217682968e-01
1.000000000000000000e+00
-3.123386007085711680e-01
-7.655215437787110666e-02
4.677900502261655435e-01
9.090182513353368687e-01
1.000000000000000000e+00
-1.000000000000000000e+00
