4.710443469834983965e-01
8.553655394773898024e-01
-1.000000000000000000e+00
-3.143377185115721062e-01
-2.497773430347506318e-01
9.424693891006228341e-01
1.000000000000000000e+00
-1.642279738367876663e-01
-1.000000000000000000e+00
-1.000000000000000000e+00
1.000000000000000000e+00
1.000000000000000000e+00
-3.084532068479290956e-01
7.707162845750177294e-01
-1.976203173053319162e-01
2.529223633999905241e-01
-1.000000000000000000e+00
-9.562231068311017879e-01
-5.121820853671588125e-01
-7.441565604638644693e-01
9.974747398483356786e-01
-5.341134049345084289e-01
-1.000000000000000000e+00
1.833589285357364318e-01
1.000000000000000000e+00
3.980437188108544300e-01
-1.000000000000000000e+00
-1.000000000000000000e+00
-1.679451458836712652e-01
-8.678551129577342094e-01
6.827699147631359766e-01
5.177647886218725848e-01
7.110186864332148637e-01
1.992101005139214620e-01
1.000000000000000000e+00
-1.000000000000000000e+00
-8.225298183636088334e-01
-1.000000000000000000e+00
-1.000000000000000000e+00
-5.763564274477691596e-01
-5.322958370033159525e-02
-6.273778899762747496e-01
-6.246890379255590764e-01
-5.766205802746885434e-01
-8.669794804276382827e-01
-1.000000000000000000e+00
-7.072598654278394736e-01
-1.000000000000000000e+00
-4.248305317508545009e-01
-1.000000000000000000e+00
6.932423027814045291e-01
-1.000000000000000000e+00
5.898143815400218593e-01
-2.796346229348876111e-01
2.752916090670703975e-02
-1.000000000000000000e+00
1.050994509161460311e-01
-5.068217420855609667e-01
5.290254869385148107e-01
5.803620185977234058e-01
-8.671163286217183908e-01
1.000000000000000000e+00
-9.394173954362932122e-01
6.957858344164764564e-01
-9.935511868570929828e-01
1.000000000000000000e+00
-5.895043794502574652e-01
-2.485829581190753812e-01
9.764076769220286778e-02
-8.973577723673715756e-01
1.000000000000000000e+00
1.000000000000000000e+00
1.000000000000000000e+00
-1.000000000000000000e+00
-9.182699663078794927e-01
6.140735609846977860e-01
-2.367050738674354449e-01
-1.820418409056758779e-01
-4.159985812944649863e-01
-1.000000000000000000e+00
2.035929114027947850e-01
3.691872903261256278e-01
1.000000000000000000e+00
3.338708873655713560e-01
5.605830779737870639e-02
-4.126832677364253854e-01
4.517441421762811160e-01
-8.341166163730157068e-02
-1.000000000000000000e+00
-4.905313479508283114e-02
1.000000000000000000e+00
-4.859491897625780044e-01
-5.630032258386516997e-01
-1.000000000000000000e+00
-3.940695999385580017e-01
1.000000000000000000e+00
1.000000000000000000e+00
-1.000000000000000000e+00
1.000000000000000000e+00
4.144176967833474445e-01
8.212479622108916910e-01
-5.832670253562952656e-01
-1.000000000000000000e+00
-1.000000000000000000e+00
1.000000000000000000e+00
1.000000000000000000e+00
-1.000000000000000000e+00
9.734349837126390348e-01
-2.962862859461569687e-01
-1.000000000000000000e+00
-7.266375969187263140e-01
-9.529696626932631087e-01
1.000000000000000000e+00
-7.461962573124203413e-01
-9.961463086694787306e-01
3.954502304448079819e-01
3.048438890280669167e-02
1.000000000000000000e+00
1.264381680486446058e-01
1.000000000000000000e+00
3.546605271008823057e-01
6.407537530399818326e-01
-8.433790504195122217e-01
1.000000000000000000e+00
2.179077229259249737e-01
-9.457629389506351236e-01
-1.000000000000000000e+00
1.000000000000000000e+00
1.000000000000000000e+00
-1.000000000000000000e+00
-6.121095900980324522e-01
-3.673490815661989983e-01
7.229627303336088051e-01
-1.000000000000000000e+00
-1.000000000000000000e+00
1.000000000000000000e+00
-1.000000000000000000e+00
-2.157755112760022520e-01
-8.610070342984378344e-01
6.184752460988511835e-01
-2.296390940388256530e-01
9.840370045773142449e-01
-1.000000000000000000e+00
-3.088607954243387521e-01
7.066102820837500964e-01
1.000000000000000000e+00
-1.000000000000000000e+00
4.064490951411099395e-01
1.000000000000000000e+00
-8.827965187006233672e-01
1.000000000000000000e+00
-1.867716685831876111e-01
1.000000000000000000e+00
2.682754949362113894e-01
7.726976108846974611e-01
8.204240164281942915e-01
-1.000000000000000000e+00
1.000000000000000000e+00
3.840082547123605528e-01
-6.095941402768200179e-01
9.615305302119945274e-01
-1.160555824920800339e-01
-7.835724168056488192e-01
1.000000000000000000e+00
1.000000000000000000e+00
-5.609413371018346917e-01
-9.067799178316322539e-01
9.088357366017647543e-01
-2.652501317351894095e-01
1.000000000000000000e+00
-1.000000000000000000e+00
-1.000000000000000000e+00
7.217583594304788353e-01
-2.283868567647062697e-02
5.182872962634081926e-01
1.000000000000000000e+00
1.311629499423148104e-01
1.000000000000000000e+00
-3.137480379535884101e-02
-1.000000000000000000e+00
-1.000000000000000000e+00
1.000000000000000000e+00
2.879025754535926018e-01
-2.187068018547569659e-01
-8.731748484469555871e-01
1.000000000000000000e+00
3.010999861116995246e-01
3.543066806348607600e-01
-1.000000000000000000e+00
1.000000000000000000e+00
-6.950237797414020591e-01
-4.145646621771570395e-01
-4.643282676106579299e-01
9.417905532603993990e-01
1.000000000000000000e+00
-1.000000000000000000e+00
1.916718169703592878e-01
1.000000000000000000e+00
2.946628509302360310e-01
-4.055296080437973405e-01
4.779211792706271333e-02
4.896957729040669616e-01
1.000000000000000000e+00
-1.000000000000000000e+00
2.918723088160372070e-01
-4.454540005443908268e-01
1.000000000000000000e+00
-7.245278849709384517e-01
4.605372000435009605e-02
9.323606067027883082e-01
1.000000000000000000e+00
6.903520683636187316e-01
-1.000000000000000000e+00
-9.538095104844467320e-01
1.000000000000000000e+00
-1.000000000000000000e+00
1.000000000000000000e+00
1.527912206598875944e-01
7.119961663127355456e-01
4.373349234369230398e-01
8.479788270277902607e-01
1.000000000000000000e+00
-6.818716711414444243e-01
-1.000000000000000000e+00
-6.498773405042108653e-01
-3.179744690068658231e-01
3.034929982542029503e-01
9.848206741626743810e-01
4.426634249365879459e-02
1.000000000000000000e+00
-1.000000000000000000e+00
-4.403334594390062584e-02
3.798718159904173053e-01
5.974220666317475725e-02
1.000000000000000000e+00
-3.666242927476752733e-01
6.769222311861344821e-01
8.041394855351324811e-01
1.000000000000000000e+00
-2.420721639982175155e-01
1.000000000000000000e+00
7.903130432410653272e-01
5.744406473392231760e-01
-5.288192587525617494e-01
-1.000000000000000000e+00
1.000000000000000000e+00
7.097439167057383314e-01
-1.000000000000000000e+00
-1.000000000000000000e+00
-1.000000000000000000e+00
1.000000000000000000e+00
-4.662403361569891214e-01
8.052239066784783184e-01
2.666369602347072876e-01
-5.755117238983358252e-01
-1.000000000000000000e+00
1.000000000000000000e+00
1.000000000000000000e+00
6.229396532584468016e-01
-1.000000000000000000e+00
-5.069516941311662528e-01
-8.204945134967762677e-01
-5.096666068114473758e-01
8.645590015719271104e-01
-6.673826962569509025e-01
