-8.365600352784730021e-01
8.030700511876684988e-01
-1.419437446819624693e-01
6.465643623721533118e-01
3.218145068941975495e-01
1.000000000000000000e+00
4.616772069918724242e-01
-1.000000000000000000e+00
8.253829213979488877e-01
-1.499849613672525894e-01
-8.108950382499886533e-01
-4.322995829218305719e-01
-2.249942780883442683e-01
-8.077561410505238459e-01
4.323755512357247976e-01
7.793417581964952046e-01
-8.914320043578218833e-01
-9.575290902547577421e-01
-5.946584397402696620e-01
2.405923254336357342e-01
-4.020189312346524879e-01
-8.616396026252208795e-01
9.136441525574960920e-01
8.064225627968726329e-01
9.084447987012851389e-01
1.000000000000000000e+00
9.818246836361881336e-01
5.236690934946355291e-01
1.079760191601699670e-01
5.497539375843620846e-01
9.922480573759742128e-01
3.268824262724123741e-03
8.054927713246741172e-01
-9.605866034837062806e-01
2.817117762360891176e-01
-9.602596290477816154e-02
2.280521471158557523e-01
-1.000000000000000000e+00
2.997856426252003548e-01
2.464282451042520972e-01
-5.668289702463151780e-01
-9.401352773339444191e-02
9.685330530955287287e-01
-1.538908029097141306e-01
-8.999884047475499305e-01
7.319966093463796675e-01
5.342596581304244197e-01
-5.923735279627617700e-02
9.864828959388278751e-01
-3.152641152582518203e-01
1.000000000000000000e+00
8.270368085195656249e-03
-7.922996585819468418e-01
-2.872074035566056782e-01
-3.737693116663163284e-01
-5.045533723473679677e-01
1.000000000000000000e+00
7.122665910641028386e-01
-9.417803849730830290e-01
-6.823923004739937959e-01
2.634825623605707712e-02
7.444204868878800951e-01
-4.998727152909498983e-01
-8.644591608221165180e-02
-4.545502466084532234e-01
-5.696878904281097444e-01
1.033667653039402889e-01
-1.000000000000000000e+00
8.919325802163093897e-01
-3.937468862710491457e-02
-9.426851543643732789e-02
-8.026525355824503105e-01
7.791861071919963244e-01
9.505214734518769859e-01
3.963755329950706674e-01
-6.242583639456500411e-01
6.764871945601753644e-01
9.916506354778344967e-01
9.324180940766184644e-01
6.963662859399819549e-01
9.667132698355251907e-01
6.958174186087371371e-01
-1.000000000000000000e+00
-2.866889623617634442e-01
1.217870214809202434e-01
-2.544561465716119741e-01
4.778341497289417816e-01
7.149723258986344643e-01
-4.560567105697981294e-01
7.968537226259999606e-01
-7.955386490195213156e-01
3.606681792257051544e-01
-4.038408355523692705e-01
9.454318501944007913e-01
-4.254643940113325140e-01
-1.943090806468676934e-01
3.945343638856710911e-01
3.250471216484429604e-01
-6.326680604214891535e-01
-9.144339751425567542e-01
8.037041525082850857e-01
1.000000000000000000e+00
-2.097253644157747177e-01
-1.153067217827270508e-01
-6.832897038565572956e-01
5.654425208643219791e-02
-6.295378031659968343e-01
-2.293654705783674252e-01
3.514003110930419282e-01
1.709784574669559465e-01
-9.555205588483244306e-01
-1.452029900492053383e-01
3.186288023035558359e-01
-9.989451981928199054e-02
5.949049781823647631e-01
-4.203105184011712847e-01
9.949683927418826457e-01
3.832855775146293276e-02
-1.000000000000000000e+00
-6.134705123014110306e-01
9.003606528177847679e-01
5.085422719681012005e-01
8.026631539200319576e-01
-9.510791038866059921e-01
5.962025646975419590e-01
-2.857857686943204856e-01
2.140553801111699794e-01
6.242863162001692778e-01
-2.271503897486770729e-01
-3.104388792218859550e-01
4.978960411819044474e-01
-5.936833281183033495e-02
-9.671467024730537876e-01
4.962386016368760533e-01
-2.450136112904226504e-01
1.000000000000000000e+00
-5.061678024980962309e-01
8.895462758296184269e-01
6.906862338230450593e-01
-3.343472815411758781e-01
5.615979948325842130e-01
1.000000000000000000e+00
9.494951926524961561e-01
3.419339386659474567e-01
-1.000000000000000000e+00
-2.917529092160984217e-01
1.570605547216963327e-02
3.160835400826397801e-01
6.030938686063891385e-01
-6.409532908827064723e-01
2.545121729204624650e-01
6.416417383498240756e-01
-2.349985099974551961e-01
-1.000000000000000000e+00
6.228785499285613980e-01
2.099621013532033675e-01
-4.400810797327792123e-01
5.836055986901291792e-01
-1.825331174085496055e-01
-3.027222195102461377e-01
-4.603973943642480915e-01
-8.846446044591911306e-01
1.000000000000000000e+00
1.000000000000000000e+00
6.731037992822941352e-01
5.817002129746178252e-01
-8.384105849057965631e-01
-2.265950185214204993e-02
2.400361081114728012e-01
-6.168536083703449746e-01
2.137448003059327917e-01
-8.353113758314543169e-01
3.645548281604310548e-02
7.055967909903257951e-01
-3.865794560352144860e-01
1.616614273489787312e-01
7.685374822740231870e-02
4.102589495944936049e-01
7.490431134366661858e-01
-3.965658767189703671e-01
4.802070626651970819e-01
8.571212227779834159e-01
-2.875960426436341422e-02
-4.481147839424122203e-01
6.147618410163160352e-01
-5.791280010395161160e-01
1.385530534861592056e-01
-1.000000000000000000e+00
-8.442568213183454517e-02
2.210360177528107872e-01
6.163798044869923665e-01
-1.087351385691430750e-01
-8.154489943597609258e-01
-3.431857091284464811e-01
-9.786975621934230762e-01
-3.116818272702019943e-01
2.890809092875046282e-02
-5.765579050584408449e-01
5.188900942760437118e-01
-1.000000000000000000e+00
-9.396915576248119351e-01
-6.182401999442261875e-01
8.529534187527298972e-01
6.247943222859535517e-01
-7.228063827303039535e-01
-6.070970197725762407e-01
5.491710348177081258e-02
-8.928300852029471546e-01
-6.075415815262090735e-01
-9.516876637261280081e-01
9.401633524461185942e-01
-8.555901992199168582e-01
-6.297231215836740503e-02
-9.363307703125050008e-01
6.838380272490076628e-01
-1.000000000000000000e+00
-1.000000000000000000e+00
-3.772321077269349399e-01
5.024517504088150677e-01
4.886817716640359244e-01
1.072966658490348557e-01
3.005645309767102091e-01
1.561473273910056747e-01
-5.492243632108657625e-01
-5.427872009402614495e-01
-5.895955899108509257e-01
-2.364847946068173723e-01
7.309917076697651783e-01
8.277923877793302854e-01
-1.378068631222229001e-02
4.770716402307126902e-01
-3.816088125524512709e-01
-7.012058398516576307e-01
-1.000000000000000000e+00
5.607115430101898834e-01
-5.065595811805456705e-01
1.246127618419252681e-01
1.426552309687694198e-01
-7.059436107398997517e-01
-5.332132355363476961e-01
-9.022008046742404641e-01
7.311323386576857875e-01
7.962731632273496452e-01
1.920528496904448934e-01
-2.039242080887129216e-01
-4.610320679232833285e-01
1.000000000000000000e+00
4.150775189797868414e-01
4.880505640144390256e-01
-1.387858437502786924e-01
-6.447316894708832180e-01
1.000000000000000000e+00
-1.552429622269317910e-01
7.126949723965465555e-01
3.807153106993290681e-01
-4.243935926056245922e-01
-1.655204574351831770e-01
-3.152220107668119997e-01
6.578245334609154060e-01
-1.888577078538391518e-01
-5.121761752043290095e-01
8.697248226995013543e-01
8.889616506214430558e-01
8.327958871506682126e-01
9.158125532333858398e-01
