-1.000000000000000000e+00
-3.026313506010293031e-01
-9.438463899650194611e-01
1.000000000000000000e+00
-2.558336648575587624e-01
-2.654096632816604906e-02
1.000000000000000000e+00
-1.000000000000000000e+00
-6.808017181078830360e-01
1.000000000000000000e+00
-1.000000000000000000e+00
1.938030086352267034e-01
1.000000000000000000e+00
-3.276662646962578140e-01
7.666991679499635115e-01
-1.000000000000000000e+00
1.000000000000000000e+00
-1.000000000000000000e+00
-1.000000000000000000e+00
1.000000000000000000e+00
-1.000000000000000000e+00
-1.000000000000000000e+00
1.000000000000000000e+00
-1.000000000000000000e+00
-7.002661158308234324e-01
9.976398538191690868e-01
-1.000000000000000000e+00
-8.918150806264053543e-01
5.283713153179597777e-02
5.632637423021094047e-01
1.000000000000000000e+00
-9.721945073341895505e-01
-1.000000000000000000e+00
4.569006278388063613e-01
-7.073361746082749146e-01
8.740345490078376134e-01
6.216791661625076237e-02
-4.041636184013167599e-01
-8.108043887468774358e-01
1.000000000000000000e+00
1.745170212405117161e-01
-3.388296757143908211e-01
-1.000000000000000000e+00
5.163143302681715285e-01
1.000000000000000000e+00
-1.000000000000000000e+00
-2.268855435245079599e-01
6.870477581309151205e-01
5.200695931113494819e-01
-1.000000000000000000e+00
-1.000000000000000000e+00
5.565871266496302816e-01
7.653471089218559786e-01
1.000000000000000000e+00
-5.357819877622764793e-01
5.873544447575764771e-01
-1.470110102163298960e-01
-8.742548999698516177e-01
-2.533378304173394824e-01
1.000000000000000000e+00
2.208795562372767307e-02
1.000000000000000000e+00
-3.712685866685982994e-02
1.000000000000000000e+00
4.306428423183565890e-01
-3.424432976464075740e-01
1.534767892626022479e-02
-3.166966648251594574e-01
-1.867204809073018112e-01
1.000000000000000000e+00
-1.000000000000000000e+00
-7.240983127849937029e-01
6.908035988174195952e-01
1.000000000000000000e+00
9.254679654741290173e-01
1.070409757326717948e-02
8.395164540655767338e-01
5.787199313952040569e-02
-1.000000000000000000e+00
-2.655293047318740829e-01
3.520862840345888589e-01
9.476444762191917892e-01
1.000000000000000000e+00
-3.585875620456732138e-01
-1.000000000000000000e+00
-4.541216752804231316e-01
-1.000000000000000000e+00
-1.000000000000000000e+00
5.369798198802822053e-02
-3.461595803083395984e-01
-1.000000000000000000e+00
-5.683972872678155763e-01
-1.000000000000000000e+00
-5.740894197259663878e-01
4.669580832055829633e-01
1.000000000000000000e+00
9.395189965218535555e-01
-4.837573490035917967e-01
-6.942995436589265434e-01
1.000000000000000000e+00
-1.000000000000000000e+00
1.000000000000000000e+00
1.000000000000000000e+00
3.021240648786349681e-02
-1.000000000000000000e+00
-1.000000000000000000e+00
1.000000000000000000e+00
-1.000000000000000000e+00
-3.832168100679375078e-01
2.920132493068340329e-01
4.338876390621388968e-01
3.765637677663061789e-01
7.936533045766416272e-01
-8.776628258404453042e-01
7.645137993121544628e-01
-4.774646965966174439e-01
2.970008101290858571e-01
8.986000865697060247e-01
-1.796780245330160675e-01
7.631745145465517188e-01
6.763213476911748012e-01
-1.000000000000000000e+00
-4.369839467328650029e-01
5.259187829122713431e-01
3.556506634751455120e-01
-1.354534593964681344e-01
1.000000000000000000e+00
-1.000000000000000000e+00
-1.000000000000000000e+00
-8.558231475708437397e-02
1.000000000000000000e+00
-3.808224621198614823e-01
1.000000000000000000e+00
1.000000000000000000e+00
5.670730273548231226e-01
4.893576876596971159e-01
-1.000000000000000000e+00
-1.000000000000000000e+00
1.000000000000000000e+00
3.744251274201558788e-01
-3.771135006418455671e-01
-1.000000000000000000e+00
-1.000000000000000000e+00
1.000000000000000000e+00
6.838262182561758440e-01
6.217964510988225335e-01
1.000000000000000000e+00
-1.000000000000000000e+00
-8.119913709839778893e-01
7.851032734882776865e-01
-1.000000000000000000e+00
7.968458214568312492e-01
2.182439036098879348e-01
1.000000000000000000e+00
-1.000000000000000000e+00
-8.686759629319237286e-01
6.434906922391681050e-03
5.229167681536954770e-01
-1.140007717646973617e-02
-1.000000000000000000e+00
1.000000000000000000e+00
9.494783198298155646e-01
-1.000000000000000000e+00
1.000000000000000000e+00
-5.014932784674506205e-01
-1.000000000000000000e+00
-1.000000000000000000e+00
1.000000000000000000e+00
-1.000000000000000000e+00
-8.342606276764705786e-01
-1.000000000000000000e+00
1.000000000000000000e+00
4.327371917754219144e-01
6.009009256259172371e-01
1.000000000000000000e+00
6.788814035304635564e-01
-6.610584924559058662e-01
-6.181366025788723739e-01
-6.680569758649466117e-01
-1.000000000000000000e+00
-3.171654106471448187e-01
1.000000000000000000e+00
8.248328304544256806e-01
1.000000000000000000e+00
-1.000000000000000000e+00
4.343361936197273065e-01
-1.000000000000000000e+00
1.000000000000000000e+00
-3.595352673926865972e-01
-1.000000000000000000e+00
-1.000000000000000000e+00
8.356562863779263273e-01
-3.696025986933912932e-01
-2.204955501294167952e-01
-3.187333338274256356e-02
-7.079595713473657570e-02
-1.000000000000000000e+00
-5.494587228192100437e-01
1.000000000000000000e+00
5.424681890954923258e-01
-1.574274414481292572e-01
-1.000000000000000000e+00
-1.000000000000000000e+00
-1.000000000000000000e+00
1.000000000000000000e+00
1.000000000000000000e+00
-9.028129715880337525e-01
2.941872812034591056e-01
-3.310237727805298569e-01
-3.189264070961542186e-01
-2.219919145003774741e-01
1.000000000000000000e+00
1.000000000000000000e+00
9.664068048708573944e-01
1.000000000000000000e+00
-1.000000000000000000e+00
-1.000000000000000000e+00
1.000000000000000000e+00
2.974184114120019817e-01
6.843191640620955862e-01
-1.000000000000000000e+00
-1.000000000000000000e+00
1.000000000000000000e+00
-8.208352975698768317e-02
-4.212146548952618308e-01
-3.957189026191422210e-01
3.495282268928139313e-01
8.858989333253743936e-01
-1.000000000000000000e+00
-1.000000000000000000e+00
5.524408055090765934e-01
8.817348029107843210e-01
3.238089792478404672e-02
1.692656214028210870e-01
2.159343676413829627e-01
1.000000000000000000e+00
2.888013893063984261e-01
1.000000000000000000e+00
-2.910580757920380179e-01
8.829124533999701541e-01
-1.000000000000000000e+00
-6.390100129364135739e-01
-1.000000000000000000e+00
1.000000000000000000e+00
1.000000000000000000e+00
-1.000000000000000000e+00
-1.000000000000000000e+00
-7.144483782109765091e-01
7.741487808409348581e-01
1.000000000000000000e+00
3.504865166613220229e-01
-3.873638768822180722e-01
-8.958824539553826849e-01
-1.000000000000000000e+00
8.702313999189931204e-01
9.741311088951531971e-02
2.454805595905525939e-01
5.775233863267849321e-02
-1.000000000000000000e+00
-1.000000000000000000e+00
-1.000000000000000000e+00
-1.000000000000000000e+00
-1.285040946581864629e-01
-1.530241669727967213e-01
-7.876287603027470885e-01
