2.541018009204352168e-01
-1.000000000000000000e+00
-1.868523060746252462e-01
-2.168031257188702821e-01
-2.874892601355132360e-01
-6.096837020436510768e-01
-1.000000000000000000e+00
1.000000000000000000e+00
4.989656707104435096e-01
-7.262963682827718870e-01
1.430726487163802574e-02
1.000000000000000000e+00
4.236524485905676651e-01
-1.723732916395177006e-01
-1.147624606054830076e-01
1.000000000000000000e+00
-1.000000000000000000e+00
-5.396109557671024959e-02
-1.000000000000000000e+00
-5.233719670073025965e-01
1.000000000000000000e+00
-1.646606630834595020e-01
1.000000000000000000e+00
-2.584080851135419632e-01
4.624527729855965053e-01
-1.000000000000000000e+00
-1.000000000000000000e+00
1.000000000000000000e+00
-1.000000000000000000e+00
-1.000000000000000000e+00
-6.666672491287792823e-01
-6.637251095742866536e-01
-4.396067844561202254e-01
4.201252095502703288e-01
1.000000000000000000e+00
1.000000000000000000e+00
3.900198116148533289e-01
4.011070072670097630e-02
9.905277511466985541e-01
3.039155018318443480e-01
-1.000000000000000000e+00
-1.645613081112451415e-02
-8.323853113074017873e-01
-1.000000000000000000e+00
2.639397729412088500e-01
4.700612062201056096e-01
-1.000000000000000000e+00
-1.000000000000000000e+00
-7.398608958548034131e-01
9.490495782180685680e-01
-3.331989548105807053e-02
1.000000000000000000e+00
-1.000000000000000000e+00
4.942104945008687356e-01
-5.039530195315764516e-01
1.000000000000000000e+00
7.625787746219108154e-01
-2.078431571587515680e-01
3.507142951008165865e-02
-4.254389264630296652e-01
-6.702318848555018915e-01
-1.000000000000000000e+00
1.020074094578690138e-01
-7.005453492791897663e-01
-9.732975183567419419e-01
1.108302711094142912e-01
-2.651289257656630483e-01
-5.714714165841431326e-01
3.415468127785931118e-02
-2.313693183335304160e-01
-1.000000000000000000e+00
-2.475930832020294403e-01
2.957868067920383370e-01
-1.000000000000000000e+00
1.273088555545982548e-01
1.000000000000000000e+00
2.636873224156923712e-01
8.729106103975075026e-01
-7.169275880433846337e-01
1.000000000000000000e+00
-3.653200435529311285e-01
1.877798172457778580e-02
-1.000000000000000000e+00
-1.000000000000000000e+00
-1.000000000000000000e+00
1.917729183493587786e-01
1.203240457110963946e-01
-9.779614490857649889e-01
-1.000000000000000000e+00
1.449228257206798265e-01
-1.000000000000000000e+00
9.501334304568793687e-01
-6.710098879745109990e-01
-4.656601320987210912e-02
-8.779207725316682254e-01
7.582189758608715024e-01
-9.763538997491261195e-01
-1.000000000000000000e+00
6.623423873080547253e-01
-1.000000000000000000e+00
1.000000000000000000e+00
9.237876375118957428e-01
-2.853776707828596937e-01
-6.787959972738371039e-01
-1.000000000000000000e+00
-1.000000000000000000e+00
-5.004011163272638063e-01
-3.735670353415528888e-01
9.930382092730842825e-01
-7.371195906255587071e-02
7.973879225883599986e-01
-1.477253546937851714e-01
-1.000000000000000000e+00
5.563434120865738963e-01
-6.186556597635742838e-01
1.000000000000000000e+00
1.000000000000000000e+00
1.139792433634823077e-03
-1.000000000000000000e+00
3.709428874840122181e-01
-8.809483874960752914e-01
-9.979780779237235055e-01
-1.000000000000000000e+00
-1.000000000000000000e+00
1.000000000000000000e+00
1.000000000000000000e+00
-1.110048451869600494e-01
3.672777276730108120e-01
5.814486902651279099e-01
-4.152930435717415714e-01
1.000000000000000000e+00
-9.419747055429477101e-01
8.714514033192003462e-01
2.795881818684973208e-01
1.000000000000000000e+00
-1.000000000000000000e+00
1.665743648468109850e-01
-3.438344594130157139e-01
-1.000000000000000000e+00
6.095297277149703818e-01
-1.000000000000000000e+00
7.819503073854143782e-01
1.283799468453219461e-01
-1.000000000000000000e+00
1.000000000000000000e+00
2.235408640631884047e-01
1.000000000000000000e+00
1.000000000000000000e+00
1.000000000000000000e+00
-1.000000000000000000e+00
-6.703481354496862998e-01
1.000000000000000000e+00
8.434342450975131911e-01
-5.031201653714545419e-02
1.000000000000000000e+00
-1.000000000000000000e+00
-2.258041148550283261e-01
-6.539898031470308126e-01
1.000000000000000000e+00
1.000000000000000000e+00
-8.828904101545609340e-02
-8.575682901877285103e-01
-1.000000000000000000e+00
1.000000000000000000e+00
1.000000000000000000e+00
9.977615002348287909e-01
1.000000000000000000e+00
-1.841238006872945587e-01
2.482851682805456150e-01
-8.563370269386999523e-01
-1.000000000000000000e+00
-9.068683321480973392e-02
-6.491414468550684713e-01
4.349027449501156051e-01
-1.000000000000000000e+00
-5.815167969174237506e-01
-1.000000000000000000e+00
-6.607145181052365146e-02
1.000000000000000000e+00
9.589370350034550627e-01
1.000000000000000000e+00
1.000000000000000000e+00
1.000000000000000000e+00
-1.000000000000000000e+00
8.713373063824143561e-01
9.266631880767108864e-01
1.320095353956541318e-01
2.386895513574577299e-01
-2.901461930378572140e-01
-1.610900575217670827e-01
-1.000000000000000000e+00
-9.325657086780330118e-01
-3.808520137114520532e-01
1.000000000000000000e+00
9.039092858740411796e-01
1.763389159361349323e-01
-4.940769291430691101e-02
4.806879403791558536e-01
-4.769918531679355755e-01
3.170325836223422122e-01
6.726828219961189514e-01
-1.000000000000000000e+00
-1.000000000000000000e+00
1.000000000000000000e+00
-1.000000000000000000e+00
3.413847938877789812e-02
-1.000000000000000000e+00
9.693313425654299653e-01
6.935522665734796810e-01
5.141595401743110916e-01
5.525366760968886126e-01
-3.317726127738114261e-01
1.000000000000000000e+00
-6.116264671592178681e-01
-7.236713791461695244e-01
-4.126372735301464534e-02
4.135136134734518354e-02
6.070870078556154237e-01
-1.000000000000000000e+00
2.280436215822646828e-01
-2.370648411245874776e-01
9.679039839005223467e-01
-3.197517107303255446e-01
1.000000000000000000e+00
-2.120231050554871877e-01
-1.000000000000000000e+00
6.900504418990484057e-01
-1.000000000000000000e+00
1.000000000000000000e+00
9.346301378852934771e-01
-1.000000000000000000e+00
1.095809662986387822e-01
1.000000000000000000e+00
-1.000000000000000000e+00
8.045392557338488793e-01
-8.646415070053872221e-01
8.613283542125947934e-01
4.187134429971189897e-01
7.196261488440218734e-01
4.121345991363279393e-01
-1.000000000000000000e+00
1.000000000000000000e+00
5.074187327699053451e-01
-5.659940948215766987e-01
-1.000000000000000000e+00
-4.367216900154886616e-01
-1.000000000000000000e+00
1.907456315307450856e-01
1.000000000000000000e+00
1.000000000000000000e+00
-1.000000000000000000e+00
1.000000000000000000e+00
-3.478720353223707651e-01
-1.000000000000000000e+00
5.058601540693806742e-01
3.345002800670964227e-01
-3.251759893483140429e-01
1.000000000000000000e+00
-7.433878613069715424e-01
-2.574558611209438741e-01
-1.000000000000000000e+00
-1.000000000000000000e+00
-7.773863831056443408e-01
-5.208349959625621084e-01
-1.000000000000000000e+00
