-1.000000000000000000e+00
1.214867735017071126e-01
-5.998351423837344765e-01
-7.885189203846215689e-01
-1.797392652950339231e-01
1.441748996102615310e-01
3.931901906015928816e-01
-1.767361338099527335e-01
-9.746170660370734318e-01
-1.000000000000000000e+00
-1.042514320720471233e-01
7.441277961386303375e-01
-9.370579771749106834e-01
1.000000000000000000e+00
6.990654740812233259e-01
-7.911483366846017162e-02
-1.000000000000000000e+00
-6.695713490242409804e-01
3.650453809230809199e-01
-1.000000000000000000e+00
-8.471358946299825110e-01
3.275647250408443290e-01
-7.047945705273812589e-01
5.288924414201180424e-01
-1.000000000000000000e+00
-7.847558352155823425e-01
1.813582027781330819e-01
-3.560012237824127235e-01
1.000000000000000000e+00
-8.605954814965416366e-01
1.000000000000000000e+00
1.000000000000000000e+00
1.000000000000000000e+00
-2.875961130665316556e-01
6.995585504598845761e-01
-1.000000000000000000e+00
-8.918874454745262526e-04
-4.318472687987502390e-01
-1.000000000000000000e+00
4.126898488934627185e-01
-1.000000000000000000e+00
1.000000000000000000e+00
5.658928814456514189e-01
1.000000000000000000e+00
-1.000000000000000000e+00
-1.000000000000000000e+00
9.853262162869815821e-01
-6.018201031795249456e-01
1.000000000000000000e+00
-1.665757473907583108e-01
1.000000000000000000e+00
-1.000000000000000000e+00
-1.447933304721648051e-01
-5.950863432712997225e-01
-9.419833791088474406e-01
5.691972393069749669e-01
1.000000000000000000e+00
1.000000000000000000e+00
-7.586379741687427902e-01
-1.000000000000000000e+00
-1.000000000000000000e+00
-7.171394983499503883e-01
-6.283485963097281690e-01
1.811506945685268377e-01
1.000000000000000000e+00
6.584580504116044342e-01
-7.480611661105938115e-01
3.400132236392623408e-01
2.465058917854379139e-02
-6.489737705806308821e-01
-1.000000000000000000e+00
-1.000000000000000000e+00
-1.000000000000000000e+00
-9.738509502044334631e-01
1.874821695373370400e-01
-6.229534513283108144e-01
-1.000000000000000000e+00
5.978232772089643321e-01
-1.115886103696339671e-01
1.000000000000000000e+00
1.000000000000000000e+00
-1.000000000000000000e+00
1.000000000000000000e+00
4.253592002159334862e-01
-2.227392041452336269e-01
1.000000000000000000e+00
1.000000000000000000e+00
-8.047067158914360530e-01
-3.409361402683002140e-01
-9.481693514089943875e-01
8.175125552010601426e-01
-1.000000000000000000e+00
-1.000000000000000000e+00
1.113706872606901044e-02
8.704444835196746277e-01
4.756387010189300213e-02
9.250386114247810543e-02
-6.328785917186210419e-01
-2.321932925461067665e-01
-1.000000000000000000e+00
-7.698732544093500607e-01
-9.123914417306335789e-01
-5.916301579812814904e-01
1.000000000000000000e+00
-9.351567581687705299e-01
1.000000000000000000e+00
1.000000000000000000e+00
1.000000000000000000e+00
2.799173303128973389e-01
1.000000000000000000e+00
-1.000000000000000000e+00
-6.986367712732666213e-02
-1.000000000000000000e+00
-7.961751950366260377e-01
-8.899324672704106431e-01
6.436895205960100341e-01
1.000000000000000000e+00
8.669739583253617266e-01
-1.000000000000000000e+00
-8.442854862614175282e-01
1.000000000000000000e+00
5.470656183550017815e-01
1.000000000000000000e+00
-3.279651344857956730e-01
-1.000000000000000000e+00
2.420248366799946371e-01
-1.490513107979377638e-01
1.000000000000000000e+00
-1.000000000000000000e+00
-1.522187774309007868e-01
5.774590912688122302e-01
2.357292296857194103e-01
-1.000000000000000000e+00
1.000000000000000000e+00
4.130535494286227127e-01
-8.186639571329678011e-01
5.538823872738103393e-01
6.485372736043735209e-01
-4.013116052561627178e-01
6.367880073240739236e-03
-3.041135010020765694e-01
1.000000000000000000e+00
3.237647308092744813e-01
2.082801536592662206e-01
1.538448308123870900e-01
3.222439630775024710e-01
1.000000000000000000e+00
-8.410169991776641485e-01
1.052248505092914233e-01
-1.571192772656376524e-01
-1.000000000000000000e+00
2.327027197004715164e-01
2.296262979951499972e-01
7.222888105981477569e-01
-1.000000000000000000e+00
2.197516511486913293e-01
9.081321294867983340e-01
2.142574981239704079e-01
-1.712680956269152510e-01
-1.000000000000000000e+00
2.956372475431695568e-01
-3.657552843542907217e-01
-8.069367433294677427e-01
-2.013838322927989921e-01
4.740221264787569666e-03
-6.581922033290266150e-01
-9.575357194021272278e-01
1.000000000000000000e+00
8.934870066690864254e-01
-3.567234991090002527e-01
-3.730943617576808480e-01
-1.395031096680110494e-02
1.000000000000000000e+00
1.000000000000000000e+00
-1.000000000000000000e+00
3.983313331315362360e-01
1.000000000000000000e+00
-3.725206670265671094e-01
2.305499197549003565e-01
2.336082390176557055e-01
-1.000000000000000000e+00
-1.000000000000000000e+00
-7.352296257605730467e-01
1.000000000000000000e+00
-1.418364820102659962e-01
1.000000000000000000e+00
5.848807290518058810e-01
-1.000000000000000000e+00
1.000000000000000000e+00
1.000000000000000000e+00
-3.869491842685630623e-01
-1.000000000000000000e+00
-8.996798372297696300e-01
5.528524987995587781e-01
-5.599152793309938314e-01
1.000000000000000000e+00
-1.000000000000000000e+00
4.599954129087923671e-01
-4.473204020629215627e-01
9.874252268444692060e-01
-1.767427672315962095e-01
-6.718604241420396139e-01
-1.000000000000000000e+00
9.458740836906607274e-01
-9.539854631523739803e-01
2.054799331013781316e-01
1.000000000000000000e+00
2.719480723650193887e-01
-1.808974294888932022e-01
9.233460085111642179e-01
1.000000000000000000e+00
1.000000000000000000e+00
-1.000000000000000000e+00
1.000000000000000000e+00
-3.946765582430882269e-01
5.118912692567434419e-02
-1.000000000000000000e+00
1.000000000000000000e+00
4.370689102915596980e-01
-4.834563199029541236e-01
-7.685712496570058505e-01
1.000000000000000000e+00
1.000000000000000000e+00
7.527486641237229881e-01
-2.391015438956800576e-02
-4.264888204913879211e-01
-1.000000000000000000e+00
-6.731543876031942375e-02
-5.411750806625450494e-01
9.712561985417125232e-01
-1.000000000000000000e+00
1.000000000000000000e+00
6.380771648605627622e-01
-1.055388340660158297e-01
1.000000000000000000e+00
5.565811236757988167e-01
9.950808135085474904e-01
-6.176831353063914065e-01
6.122094114393372699e-01
-5.619827068082280386e-01
5.156766925444631333e-01
2.079537346349649152e-01
-7.548977572687138871e-01
1.000000000000000000e+00
9.010003217829385402e-01
-1.000000000000000000e+00
8.339356061302666268e-01
-9.140701054104400924e-01
-1.000000000000000000e+00
-4.328074277134141834e-01
-1.931636607299411779e-01
1.000000000000000000e+00
2.351359826945333964e-01
-1.482693555640569594e-01
1.000000000000000000e+00
5.368267934470030145e-01
5.627074194769445814e-01
9.281663320229351921e-01
1.796238540527366201e-01
-6.365094032684707193e-01
1.000000000000000000e+00
-5.232157265289276715e-01
-8.850852640979957053e-01
1.000000000000000000e+00
4.854404578766553513e-01
