1.000000000000000000e+00
-1.000000000000000000e+00
-6.392688394173651201e-01
1.000000000000000000e+00
-1.000000000000000000e+00
-6.872424261760301523e-01
-6.308298367655726935e-01
-1.000000000000000000e+00
5.944668733906603997e-01
2.570864676046200059e-01
1.000000000000000000e+00
4.371781532625161337e-01
4.764281292888702390e-01
1.000000000000000000e+00
3.488298295684399974e-01
7.497241752305677798e-01
3.340013277934763547e-01
-1.000000000000000000e+00
1.010426155664098102e-01
-9.167525408574862533e-01
-7.321678205888271229e-02
7.147915962091790087e-02
-7.044622865637635289e-01
-1.000000000000000000e+00
-1.000000000000000000e+00
-6.132783561504776548e-01
1.000000000000000000e+00
1.000000000000000000e+00
-1.000000000000000000e+00
1.000000000000000000e+00
1.000000000000000000e+00
1.000000000000000000e+00
-7.255178898544989430e-02
-1.000000000000000000e+00
1.000000000000000000e+00
2.983781653347650220e-02
5.220068027059208138e-01
-1.000000000000000000e+00
-1.000000000000000000e+00
7.456075238977333264e-01
4.890650458330449979e-01
8.753939112978008641e-01
-9.748489902497152748e-01
-5.321375837188659919e-01
-7.625694234145395933e-01
-7.773380986125026926e-01
-5.894367249608811754e-01
2.612141823109292993e-01
-1.000000000000000000e+00
-1.000000000000000000e+00
-4.103748357746437314e-01
1.000000000000000000e+00
-1.374900649554361420e-01
1.000000000000000000e+00
-8.769696840488451217e-01
6.438454219397731215e-01
4.688668867638114968e-01
-1.000000000000000000e+00
7.687843519302577366e-01
-1.000000000000000000e+00
-2.456361343193389501e-01
8.392978335821603686e-01
1.000000000000000000e+00
-1.000000000000000000e+00
-7.825379130062886102e-01
7.658575429432512571e-01
5.100919462085804490e-01
7.365383376035057328e-01
1.000000000000000000e+00
-1.000000000000000000e+00
8.678614423538147937e-01
-1.000000000000000000e+00
1.000000000000000000e+00
-1.000000000000000000e+00
-8.506356213048759107e-01
-3.937735044296463705e-01
-1.000000000000000000e+00
6.038100403961212947e-01
1.000000000000000000e+00
-9.634776449635449325e-01
-9.470021664845728049e-01
8.692328614899941241e-01
1.000000000000000000e+00
1.000000000000000000e+00
8.441049626577203924e-01
-1.000000000000000000e+00
4.506002932223815982e-01
-6.530220645108670841e-01
4.466842469116905079e-01
-1.130259864988109042e-01
-1.000000000000000000e+00
1.000000000000000000e+00
-1.000000000000000000e+00
-7.017436693221089650e-01
8.344164751842207961e-01
-1.000000000000000000e+00
-1.000000000000000000e+00
1.000000000000000000e+00
1.000000000000000000e+00
5.461039045427783511e-01
1.000000000000000000e+00
-1.000000000000000000e+00
1.000000000000000000e+00
2.946648125794232298e-02
-5.100889896756697350e-01
1.000000000000000000e+00
-1.000000000000000000e+00
5.347209627819178301e-01
2.551047914760335988e-01
-1.000000000000000000e+00
-1.542016374182355598e-01
1.000000000000000000e+00
-1.000000000000000000e+00
3.004849019463216586e-01
-1.000000000000000000e+00
-1.000000000000000000e+00
-3.644951314221408500e-01
8.919931634253526198e-01
-4.453204183493800761e-01
-1.000000000000000000e+00
-1.000000000000000000e+00
7.992173714546076946e-01
1.000000000000000000e+00
-1.000000000000000000e+00
-8.217894077770158123e-01
7.855182519055945445e-01
-2.896948814354476376e-01
1.000000000000000000e+00
9.827854322041823520e-01
-4.003149802018004522e-01
-1.000000000000000000e+00
-8.531224530490505442e-01
1.000000000000000000e+00
-2.767420348717345435e-01
6.332385340551716091e-01
-2.296896475167359286e-01
1.000000000000000000e+00
-1.000000000000000000e+00
1.000000000000000000e+00
1.000000000000000000e+00
-9.736865701994834588e-02
-4.658702234166774980e-01
-2.694357386720719338e-01
1.000000000000000000e+00
1.000000000000000000e+00
-5.756826283771949715e-01
-1.589723956368193081e-01
4.851103682290289765e-01
-7.549328138328980087e-01
-7.373382764393852096e-01
3.347202293273938700e-01
-1.000000000000000000e+00
-1.000000000000000000e+00
1.000000000000000000e+00
1.000000000000000000e+00
-2.481573936290121796e-01
7.162057143036124618e-01
1.000000000000000000e+00
-6.954383427278489904e-01
1.000000000000000000e+00
1.000000000000000000e+00
-2.556050288449405183e-01
-1.924718768910914646e-01
-2.141201867828728123e-01
1.000000000000000000e+00
-4.392141180006586820e-01
-1.000000000000000000e+00
2.641905645082857079e-01
-9.752235925461236743e-01
-1.000000000000000000e+00
-1.000000000000000000e+00
-7.580830746669524611e-01
-3.227778214838141757e-01
3.054874883806871777e-01
-1.000000000000000000e+00
3.282377480513951618e-01
-1.456139549341384787e-01
-1.000000000000000000e+00
1.000000000000000000e+00
-2.483161353740307442e-01
-2.421263657579378892e-01
-1.000000000000000000e+00
-5.619453053363218098e-01
-1.000000000000000000e+00
-1.000000000000000000e+00
-8.629810030463361814e-01
-9.008079676807714264e-01
1.000000000000000000e+00
6.269573564499621998e-01
-1.000000000000000000e+00
9.471024041916342728e-01
-1.000000000000000000e+00
1.000000000000000000e+00
-1.120427094038478621e-01
9.683954901495957224e-02
3.955188927315886338e-01
9.561889408612638253e-01
-4.308490773375150962e-01
-8.006163479120278481e-01
1.000000000000000000e+00
8.741188418666773208e-01
-1.000000000000000000e+00
-1.000000000000000000e+00
-7.766762213635918233e-01
1.395193777352949915e-01
-2.695338671582964141e-02
1.000000000000000000e+00
-1.000000000000000000e+00
-1.000000000000000000e+00
7.138731468628689569e-02
-1.000000000000000000e+00
4.465422303596626452e-02
9.294300322856308139e-02
-1.000000000000000000e+00
-2.769977885635261927e-01
-1.000000000000000000e+00
1.965611276592202361e-01
2.346598410979026106e-01
-1.000000000000000000e+00
-4.417687647243444538e-01
-6.937366699956598604e-01
4.496492663370894594e-01
-1.000000000000000000e+00
1.000000000000000000e+00
8.242696751606809480e-02
-1.000000000000000000e+00
-1.000000000000000000e+00
-3.829414393162575703e-01
-1.000000000000000000e+00
1.000000000000000000e+00
4.395190525922318958e-01
9.806859328540914467e-01
-1.000000000000000000e+00
3.214449213139639605e-01
6.442690232680493567e-01
9.818835874007902920e-01
-2.038338348395704047e-01
7.008384972494082765e-01
1.000000000000000000e+00
1.000000000000000000e+00
-1.000000000000000000e+00
1.000000000000000000e+00
-5.236834818848778994e-01
-1.000000000000000000e+00
2.231125029421947015e-01
1.000000000000000000e+00
-1.000000000000000000e+00
-3.106034014248955644e-01
-1.000000000000000000e+00
6.640695566274934514e-02
-2.613670460607466772e-01
-4.902019779581898717e-01
1.000000000000000000e+00
2.454513303858373019e-01
1.923866105856326669e-01
-1.613359278374212336e-01
-1.000000000000000000e+00
8.236247831643026540e-01
-1.673897790761206261e-01
1.000000000000000000e+00
-5.924745418431321964e-01
1.000000000000000000e+00
-9.252746134373079911e-01
3.803204465910288157e-01
7.486019429428403260e-02
