1.000000000000000000e+00
9.227505864681075920e-01
-3.658125591004059429e-01
-1.000000000000000000e+00
-8.188644143292655997e-01
-2.588511672020497589e-01
-6.611939387435006310e-02
-1.000000000000000000e+00
-9.129862906779653287e-01
-1.000000000000000000e+00
-1.000000000000000000e+00
-8.413670476345790350e-01
1.000000000000000000e+00
-6.051588413500026409e-01
9.099677165612871654e-01
4.947402591516479875e-01
-1.000000000000000000e+00
1.545539007760264316e-01
-2.255501787486744458e-01
-3.696278418065297444e-01
-7.338786763970397420e-01
1.000000000000000000e+00
-3.811151425989945940e-01
1.000000000000000000e+00
-5.712964439061938293e-01
-1.000000000000000000e+00
-1.000000000000000000e+00
1.000000000000000000e+00
-3.760599032123252417e-01
-1.000000000000000000e+00
1.000000000000000000e+00
1.000000000000000000e+00
-1.000000000000000000e+00
4.417897019149056304e-01
5.582014993753480203e-01
-7.396732671645580570e-01
-1.000000000000000000e+00
5.458333762935325684e-01
1.000000000000000000e+00
7.803592460349534354e-02
6.345913351839707062e-01
1.000000000000000000e+00
4.195112397033612384e-01
1.000000000000000000e+00
-1.000000000000000000e+00
-4.269704062103385489e-01
4.999759817112689464e-02
6.363888388995120327e-01
-8.562530789541263898e-01
2.806389806072706605e-01
1.000000000000000000e+00
-1.652871731449149229e-01
-6.402416886927781992e-01
-1.909598552697146512e-01
-1.000000000000000000e+00
-1.000000000000000000e+00
-6.713447180513482104e-01
9.865500856915978556e-01
1.000000000000000000e+00
-2.101330401139507864e-01
6.836615657522213119e-02
1.000000000000000000e+00
1.000000000000000000e+00
-5.740728954521390204e-01
2.983472014784839255e-01
-1.992597037313774966e-01
-4.750069028951280359e-01
-1.000000000000000000e+00
1.653725551181682019e-01
-1.000000000000000000e+00
-1.000000000000000000e+00
1.431862301371945589e-01
-1.000000000000000000e+00
4.469396943655240539e-01
2.522410931209437823e-01
-2.439145161370537274e-02
-1.000000000000000000e+00
-1.000000000000000000e+00
-4.606691328978979039e-01
1.000000000000000000e+00
1.000000000000000000e+00
3.950704305644318071e-01
-7.105108668680614192e-01
-1.000000000000000000e+00
6.124789676983977138e-01
4.673865911927477246e-01
6.132162786108812380e-01
-1.000000000000000000e+00
4.689438312154894373e-01
-1.420430072034224445e-01
-1.000000000000000000e+00
1.000000000000000000e+00
3.888112676167596593e-01
-1.000000000000000000e+00
1.000000000000000000e+00
-1.000000000000000000e+00
1.000000000000000000e+00
-3.750177264303246050e-01
-8.633030167177713210e-02
3.024697234054816164e-01
5.150207577932630620e-01
7.882111094537605500e-02
5.912335230766715410e-01
-1.000000000000000000e+00
-2.320005837516356806e-01
-1.000000000000000000e+00
1.000000000000000000e+00
1.000000000000000000e+00
5.661804012488724780e-02
1.000000000000000000e+00
-2.576713712019875757e-01
-7.683349738614131397e-01
-1.000000000000000000e+00
4.801421917323032140e-01
-3.308116067666166948e-02
1.000000000000000000e+00
1.000000000000000000e+00
1.000000000000000000e+00
-4.084611715754358219e-01
6.222569734224194793e-01
-1.000000000000000000e+00
-1.000000000000000000e+00
-1.488839223494357045e-01
5.296143514911415551e-01
2.421306258962657720e-02
-1.000000000000000000e+00
1.000000000000000000e+00
1.000000000000000000e+00
7.586151140439094664e-01
6.599126695162692569e-01
-4.767639184989678203e-01
-3.851678280753198513e-01
-8.551290956724419967e-01
-1.000000000000000000e+00
5.199960650915502747e-02
1.000000000000000000e+00
2.089245577799807851e-01
7.240605575656919868e-01
-1.000000000000000000e+00
-1.000000000000000000e+00
-1.000000000000000000e+00
6.214457388627405710e-01
-3.287353065960485488e-01
3.647636153206230136e-01
7.860624993899856250e-02
-4.342889801820566387e-01
-1.000000000000000000e+00
1.000000000000000000e+00
-1.000000000000000000e+00
1.000000000000000000e+00
1.000000000000000000e+00
1.000000000000000000e+00
7.926367539411671714e-01
1.000000000000000000e+00
-1.000000000000000000e+00
1.000000000000000000e+00
-9.920843921936997045e-01
1.000000000000000000e+00
-9.097066263073477765e-01
-1.000000000000000000e+00
-7.732515662562804426e-01
-1.000000000000000000e+00
-5.340962332985835781e-01
1.000000000000000000e+00
-9.544043992765207651e-01
-9.150633237632812556e-01
1.000000000000000000e+00
-1.000000000000000000e+00
7.837369322458975773e-01
-3.394810917507832260e-01
-7.183973757190587062e-01
1.000000000000000000e+00
-8.305282198176205943e-02
-1.000000000000000000e+00
-1.000000000000000000e+00
-6.517753584744210293e-01
-2.676940617635721331e-01
-1.000000000000000000e+00
-6.619363392303960758e-01
-1.686249284083222999e-02
-2.545151094687254645e-01
8.531473734141963305e-01
-5.661598998813790473e-01
-6.684601806397151291e-01
-5.774172538257956733e-01
1.000000000000000000e+00
-5.976586936670003070e-01
4.357711512703071888e-02
-3.342395124789179217e-01
1.000000000000000000e+00
6.506842326556723233e-01
-7.303378468664722956e-01
-9.521152995035038202e-01
1.170726374585131513e-01
-6.138969739437655226e-02
-6.246884576333313621e-01
-1.000000000000000000e+00
2.000353859040564508e-01
2.799844792348691325e-01
-1.000000000000000000e+00
-1.000000000000000000e+00
-1.000000000000000000e+00
-3.464865188245631056e-01
4.731136072334440890e-01
3.796295111575579972e-01
-9.122745331749883002e-01
4.731455309951022592e-01
1.000000000000000000e+00
4.456672728125526950e-01
-1.866099249588412112e-01
1.000000000000000000e+00
-6.178840309328097469e-01
8.312176316654986685e-01
6.622668216181590850e-01
8.731519762109697380e-01
2.822642424673411088e-01
-1.000000000000000000e+00
7.099747051140319343e-01
-4.046222807444688208e-01
3.194274092297662015e-01
-1.000000000000000000e+00
1.000000000000000000e+00
1.460676236615722212e-01
8.386003817098892643e-01
-4.078055782408879226e-01
3.422403706064409690e-01
1.000000000000000000e+00
6.163029998844402613e-01
-8.673494190960563399e-01
2.049761927833412267e-01
-1.000000000000000000e+00
-4.522753923471577453e-01
9.444215537883724476e-01
1.000000000000000000e+00
-3.155813773432695202e-01
-7.497139179933293152e-01
1.299122770559755224e-01
-1.000000000000000000e+00
1.000000000000000000e+00
1.000000000000000000e+00
1.000000000000000000e+00
-1.978443863381549872e-01
-5.042773116894381236e-01
5.839783828912351593e-01
4.364937822070746876e-02
-1.000000000000000000e+00
-6.783983987671838856e-01
1.000000000000000000e+00
7.974330937756608506e-01
8.411622288120778057e-01
-1.000000000000000000e+00
4.894284520748537481e-01
1.000000000000000000e+00
5.313596887134339752e-01
1.000000000000000000e+00
-1.621587226576888252e-01
-7.003062962053485663e-01
-1.584125847815494037e-01
5.547799714767889245e-01
-1.489971648317447439e-01
-5.376421387514040973e-02
-1.000000000000000000e+00
1.000000000000000000e+00
-1.030118332119368540e-01
6.962060064283319694e-01
