5.005788947930918109e-01
1.000000000000000000e+00
4.509275936466805579e-01
6.194567486839576143e-01
9.119197659434119529e-02
5.734376697834628889e-01
2.773137130067154787e-02
-6.337776563968487986e-01
-1.213867835485057389e-01
-1.000000000000000000e+00
6.015027300629072204e-02
-1.000000000000000000e+00
-1.314305400836234261e-01
-4.547638009346435251e-01
-8.927832419431314115e-02
5.190035044469920589e-02
9.758009127453550757e-01
-2.551170900181836121e-01
8.077985209779750542e-02
-2.993109347104934703e-01
8.646509278539947774e-01
-2.670818983244660494e-01
3.621201047195700129e-01
-1.000000000000000000e+00
7.317472657253897284e-01
8.295083036179478064e-01
-3.281011077602730142e-02
-1.000000000000000000e+00
-1.000000000000000000e+00
-1.000000000000000000e+00
3.120082945651780904e-01
1.000000000000000000e+00
4.038433331809848648e-01
-6.190841476621072870e-01
4.859976943041690589e-01
1.000000000000000000e+00
-6.480191804140217338e-01
-2.164744950388832745e-01
-1.000000000000000000e+00
1.000000000000000000e+00
-1.000000000000000000e+00
-1.000000000000000000e+00
1.000000000000000000e+00
-9.465698672421034576e-01
-1.000000000000000000e+00
-3.431780168031176581e-01
4.182177715612865887e-01
9.157693289422835781e-01
-1.000000000000000000e+00
-1.000000000000000000e+00
4.686579004129063364e-01
4.013876242360394642e-01
-1.000000000000000000e+00
9.315561405263383943e-01
9.067543596503007536e-03
6.404300578458015369e-01
-1.000000000000000000e+00
-1.000000000000000000e+00
-1.421979849990990391e-02
-3.891289682639609282e-02
-3.713803335963827834e-01
-1.000000000000000000e+00
1.000000000000000000e+00
1.000000000000000000e+00
3.744869895363869272e-01
-1.000000000000000000e+00
3.122074879170615436e-01
-1.648774861936110891e-01
-5.594948665283725475e-01
2.117337273633349559e-01
-1.000000000000000000e+00
-1.000000000000000000e+00
-1.000000000000000000e+00
-6.920433285520066757e-01
-7.717749725469229549e-01
6.341996396579783202e-01
-1.000000000000000000e+00
-8.162777658403412850e-01
1.872660709162897730e-01
-3.329259870864842430e-01
1.000000000000000000e+00
-9.980561738840951769e-01
-6.547657603838067386e-01
6.670879594681414781e-01
-1.000000000000000000e+00
1.703190136446315894e-01
5.784708612952522699e-01
-8.736655488869222719e-01
-2.187451584563931961e-02
6.870144090938112846e-01
3.693104266068394925e-01
5.357313158743031156e-01
-1.000000000000000000e+00
9.567268412797046429e-01
-5.989509967649251365e-01
-3.846242245943317095e-01
-1.000000000000000000e+00
6.307670549868682475e-01
1.000000000000000000e+00
1.000000000000000000e+00
-1.000000000000000000e+00
4.107762897279259029e-01
-5.445612879068495449e-01
-3.590571882739655996e-01
-3.470908558270882627e-01
-5.800009780035564333e-02
1.000000000000000000e+00
-5.710507976126577567e-01
-7.456119058630603647e-01
5.539618259382341758e-01
5.817384560243562541e-01
2.528200864644586376e-01
-1.000000000000000000e+00
2.510881515904832550e-01
6.246915441025981952e-01
8.374746902782854718e-01
1.000000000000000000e+00
-1.000000000000000000e+00
1.000000000000000000e+00
-5.322035825661426411e-01
1.923327055860963863e-01
-8.310226582235954451e-01
1.000000000000000000e+00
-1.000000000000000000e+00
-1.000000000000000000e+00
-1.000000000000000000e+00
1.000000000000000000e+00
-1.000000000000000000e+00
-1.000000000000000000e+00
-1.000000000000000000e+00
1.000000000000000000e+00
-1.000000000000000000e+00
2.022478964680063385e-01
-1.000000000000000000e+00
-4.693023786746666204e-01
-4.595068275652326450e-01
-2.403937772633933379e-01
-2.113601031856325307e-01
-7.985211434085890403e-01
1.000000000000000000e+00
-1.836131616966407698e-01
8.126226841440424842e-01
-7.601911645660781591e-01
2.139227877921904830e-01
-3.380660088903169602e-01
1.000000000000000000e+00
5.725014469845910448e-01
-7.994093389470777189e-02
-1.309463756144344515e-01
1.000000000000000000e+00
2.003799676683031272e-01
-2.770485783750322728e-01
-4.204771280992086746e-01
4.069490923447318664e-01
3.110301258532536806e-01
7.115892286930853849e-01
-1.000000000000000000e+00
-3.618613333573295066e-02
1.000000000000000000e+00
-1.935533877611693709e-01
2.573741598893501403e-01
6.265499575737361049e-01
1.000000000000000000e+00
7.162047951828627301e-01
1.000000000000000000e+00
1.000000000000000000e+00
1.000000000000000000e+00
1.000000000000000000e+00
-6.415841486808130378e-01
-5.837868801794848794e-01
9.729379345947690716e-01
1.000000000000000000e+00
8.430239898973008739e-01
1.000000000000000000e+00
-2.995513932477668617e-01
1.000000000000000000e+00
3.477918887373182555e-01
-1.000000000000000000e+00
-6.575941172948269742e-01
-4.221433331631797015e-01
-1.000000000000000000e+00
-7.246315118466508665e-01
-2.597377111664015970e-01
5.351325523166303721e-01
-1.000000000000000000e+00
-4.980508204702064345e-01
-1.000000000000000000e+00
-7.860544920427514626e-01
-3.946690672326853555e-01
6.355197151741354133e-02
5.094669900177219990e-01
5.914344580540868979e-01
-1.000000000000000000e+00
-9.452056883513081376e-01
-1.000000000000000000e+00
7.416419561274436578e-01
-4.329464123535164966e-01
-4.198702054871439326e-01
-2.666548269502330148e-01
1.000000000000000000e+00
-1.000000000000000000e+00
1.000000000000000000e+00
-1.000000000000000000e+00
2.656578452085491815e-01
1.000000000000000000e+00
1.000000000000000000e+00
1.000000000000000000e+00
-5.069842597773869253e-01
-1.000000000000000000e+00
-1.000000000000000000e+00
-2.330161336580777176e-01
-2.077869244411826855e-01
1.251062726296571226e-01
-1.000000000000000000e+00
5.397098854705697502e-01
-2.276598605682908782e-01
-8.563211042059746259e-01
1.000000000000000000e+00
-1.037078011203321770e-01
-3.381402237549735457e-01
-6.337052266969445125e-02
-1.000000000000000000e+00
1.000000000000000000e+00
-2.425195249628764316e-01
2.523196619491682169e-01
-1.000000000000000000e+00
-2.332983861039826801e-01
-6.538904688171796042e-01
1.000000000000000000e+00
8.986856387467254681e-01
-5.809490226675032565e-01
5.485541573919228142e-02
3.874750961143038630e-01
1.000000000000000000e+00
-4.309568388701057184e-02
-1.000000000000000000e+00
1.300197606765000069e-01
7.101758119705086081e-01
9.147092460571939476e-01
-1.639030646572463557e-01
-1.000000000000000000e+00
1.000000000000000000e+00
1.737618218634725542e-01
-5.791361264246974727e-02
-1.000000000000000000e+00
-2.632278235025535817e-01
9.437601631639516153e-01
-4.187344055225521444e-01
1.000000000000000000e+00
6.641502283211864199e-01
3.881680970920815543e-01
-1.036585883472110892e-01
1.000000000000000000e+00
8.820292130194749003e-01
7.089944851332177223e-01
9.881944410410384849e-01
-1.000000000000000000e+00
-2.420053093562226643e-01
-1.138505187349476699e-01
-1.406620384304457794e-02
-1.000000000000000000e+00
-1.000000000000000000e+00
8.617562691527195229e-01
6.248574385353871108e-01
2.019641702139149952e-01
