1.620155796887640109e-01
4.784470989237218363e-01
1.000000000000000000e+00
1.000000000000000000e+00
1.000000000000000000e+00
1.000000000000000000e+00
-1.000000000000000000e+00
-5.388913058760920194e-01
2.021212211980791262e-01
-8.048277910956485037e-01
-2.114122290768114532e-01
1.000000000000000000e+00
-2.875088033054281622e-01
-1.976524646098680726e-01
-1.000000000000000000e+00
-1.000000000000000000e+00
1.000000000000000000e+00
-1.000000000000000000e+00
-1.000000000000000000e+00
-1.000000000000000000e+00
9.312255451573432374e-01
2.900580216898229757e-01
-1.000000000000000000e+00
-2.550834994178754478e-01
-9.845298068361293398e-01
2.847227390768166666e-01
-5.538913940480230114e-01
-1.000000000000000000e+00
-1.000000000000000000e+00
-1.322558498306494190e-01
-4.762827757726384448e-01
1.000000000000000000e+00
-6.579139196793799549e-01
1.000000000000000000e+00
-1.000000000000000000e+00
3.368925149015136178e-01
-3.316943678959460851e-01
4.635160684093014849e-01
-7.984133892417744072e-01
-1.000000000000000000e+00
-7.755586917557811821e-01
2.417338372744908259e-01
-5.045807066389420559e-01
-7.347284560432854050e-02
-1.000000000000000000e+00
1.000000000000000000e+00
-1.000000000000000000e+00
1.000000000000000000e+00
-1.000000000000000000e+00
-1.000000000000000000e+00
5.691298855398265744e-01
-8.627129646796645179e-01
1.000000000000000000e+00
5.993089149015120576e-01
2.228631794450396386e-01
-1.000000000000000000e+00
6.559559422142213769e-01
9.604818748128315375e-01
-4.608242401692300705e-01
-5.847879405812530518e-01
1.000000000000000000e+00
1.000000000000000000e+00
5.244651573514284015e-01
-8.646782562657437943e-01
9.004636280911127999e-01
2.838716352534975673e-01
-9.328997239276802800e-01
5.778423356712858450e-03
2.783809603495285279e-01
-1.000000000000000000e+00
5.470073322945205874e-01
-7.107629260800794047e-01
1.000000000000000000e+00
1.000000000000000000e+00
2.428589776145472223e-01
1.000000000000000000e+00
-7.117547160335842005e-01
1.000000000000000000e+00
-6.217964816474924605e-01
1.964662259431413371e-01
5.553433486405152664e-01
-1.000000000000000000e+00
-1.000000000000000000e+00
-1.000000000000000000e+00
-1.000000000000000000e+00
1.000000000000000000e+00
-1.000000000000000000e+00
1.334321747659378832e-01
1.000000000000000000e+00
2.563252899572959209e-01
-2.742451416489306570e-01
-1.000000000000000000e+00
1.000000000000000000e+00
-4.062140919962897723e-01
2.426732566250806578e-01
-7.079076864631836941e-01
-5.064158280080510721e-02
-1.912018881635019207e-02
-2.566694913921754306e-01
-1.000000000000000000e+00
-1.000000000000000000e+00
1.000000000000000000e+00
-5.728975294607654423e-01
7.544601298667369393e-01
-1.000000000000000000e+00
1.000000000000000000e+00
-9.712424816100816427e-01
6.060611547438576885e-02
-1.000000000000000000e+00
1.000000000000000000e+00
1.000000000000000000e+00
-1.000000000000000000e+00
1.770734466671988194e-01
-1.135095627236445415e-01
1.112641545789283537e-01
-7.863299763935952535e-01
7.081280856695992831e-02
7.712726152905278187e-01
-1.000000000000000000e+00
1.000000000000000000e+00
4.479644646622429338e-01
2.495209270476269336e-01
-8.414058098040574363e-01
-3.850657009116430496e-01
-2.092262238753905823e-02
-6.877571132956104005e-01
-8.290466389174460105e-01
1.000000000000000000e+00
1.252475579257786298e-01
9.884801518125763131e-01
-1.000000000000000000e+00
-1.000000000000000000e+00
1.000000000000000000e+00
4.950137593501973132e-01
3.729915653672257747e-01
1.000000000000000000e+00
1.000000000000000000e+00
8.995698386191230966e-02
1.000000000000000000e+00
-7.735833600122048459e-01
-1.000000000000000000e+00
-1.000000000000000000e+00
-1.000000000000000000e+00
-1.000000000000000000e+00
-1.000000000000000000e+00
-1.000000000000000000e+00
-7.076798746086789826e-01
1.000000000000000000e+00
6.498183109981183758e-01
1.000000000000000000e+00
-3.308898757252082823e-01
-1.000000000000000000e+00
1.000000000000000000e+00
-7.486619871831636797e-01
1.000000000000000000e+00
-1.000000000000000000e+00
-3.277570693852632222e-01
1.000000000000000000e+00
-1.000000000000000000e+00
-2.220436338271349896e-01
-9.113408661473345607e-01
4.730738845384854230e-01
3.175738671021217097e-01
-5.482757614925253264e-01
-1.000000000000000000e+00
-1.000000000000000000e+00
2.808114979472652872e-01
8.847393400085654669e-01
-1.000000000000000000e+00
-1.955973657750638139e-01
1.000000000000000000e+00
-6.127622319756391711e-01
-1.000000000000000000e+00
7.492381012501063697e-01
5.398034334262469258e-02
1.000000000000000000e+00
1.000000000000000000e+00
3.367426767661226839e-01
-1.327740760707876166e-01
-7.248387731862194761e-01
-2.844696681839506969e-01
1.000000000000000000e+00
-1.000000000000000000e+00
-1.000000000000000000e+00
-2.581809064711669266e-01
2.801508434190937979e-01
-2.077135197886870177e-01
-1.000000000000000000e+00
-1.000000000000000000e+00
-3.460953120193413501e-02
-1.000000000000000000e+00
-1.000000000000000000e+00
-9.789826014896505502e-01
7.758031800069196127e-01
-6.744693398047931776e-01
-1.276142384446037337e-01
1.000000000000000000e+00
2.500769659606920658e-01
8.504794066610416037e-01
3.060004803894510461e-01
1.000000000000000000e+00
-2.649266830763207237e-01
1.000000000000000000e+00
-1.000000000000000000e+00
-8.111648778008366811e-01
1.000000000000000000e+00
-1.000000000000000000e+00
3.280196621678617142e-01
-1.000000000000000000e+00
1.000000000000000000e+00
-1.000000000000000000e+00
1.000000000000000000e+00
1.000000000000000000e+00
8.974877618355274755e-01
1.000000000000000000e+00
-5.060349432017217097e-01
-1.000000000000000000e+00
6.816448522126719034e-01
2.302190244788806517e-01
-1.000000000000000000e+00
-1.000000000000000000e+00
-9.288284453575574862e-01
-7.212414111237348546e-01
1.470169834063949632e-01
1.000000000000000000e+00
6.786577554907687881e-01
5.896475682231026028e-01
1.000000000000000000e+00
2.748061025377824818e-01
1.000000000000000000e+00
-1.000000000000000000e+00
-1.000000000000000000e+00
4.672096320681270454e-01
7.873382862259212800e-01
9.609789289933091672e-01
-9.232173871701448986e-01
-1.000000000000000000e+00
-1.000000000000000000e+00
-4.811999209038988479e-01
-3.932913711468695173e-01
-1.000000000000000000e+00
1.299077640401836709e-01
-9.046440299123224005e-01
6.663116514905830234e-01
-4.164763467501422234e-01
5.782902832909520008e-01
-1.000000000000000000e+00
1.592197598483553467e-01
-9.981754809510049453e-01
1.046191165401246237e-01
-4.522509912028614409e-01
-5.387605004008627629e-01
1.000000000000000000e+00
1.000000000000000000e+00
-1.000000000000000000e+00
-1.000000000000000000e+00
-7.631348051148345579e-02
-1.384399033132175383e-01
-1.000000000000000000e+00
5.080020294352893817e-01
-1.000000000000000000e+00
-7.466282215949010537e-02
-7.667845411225053809e-01
-7.275056943199631476e-02
1.000000000000000000e+00
