-4.912158153773068525e-01
3.775345236936844540e-03
1.000000000000000000e+00
-1.000000000000000000e+00
9.734329773920756823e-01
-2.778941804746140054e-01
7.437088878185109664e-01
-9.902196080181093762e-01
2.562631594439565008e-01
5.172690146523427623e-01
-7.947988988408801747e-01
-2.462561565687850784e-01
2.166388611441028011e-03
8.712134270671463288e-01
5.760780497726072369e-01
3.193649468521528867e-01
-1.234177280911722130e-01
1.000000000000000000e+00
-5.030424968629610971e-01
-3.473479400827535479e-01
-5.567258055719057630e-01
-1.000000000000000000e+00
8.822040834177258262e-01
-2.157318429230827839e-01
-4.408757981791242564e-01
-1.000000000000000000e+00
6.917267826881294823e-01
1.000000000000000000e+00
3.883705280326112952e-01
-1.000000000000000000e+00
6.162197821942134723e-01
3.761280610592219187e-01
-1.000000000000000000e+00
-3.511748832872907400e-01
7.411527694666328880e-01
1.000000000000000000e+00
3.024922817882101933e-01
9.168414993547104874e-01
1.000000000000000000e+00
8.250297487639315364e-01
-5.633169417355384789e-01
-5.514277763151920198e-02
-8.215553827989574565e-01
6.706307307392238570e-01
7.549365740172320205e-01
1.000000000000000000e+00
-6.086117153270644842e-01
1.000000000000000000e+00
-4.881170245998537327e-01
-9.792238620002613469e-01
-3.602286190205157279e-01
-1.000000000000000000e+00
-1.000000000000000000e+00
-6.088436984130127794e-01
9.762826274031248808e-01
1.000000000000000000e+00
-6.593759485275636489e-01
3.445563700578510025e-01
-1.000000000000000000e+00
1.000000000000000000e+00
3.675658950901999344e-01
7.881982131719253992e-01
-1.000000000000000000e+00
4.696917625125827112e-01
4.248766935130878775e-01
-1.000000000000000000e+00
1.353227815445490201e-02
1.000000000000000000e+00
-3.219189644180515120e-01
1.000000000000000000e+00
7.510396324890689090e-01
-3.213763266571438848e-01
-5.278501455308082235e-01
1.613530220181502439e-01
-5.931001048622170924e-01
-4.819110964265120867e-01
-5.160324073107702691e-01
6.300702072111705743e-01
3.645455362311660341e-01
1.000000000000000000e+00
1.000000000000000000e+00
-1.000000000000000000e+00
-3.752079805878471563e-01
-1.000000000000000000e+00
1.000000000000000000e+00
1.333521382171598268e-01
-1.000000000000000000e+00
7.566693802097759214e-01
-1.000000000000000000e+00
-1.497385349042190672e-02
3.226810643879329810e-02
-2.546925789177170163e-01
1.000000000000000000e+00
-3.228765603366030579e-01
-7.393859564144511509e-01
-7.257273188664647989e-01
-1.203951117863661935e-01
-5.189177373720192943e-01
1.000000000000000000e+00
2.219638395977224093e-02
-1.000000000000000000e+00
1.000000000000000000e+00
-9.416586652727249040e-02
1.000000000000000000e+00
1.069379263539260716e-01
1.362169143136938709e-01
1.000000000000000000e+00
1.000000000000000000e+00
-6.065955391937525309e-01
-6.342929156013594749e-01
-1.000000000000000000e+00
-4.476826742131408965e-01
-5.168614145039146512e-01
-5.854780018381287032e-01
4.983884178843959178e-01
-6.555466864631034341e-01
-9.263155192773993019e-01
9.851181779222424328e-01
4.761233678701310978e-01
-7.445882342323415504e-01
-1.000000000000000000e+00
-2.835292577403927261e-01
9.457183824350727797e-01
-1.000000000000000000e+00
8.483276101857084583e-02
-5.131868260549810046e-01
-8.157066837241171431e-01
-1.000000000000000000e+00
2.746984921454298512e-01
8.265409360516129400e-02
2.699542250538342625e-01
9.816470170239455229e-03
1.000000000000000000e+00
-8.775237995290683379e-01
3.688114560130872910e-02
-1.000000000000000000e+00
1.000000000000000000e+00
5.189350831130884467e-01
-1.000000000000000000e+00
-1.000000000000000000e+00
1.000000000000000000e+00
-1.000000000000000000e+00
-7.174491972291292541e-01
1.000000000000000000e+00
-6.816902096605021999e-01
1.000000000000000000e+00
8.570587067260033720e-01
-7.411477962556589638e-02
7.134827045700282699e-01
-1.000000000000000000e+00
-9.099909625295508064e-01
1.061389502472120938e-02
-2.310360154106675945e-01
2.298902263855547579e-01
-1.000000000000000000e+00
3.183748458409382254e-01
-1.000000000000000000e+00
1.000000000000000000e+00
4.082590489629228658e-02
-1.000000000000000000e+00
1.000000000000000000e+00
-6.237531194383822974e-01
6.080354323599704847e-01
-1.000000000000000000e+00
4.769166668557650590e-01
-1.000000000000000000e+00
-3.779216284432098671e-01
1.791807752106433504e-02
-1.000000000000000000e+00
7.455294084897194917e-01
-1.000000000000000000e+00
-2.373818247108794854e-01
-2.274575423431894339e-01
-1.050691248475792428e-01
1.000000000000000000e+00
-3.250868793042208105e-01
-5.843538970583372905e-02
-7.746001454861677349e-01
-1.000000000000000000e+00
1.466245296260255682e-01
1.000000000000000000e+00
-6.363595587276385523e-02
9.213704134648172950e-01
-6.976235348975692308e-01
4.525129130100520314e-01
3.366102634839741592e-01
1.000000000000000000e+00
8.009776644468227236e-01
3.578192668802504528e-01
-7.088495918981418953e-02
8.152297802926555814e-02
-1.302451649361636710e-01
5.121267858338618417e-01
6.688485116030722377e-01
1.000000000000000000e+00
-5.757930450829966684e-01
-2.152003084551836753e-01
-1.000000000000000000e+00
1.000000000000000000e+00
4.674170989596266867e-01
6.966515198054349378e-01
-1.000000000000000000e+00
-5.925362525175223993e-01
1.000000000000000000e+00
-2.172690141585833512e-01
-5.205395578586504701e-01
-7.304679155198008367e-01
-2.854545889505645251e-01
-1.000000000000000000e+00
-1.000000000000000000e+00
2.597441736502940079e-01
-4.285251235695957117e-01
1.074883468492138228e-01
6.239389982661114331e-02
-5.908276501011657800e-01
-6.282076807750578418e-01
-1.716643829023567491e-02
-1.882296750791978557e-01
6.284301567230597962e-01
3.942960739712235707e-01
3.577643987118219737e-01
-7.978539277849578948e-01
-9.439384602331256646e-01
-8.433213335950558998e-01
4.803260344919280111e-01
-1.223378824016869704e-01
-1.000000000000000000e+00
9.312281677073153130e-01
1.000000000000000000e+00
-1.000000000000000000e+00
-4.122735582809808341e-01
8.451245549266441781e-01
4.155434442507743853e-02
-9.222642137888206193e-01
-1.494382846367237061e-02
-5.228460329976423182e-01
-1.674858791095369392e-01
1.000000000000000000e+00
1.000000000000000000e+00
1.000000000000000000e+00
2.352407682265489908e-01
6.011823604764445772e-01
5.943811675368795289e-01
4.131370909097997757e-01
-4.028239702785323395e-01
-6.646189137215050002e-02
1.644426418596034445e-02
-5.156111170216703954e-02
1.000000000000000000e+00
4.424587041584717717e-01
-5.486455898927860009e-01
1.000000000000000000e+00
6.974675341293217201e-01
-1.000000000000000000e+00
6.048158661911715583e-01
1.217272140856406892e-02
7.149873761262595107e-01
3.570620454744899419e-01
5.341318770132953420e-01
1.000000000000000000e+00
-8.402355427945797928e-01
-1.000000000000000000e+00
8.858007231402544868e-01
2.206768855784519423e-01
-1.000000000000000000e+00
