1.000000000000000000e+00
1.000000000000000000e+00
-7.515739266688157283e-01
4.932151683884412052e-01
-5.483662355290784829e-01
7.354704038944671618e-01
1.000000000000000000e+00
-3.096831123771379701e-01
-1.000000000000000000e+00
-4.507295346887487675e-01
-8.931022525501216558e-01
-1.000000000000000000e+00
2.178601738439445157e-02
1.000000000000000000e+00
1.000000000000000000e+00
1.132303662252767129e-01
-4.295580267940938834e-01
-6.329892686857205852e-01
8.669048658211345737e-01
1.000000000000000000e+00
3.640187929921154808e-01
-1.000000000000000000e+00
-6.384550954206307249e-01
9.133954412446763094e-01
6.680735277947993378e-01
-1.169604893932623124e-01
1.000000000000000000e+00
-7.320658646628309674e-01
-1.208430420600992150e-01
-3.745593853139146390e-01
-1.000000000000000000e+00
-3.200597975889895586e-01
-3.900086197535348465e-01
-1.000000000000000000e+00
-1.000000000000000000e+00
5.674221298368999911e-01
-2.604699859381066629e-01
-1.000000000000000000e+00
7.342280711083160050e-02
1.000000000000000000e+00
6.118501242862186551e-01
-1.000000000000000000e+00
-8.223373541958924893e-01
1.335251697922074654e-01
-6.115749459731745219e-02
7.720066641331727597e-01
9.280417970255789850e-01
4.398607496307027631e-01
5.151968997236346937e-01
8.117496931168939334e-01
9.957212051097819039e-02
-3.599568348314610144e-01
4.558808253563526591e-01
1.000000000000000000e+00
-7.229923808937610552e-01
-6.541059563620070794e-01
-1.000000000000000000e+00
-4.579525575210834365e-01
-1.000000000000000000e+00
-7.409408236698854511e-01
1.561834429570432281e-01
-1.000000000000000000e+00
1.000000000000000000e+00
1.000000000000000000e+00
1.000000000000000000e+00
1.000000000000000000e+00
-1.000000000000000000e+00
1.340412579805563276e-01
1.000000000000000000e+00
3.478700212973956374e-01
5.888260860775843542e-01
-8.400399930248086955e-01
-3.026392305930146742e-01
-1.000000000000000000e+00
-4.810034931543710202e-01
-9.157240295152165033e-02
-4.164726121579807039e-01
-1.000000000000000000e+00
-5.405206979320354987e-01
-1.000000000000000000e+00
-5.427753604733405179e-01
-9.137975358346113186e-01
-1.000000000000000000e+00
1.000000000000000000e+00
-2.702101038387130227e-01
-1.000000000000000000e+00
-2.042314491432172252e-01
-1.068530934648808106e-01
1.000000000000000000e+00
6.407246217536237687e-01
1.000000000000000000e+00
5.438443643574967234e-01
-3.187116999837559250e-01
1.000000000000000000e+00
-1.000000000000000000e+00
8.819960424166946034e-01
6.977919282900066911e-01
-1.000000000000000000e+00
5.470455374152018990e-01
1.635897326072374147e-01
-1.000000000000000000e+00
1.000000000000000000e+00
1.000000000000000000e+00
-2.681182246460673824e-01
1.000000000000000000e+00
1.000000000000000000e+00
-1.038078825890108581e-01
-1.329921379175531548e-01
1.000000000000000000e+00
2.416455318071845659e-01
-1.000000000000000000e+00
4.562200605758731653e-01
-3.251048550790992531e-01
4.056441170263848095e-01
1.000000000000000000e+00
4.461353029970900330e-01
4.500236488947383373e-01
-1.000000000000000000e+00
4.121643720138945532e-02
7.869831518607637300e-01
-8.629528504933410282e-01
-1.000000000000000000e+00
9.245302200977454365e-01
4.802220117695195634e-01
1.000000000000000000e+00
-2.704338618093580227e-01
1.000000000000000000e+00
6.456059325923690917e-03
-1.000000000000000000e+00
1.000000000000000000e+00
1.000000000000000000e+00
1.553664110190833281e-01
1.000000000000000000e+00
-1.000000000000000000e+00
4.461216951361539618e-01
-6.594851843054616580e-01
4.993750195701341932e-01
8.522729223282478062e-01
9.665262394359701581e-01
1.000000000000000000e+00
-1.000000000000000000e+00
1.000000000000000000e+00
-1.000000000000000000e+00
2.769483679670243781e-01
-4.998674191253412724e-01
1.000000000000000000e+00
-5.136674328278296731e-01
-5.174966816602546427e-01
6.364213958116802239e-01
2.976170120246667272e-01
-1.000000000000000000e+00
-1.000000000000000000e+00
3.989081402555036959e-01
1.000000000000000000e+00
8.106056180463157013e-01
1.000000000000000000e+00
6.457648117631857865e-01
4.773667967214034746e-01
1.000000000000000000e+00
-1.000000000000000000e+00
2.355774826655527843e-01
3.443713554898488738e-01
1.000000000000000000e+00
1.000000000000000000e+00
-7.911641079070957927e-01
-1.000000000000000000e+00
1.000000000000000000e+00
1.000000000000000000e+00
1.769384144184256158e-01
-5.815417720232103349e-01
-1.000000000000000000e+00
-3.126505775341249516e-01
-1.575289352185487157e-01
-8.281526387282450719e-01
-4.985497776181886387e-01
1.000000000000000000e+00
-1.000000000000000000e+00
1.000000000000000000e+00
-1.000000000000000000e+00
-1.000000000000000000e+00
7.325113708526471701e-01
4.597129381194275943e-02
-5.062004977833161057e-01
1.000000000000000000e+00
9.321876328507541221e-01
1.877595430229004325e-01
-6.656133275794535731e-01
1.656858183766037884e-01
-1.000000000000000000e+00
-1.000000000000000000e+00
-7.497556858285336912e-02
8.170001182906225790e-01
-1.301540514949154903e-01
1.000000000000000000e+00
1.000000000000000000e+00
1.000000000000000000e+00
7.328711996277552654e-01
-1.506157032132393603e-01
-1.000000000000000000e+00
-1.332497294204919580e-01
8.038031634170262896e-01
9.724547874295252914e-02
8.920594216077543104e-02
-2.852432813914989040e-01
-1.479067661638054365e-01
1.000000000000000000e+00
-3.348757257293349943e-01
-4.789782677137677247e-02
7.258011889570874509e-01
3.830683476153506906e-01
-2.488046433039163841e-01
-1.000000000000000000e+00
9.179745675012582762e-01
-1.970314081426224329e-01
9.537849299725065233e-01
-5.197051449559313419e-01
-5.197958363513812685e-01
7.190795058820871333e-01
-5.619540937066783703e-01
-5.054497725573205980e-01
-5.503479772579988882e-01
-5.122957440048681033e-01
-4.421507265794903940e-01
-1.581523360291365865e-01
1.000000000000000000e+00
-6.530912362911945879e-01
1.000000000000000000e+00
-1.000000000000000000e+00
1.000000000000000000e+00
-6.254511362575372324e-01
-1.000000000000000000e+00
-1.000000000000000000e+00
9.245421899886081540e-01
1.000000000000000000e+00
-1.000000000000000000e+00
2.827483781312379318e-01
1.000000000000000000e+00
1.688306272570455902e-01
-4.026675351810000691e-01
1.000000000000000000e+00
-1.932874016998336053e-01
4.879823956062590007e-02
1.000000000000000000e+00
7.971872730503068993e-01
9.672272640048995562e-03
-6.523169727536761719e-01
8.000748287431469485e-02
9.278354631207592629e-01
1.000000000000000000e+00
9.967488043504737494e-01
-2.935749906330016312e-01
-7.447644108679130071e-01
-3.440800241624794586e-01
1.000000000000000000e+00
-6.045179948666157266e-01
-1.000000000000000000e+00
1.000000000000000000e+00
4.687842905329698828e-01
4.723031826733329330e-01
1.000000000000000000e+00
6.264157567543771066e-02
2.608698490212678633e-01
3.573358892066454962e-01
9.586487439989377357e-02
1.000000000000000000e+00
