-5.644139480521037644e-02
-7.641872161062727153e-01
-1.000000000000000000e+00
1.000000000000000000e+00
-1.000000000000000000e+00
-3.759547170103175184e-02
2.691160562966281589e-01
-1.000000000000000000e+00
-8.193467884194569617e-01
2.843726870988277367e-01
-4.215509696864221389e-01
-3.175650034125314658e-01
-9.307715675747149087e-01
-1.000000000000000000e+00
1.000000000000000000e+00
-1.000000000000000000e+00
9.859636558481180701e-01
2.578136313935976975e-01
7.850749792813404015e-01
-5.401261664479758418e-01
-8.322693401571525929e-01
-3.770619167346440093e-01
4.480413895591971452e-01
8.599485180201367207e-01
1.000000000000000000e+00
-7.853606864190965098e-01
-1.000000000000000000e+00
-1.705520560857787249e-01
-1.000000000000000000e+00
-1.000000000000000000e+00
1.000000000000000000e+00
-9.497665401620360992e-01
-2.197050514245829644e-02
-1.000000000000000000e+00
2.448881445855342065e-01
-8.071613414621414684e-01
-7.961690833807137935e-01
-1.000000000000000000e+00
1.000000000000000000e+00
-2.999731704549930544e-01
-3.248556090737420021e-01
9.538588452276439700e-01
-2.763865120110352569e-01
1.000000000000000000e+00
-1.000000000000000000e+00
8.128603985300847379e-01
-1.000000000000000000e+00
4.032785680317017007e-01
2.724739657444054108e-01
-2.776240111216378703e-01
1.000000000000000000e+00
8.942424849388785901e-02
1.000000000000000000e+00
3.714579562729794504e-01
1.000000000000000000e+00
1.000000000000000000e+00
9.116010677356254366e-01
-4.024781991637957912e-01
1.000000000000000000e+00
-1.087830784364311604e-01
-4.617554638746259599e-01
-3.509457862886209423e-01
-4.776289844633384019e-01
4.414095571388940709e-01
6.220736349620408223e-01
-2.797919574370417717e-01
1.000000000000000000e+00
-8.196870611730651124e-01
-2.466427776389616411e-01
-1.876102267024601922e-01
4.264570749729985621e-01
1.000000000000000000e+00
-4.168673154709513495e-01
1.000000000000000000e+00
-1.000000000000000000e+00
5.602862114204842925e-01
-1.000000000000000000e+00
1.000000000000000000e+00
-1.000000000000000000e+00
1.408405448225281131e-01
-1.859625317048617110e-01
-1.000000000000000000e+00
-1.000000000000000000e+00
7.533024136446351271e-01
1.466430135632234011e-01
1.000000000000000000e+00
1.000000000000000000e+00
-1.000000000000000000e+00
-1.375446145553104738e-01
1.000000000000000000e+00
2.497407495337089500e-02
-8.099751785122594194e-01
3.520992339908475266e-01
3.913278471117396240e-01
-4.609348114830904564e-01
-1.000000000000000000e+00
-1.000000000000000000e+00
-6.522069962368395313e-01
-5.177067239593879933e-01
1.000000000000000000e+00
-2.338847727244983132e-01
6.905284212872091487e-01
-4.499337898297866012e-01
-6.319292601869654913e-01
2.008669393445265960e-01
-3.809151121913747495e-01
1.000000000000000000e+00
4.473844845231639278e-01
-3.179038795792563654e-01
1.000000000000000000e+00
-6.316846899832581075e-01
-1.000000000000000000e+00
6.819583879892844314e-01
1.000000000000000000e+00
-9.751658210876379407e-02
1.000000000000000000e+00
1.000000000000000000e+00
1.000000000000000000e+00
-2.600645493907194905e-01
1.000000000000000000e+00
-3.795602971514926427e-01
-1.000000000000000000e+00
-1.000000000000000000e+00
-3.733030304660152621e-01
1.000000000000000000e+00
2.618257709166134095e-01
-1.000000000000000000e+00
-1.074382140934100338e-01
-1.000000000000000000e+00
-3.533818693267600786e-01
-1.000000000000000000e+00
7.344810510485848543e-01
7.118511225573638246e-01
-1.000000000000000000e+00
7.057131451513971587e-01
3.017276583176118354e-01
5.648983178050014375e-01
-1.000000000000000000e+00
1.000000000000000000e+00
2.753235906293374780e-01
-1.000000000000000000e+00
1.000000000000000000e+00
9.676270844889112155e-02
1.000000000000000000e+00
-1.000000000000000000e+00
-1.000000000000000000e+00
6.666944197375404002e-01
-1.000000000000000000e+00
8.685370160286651764e-01
3.300593945385852379e-01
1.748890732915731050e-01
-2.703979535577976101e-01
9.185186926211807990e-02
-1.000000000000000000e+00
-5.895858830168410059e-01
-2.706416123689273645e-01
4.003097448254388513e-01
2.270459732192987579e-01
6.541586917649738764e-01
1.000000000000000000e+00
-7.476446761528376950e-02
-1.000000000000000000e+00
-6.732428252388393819e-01
2.738274056007312662e-01
-1.227407858891130521e-01
1.000324710826197561e-01
7.987890284988328204e-01
-1.000000000000000000e+00
-1.000000000000000000e+00
-1.000000000000000000e+00
3.978123566932538768e-01
-1.000000000000000000e+00
3.045134312961073064e-01
-1.000000000000000000e+00
8.701862104000341880e-01
-6.424755580072585293e-01
-1.000000000000000000e+00
-1.000000000000000000e+00
-1.000000000000000000e+00
-8.910217526534003341e-01
2.353157330768783084e-01
1.365321772136585676e-01
7.411458283463907559e-01
-4.087900282592374923e-01
1.000000000000000000e+00
-5.373474168183980382e-01
1.000000000000000000e+00
1.410989367004374939e-01
5.072253790712784038e-01
4.108194086433564207e-02
1.000000000000000000e+00
6.772807446648616558e-01
1.000000000000000000e+00
1.000000000000000000e+00
-4.123234604567468375e-01
4.226188505204917512e-01
8.160559632167064814e-01
-6.015351880910234650e-01
5.078120470039899637e-01
6.231530411128509694e-01
3.614395478781174953e-01
1.000000000000000000e+00
1.000000000000000000e+00
-2.982500756177255408e-01
7.630571562122305806e-01
-9.353662692441244708e-01
1.000000000000000000e+00
-1.000000000000000000e+00
1.000000000000000000e+00
5.192302858818544919e-01
-1.000000000000000000e+00
-8.888280538059523117e-01
-9.329787096389706713e-01
8.816907170898992119e-01
1.000000000000000000e+00
-4.532765160798571946e-01
-4.212553392458724399e-01
-1.000000000000000000e+00
-1.000000000000000000e+00
1.000000000000000000e+00
-1.000000000000000000e+00
-1.000000000000000000e+00
-2.017334626011537679e-01
-1.000000000000000000e+00
-1.000000000000000000e+00
1.621316354764374967e-01
6.640233185708014352e-01
-1.000000000000000000e+00
1.000000000000000000e+00
7.370590488587660527e-01
1.000000000000000000e+00
-1.000000000000000000e+00
-1.000000000000000000e+00
-1.000000000000000000e+00
-8.402286247426837829e-01
-1.000000000000000000e+00
-1.000000000000000000e+00
1.000000000000000000e+00
1.000000000000000000e+00
3.786333049614962754e-01
1.000000000000000000e+00
-8.814406281701756551e-01
-1.000000000000000000e+00
-1.000000000000000000e+00
5.495418887506402505e-01
9.652371002917031761e-02
1.000000000000000000e+00
1.000000000000000000e+00
1.000000000000000000e+00
-1.000000000000000000e+00
-1.000000000000000000e+00
-1.000000000000000000e+00
1.000000000000000000e+00
1.000000000000000000e+00
3.189917171281628216e-01
1.000000000000000000e+00
-1.503691408302503252e-01
1.000000000000000000e+00
6.890450476082377040e-01
1.000000000000000000e+00
-1.000000000000000000e+00
-6.598906459845104155e-01
-5.223928988485840308e-02
-4.439040685873997250e-01
2.013413443088093446e-01
