5.234571386418362948e-02
4.179657253852851473e-01
6.478274950849318703e-01
-9.650034927754593816e-01
1.000000000000000000e+00
1.000000000000000000e+00
-7.337357404374180714e-01
6.901173742711126380e-01
1.000000000000000000e+00
1.000000000000000000e+00
-9.942161624274467036e-01
6.443522206782814621e-01
-1.000000000000000000e+00
1.000000000000000000e+00
-1.000000000000000000e+00
1.000000000000000000e+00
9.124473286022884988e-01
5.606777547445600529e-01
9.100480985515790877e-01
1.450803707877775239e-01
1.000000000000000000e+00
1.734621068714382597e-01
-1.000000000000000000e+00
1.000000000000000000e+00
1.000000000000000000e+00
8.130188551150482335e-01
-5.327234899335416829e-01
1.000000000000000000e+00
-2.761804774305144372e-01
9.890632778925192437e-01
-1.000000000000000000e+00
-9.215479642240257396e-01
-1.000000000000000000e+00
-3.453086719620653833e-01
-4.049382086425802330e-01
6.632227377518556954e-02
1.000000000000000000e+00
-1.459232828273281379e-01
-1.000000000000000000e+00
1.000000000000000000e+00
9.619863351264943407e-01
-1.000000000000000000e+00
-5.439841446713487016e-01
-1.000000000000000000e+00
1.342289551371762812e-01
1.000000000000000000e+00
7.089377007593786750e-01
1.000000000000000000e+00
-9.778155188498264261e-01
5.362078564785297541e-01
-4.705649577489978697e-02
6.040259483063825652e-02
-1.000000000000000000e+00
6.674561047205723741e-01
-1.000000000000000000e+00
4.211571605306646537e-01
-1.000000000000000000e+00
-3.306444057310176099e-03
1.000000000000000000e+00
1.000000000000000000e+00
6.585117999939240629e-01
-3.064920595860918251e-01
6.253836587834483707e-01
1.000000000000000000e+00
-2.857067135216351250e-01
-5.193897617242049236e-01
7.945949858916088182e-01
-1.000000000000000000e+00
-2.556817280077060550e-01
1.000000000000000000e+00
3.573829238136533304e-01
-8.926123086045744115e-01
6.617385154079091780e-02
8.624069967970878769e-01
-9.533163589612081434e-02
-8.943435710521794313e-01
-4.263166533832251082e-01
1.000000000000000000e+00
7.266999307822589182e-01
-6.356065741140364267e-01
2.387299137478758881e-01
-1.000000000000000000e+00
-6.732539388851588313e-02
1.396800340683147512e-01
-1.000000000000000000e+00
1.000000000000000000e+00
-9.160270394237659541e-01
1.000000000000000000e+00
-5.559000205692472552e-01
-1.000000000000000000e+00
1.000000000000000000e+00
-3.013184276955974683e-01
-1.000000000000000000e+00
-1.000000000000000000e+00
-2.069529773236311598e-02
1.000000000000000000e+00
-1.717566680791224876e-01
-1.000000000000000000e+00
5.029443637374948484e-01
1.490447076155962947e-01
1.000000000000000000e+00
1.000000000000000000e+00
-1.000000000000000000e+00
1.000000000000000000e+00
1.000000000000000000e+00
-1.000000000000000000e+00
-3.590871193703936148e-01
-1.000000000000000000e+00
-4.510252933919329799e-01
-3.917018722127049712e-01
-1.000000000000000000e+00
1.000000000000000000e+00
-1.871025986671193131e-02
1.000000000000000000e+00
-2.948325396875036697e-01
-7.386647606675085243e-01
4.631180146756505023e-01
4.287031327191879182e-01
-8.996232523962144345e-02
1.000000000000000000e+00
2.435274452800517686e-01
1.000000000000000000e+00
-8.850534923460728898e-02
-3.721022747242209716e-01
3.970182000236860409e-01
9.067620052917521045e-01
1.000000000000000000e+00
-6.433515802088229929e-01
7.200072923179132722e-01
1.108704269961958144e-01
-5.027359580223107471e-01
-5.083896747064758914e-01
8.406479936874768910e-01
1.000000000000000000e+00
-1.000000000000000000e+00
2.196560945271570642e-01
1.000000000000000000e+00
-4.191503038601822606e-01
1.910813342582884378e-01
-3.997197159375941444e-01
-8.639451273488119032e-01
2.975939414159388674e-01
3.210314830167614319e-01
1.000000000000000000e+00
3.128642022445485282e-01
3.826169781863928421e-01
-1.000000000000000000e+00
-6.027458074937768195e-01
3.060158973521517334e-01
9.911594254239276536e-01
-1.000000000000000000e+00
-1.000000000000000000e+00
1.000000000000000000e+00
1.000000000000000000e+00
4.857922472418552129e-01
-1.000000000000000000e+00
4.863070466149188587e-01
8.568420822527285097e-01
-1.590547426237949313e-01
-3.556776964001511221e-01
1.000000000000000000e+00
1.000000000000000000e+00
1.000000000000000000e+00
5.186236883243248164e-01
1.972787074224743864e-01
1.000000000000000000e+00
-1.000000000000000000e+00
-3.789054446112465335e-01
-2.557398539830807449e-01
-1.000000000000000000e+00
9.481196268552517514e-01
5.739204247788127350e-02
-1.000000000000000000e+00
-1.000000000000000000e+00
-7.507409797166675336e-01
-4.399253735094041939e-01
6.431977022978502267e-01
-1.000000000000000000e+00
1.000000000000000000e+00
1.781651341566097280e-01
1.000000000000000000e+00
-1.000000000000000000e+00
1.000000000000000000e+00
-4.053284491233101194e-01
-8.268994248934462554e-01
-6.071317977573832403e-01
1.000000000000000000e+00
-5.138308019511277358e-01
-1.000000000000000000e+00
-1.000000000000000000e+00
1.000000000000000000e+00
-1.000000000000000000e+00
-9.172815395007541950e-01
1.000000000000000000e+00
1.000000000000000000e+00
-4.803328697300639494e-01
5.718900217807209030e-01
2.330512825381290121e-01
6.617288519018938997e-01
-4.291661949218611438e-01
2.189186929712511054e-01
4.398424167725212275e-02
-6.884661746214150169e-01
7.813395016047806063e-01
-1.000000000000000000e+00
-9.343028547074070378e-01
1.000000000000000000e+00
-6.594211214017922096e-01
1.896806570796223390e-01
-1.000000000000000000e+00
-6.305252920702189012e-01
3.578927727787518664e-01
-5.991330275084694179e-02
-1.343639123662188073e-02
-8.974474717140057400e-01
-1.000000000000000000e+00
-8.465657577826739555e-01
6.499073758770645970e-01
5.119521392934747173e-01
-2.197375811102445509e-01
-1.687166072553852869e-01
1.000000000000000000e+00
1.000000000000000000e+00
2.576747034626181154e-02
-6.599973471301439076e-01
3.714525133878963659e-01
3.107402766561324636e-01
6.494924625435734011e-01
1.000000000000000000e+00
-5.380518963319247394e-01
1.000000000000000000e+00
6.766413982543861838e-01
9.671365915204680475e-01
-4.230455400095400886e-02
-6.397208257727382552e-03
1.000000000000000000e+00
-1.000000000000000000e+00
-1.000000000000000000e+00
-9.560143497033424254e-01
-1.000000000000000000e+00
5.279062808082137792e-01
-2.590879448184361111e-01
-2.784836465409810669e-01
-6.944720226602365543e-01
1.000000000000000000e+00
5.137845181215241475e-01
-4.674665487428411037e-01
-1.000000000000000000e+00
1.000000000000000000e+00
-9.657173913643359864e-01
-6.245306264844183719e-01
-8.276975686178666969e-02
1.000000000000000000e+00
1.000000000000000000e+00
1.000000000000000000e+00
-3.191729939779855973e-01
-6.817954260404189837e-01
-8.925294700314401197e-02
-1.000000000000000000e+00
-1.000000000000000000e+00
-1.000000000000000000e+00
-3.274022916173521258e-01
-1.000000000000000000e+00
1.000000000000000000e+00
-1.000000000000000000e+00
