-1.000000000000000000e+00
-1.000000000000000000e+00
-1.000000000000000000e+00
-1.000000000000000000e+00
3.380110973920984474e-01
1.000000000000000000e+00
-1.000000000000000000e+00
-2.178951371146431448e-03
-6.147980565469965963e-01
-5.633512156802900073e-01
-7.281957755951973255e-03
1.000000000000000000e+00
1.000000000000000000e+00
3.535112417755289504e-01
-1.618497709660708939e-01
-3.722407047184530526e-01
2.980587291642312064e-01
1.000000000000000000e+00
3.283727706898891818e-01
4.196233496647953087e-01
-2.475623992261228867e-01
-8.404897032030955728e-03
8.277649338906289955e-03
-1.000000000000000000e+00
1.000000000000000000e+00
9.172895948638446484e-01
6.214772053790035278e-01
7.705145309248639940e-01
-1.000000000000000000e+00
7.740763989559777958e-01
-3.966061414587476186e-01
1.000000000000000000e+00
5.534386529960491075e-01
1.000000000000000000e+00
-1.000000000000000000e+00
1.000000000000000000e+00
-1.000000000000000000e+00
-8.608736542761977750e-01
5.220253812823656414e-01
1.000000000000000000e+00
-6.990538644682338099e-01
-1.000000000000000000e+00
6.417408759291906017e-01
1.000000000000000000e+00
-8.657117750542625556e-02
6.624153479348635631e-01
-1.000000000000000000e+00
-1.000000000000000000e+00
-1.000000000000000000e+00
-8.429380203618529466e-01
1.105899764590817513e-02
6.803748648328125093e-01
7.778094760178546618e-01
-1.000000000000000000e+00
-1.000000000000000000e+00
-4.913920150821409205e-01
1.000000000000000000e+00
1.000000000000000000e+00
-2.926031709777951462e-01
1.000000000000000000e+00
1.000000000000000000e+00
3.829507196808834557e-02
-1.000000000000000000e+00
9.901064335764250268e-01
-3.272845509816573184e-01
1.000000000000000000e+00
5.157758825717602136e-01
-1.000000000000000000e+00
-4.889504991801991718e-01
1.000000000000000000e+00
1.000000000000000000e+00
1.922304039865605496e-01
-1.000000000000000000e+00
-1.000000000000000000e+00
-1.000000000000000000e+00
-5.126330735495442381e-01
-1.000000000000000000e+00
-1.000000000000000000e+00
1.000000000000000000e+00
9.167093771982800510e-01
1.000000000000000000e+00
-4.045685913639591735e-01
9.312562652899036841e-01
-9.565324700564010740e-01
1.000000000000000000e+00
-6.488605062349948049e-01
-7.298344929967398587e-01
1.000000000000000000e+00
4.157128055140667522e-01
-8.903724014033166378e-01
8.173911640724784711e-01
6.983840783616453995e-01
-1.000000000000000000e+00
9.186408388969189431e-01
-1.000000000000000000e+00
-4.581817582393330479e-01
3.857420747697590802e-01
3.707011039436207134e-01
1.000000000000000000e+00
-1.000000000000000000e+00
-4.268888842787768034e-01
1.000000000000000000e+00
-1.000000000000000000e+00
6.872715394152058010e-01
8.983843711883230387e-01
1.000000000000000000e+00
6.054887541851452504e-01
-1.000000000000000000e+00
1.832523482188788133e-01
1.000000000000000000e+00
5.978170047752248140e-01
-4.854027360107018296e-01
6.030591374180584996e-01
1.000000000000000000e+00
-5.826190865596241331e-01
9.148266324630403012e-01
-1.000000000000000000e+00
3.112182907445069091e-01
1.000000000000000000e+00
-4.844142699257351081e-01
-1.000000000000000000e+00
5.835122503498046953e-03
1.000000000000000000e+00
-1.000000000000000000e+00
2.361025318219825975e-01
5.889806493562477208e-01
1.086031905675035603e-01
-6.314688011243796417e-03
-1.000000000000000000e+00
-1.000000000000000000e+00
-6.279085732052847035e-02
-6.409361403163459370e-01
2.454483713473516460e-01
1.000000000000000000e+00
-1.000000000000000000e+00
-6.979508141739703131e-01
-1.000000000000000000e+00
-3.125183600240810100e-01
3.710929051298541559e-01
-5.476947201811788180e-01
6.060966384946644414e-01
-1.000000000000000000e+00
1.000000000000000000e+00
1.000000000000000000e+00
9.730760183724145307e-01
6.926187480133616514e-01
-6.679063937017557517e-01
-1.000000000000000000e+00
1.000000000000000000e+00
-1.000000000000000000e+00
4.454029342914317957e-01
-1.000000000000000000e+00
-3.197730603307744612e-01
-1.000000000000000000e+00
-6.968841169379005329e-01
1.000000000000000000e+00
-1.000000000000000000e+00
1.000000000000000000e+00
5.076447704303477249e-02
-6.685023390392099696e-01
-5.734942631709479821e-01
1.000000000000000000e+00
7.047260558354560001e-01
-1.000000000000000000e+00
-1.000000000000000000e+00
1.000000000000000000e+00
-1.000000000000000000e+00
1.000000000000000000e+00
-8.752269052085761558e-01
-4.512277957987972377e-01
-6.282272549802042638e-01
-4.571800334391913356e-01
3.358108060746606283e-01
6.674060299905615334e-02
1.000000000000000000e+00
-6.323367436959874688e-01
-1.219756651049542784e-01
1.000000000000000000e+00
1.000000000000000000e+00
1.000000000000000000e+00
1.000000000000000000e+00
9.506932292675763785e-01
-1.000000000000000000e+00
3.862478360388799103e-01
7.904052886671242284e-01
-9.431400528926775495e-01
-1.000000000000000000e+00
1.000000000000000000e+00
6.682321194954384813e-01
4.895038795357259942e-01
-1.000000000000000000e+00
1.933857407830275044e-02
1.000000000000000000e+00
-5.638908851085869811e-01
-1.000000000000000000e+00
-1.000000000000000000e+00
7.593075604482234509e-01
-4.912787942723663148e-01
1.000000000000000000e+00
5.398611919476259402e-02
-2.734865008307574286e-02
7.028120998722597879e-02
-3.100118651065053577e-02
1.000000000000000000e+00
1.000000000000000000e+00
-1.000000000000000000e+00
-1.608002743871440876e-02
1.000000000000000000e+00
-1.000000000000000000e+00
-5.474913545853651309e-01
-1.000000000000000000e+00
-1.000000000000000000e+00
2.053940636056670321e-01
1.000000000000000000e+00
-1.000000000000000000e+00
-2.940164496241832737e-01
-1.637773676883469420e-01
7.145545860860325060e-01
-6.902917251480744643e-01
-1.000000000000000000e+00
1.000000000000000000e+00
1.000000000000000000e+00
1.000000000000000000e+00
2.669311365186018969e-01
-3.370047280225385578e-03
-1.000000000000000000e+00
-7.250705783611346433e-01
1.000000000000000000e+00
-4.580968477574993702e-01
-5.908403166432099063e-01
-1.000000000000000000e+00
-1.000000000000000000e+00
1.000000000000000000e+00
-7.314962563230054116e-02
-3.540487511067487159e-01
-6.068843790471012412e-01
5.448556355720495237e-01
-1.000000000000000000e+00
2.397444017930604465e-01
-1.000000000000000000e+00
1.000000000000000000e+00
-8.669821602564660445e-02
-1.000000000000000000e+00
-3.474585271727252955e-01
-2.530492469988310233e-01
-1.000000000000000000e+00
2.030258729037112131e-01
-8.422618459009938441e-01
8.365182949317238048e-01
9.906496771279513780e-01
1.614210112627767479e-01
1.000000000000000000e+00
-1.000000000000000000e+00
3.403721121664568527e-01
-3.197852552371296397e-01
-7.956869070359311458e-01
4.285937398479566229e-01
-7.581553785799322043e-01
1.000000000000000000e+00
-2.405175999471939052e-01
6.620085525061580878e-01
-1.000000000000000000e+00
1.122263529214129196e-01
-1.000000000000000000e+00
5.432228868276307576e-01
