-6.428243968471452074e-01
-8.991624424407756999e-01
1.000000000000000000e+00
1.000000000000000000e+00
-7.983327238375768076e-01
3.564747408641786297e-01
1.192994192821139610e-02
-1.000000000000000000e+00
-7.284781791930312611e-01
-1.000000000000000000e+00
-6.180397969845108364e-01
-5.246521957679508574e-01
-4.154712985428087868e-01
4.557769819468464600e-01
5.651446073193716613e-01
-3.881451603132379802e-02
-1.780543779112830904e-01
-1.481855259054289942e-01
3.581014606929833199e-02
3.869216684269743411e-01
-1.000000000000000000e+00
-3.789225000602592930e-01
-1.000000000000000000e+00
-8.488053694903558988e-01
-4.181097747399811215e-01
5.109274641151890783e-01
-1.000000000000000000e+00
5.292818062247724997e-01
6.339239074185190059e-01
1.678040799174921327e-01
2.649280300800915811e-01
2.275087038813491391e-01
-1.113542285924855602e-01
2.408190444500850347e-01
2.919534525058756769e-01
3.145845729540170943e-01
-3.475161331121283670e-01
2.509675459406934817e-01
-1.535225308788359389e-01
-1.000000000000000000e+00
-1.432775165893351299e-01
-4.599799242359094986e-01
-1.000000000000000000e+00
4.251519209921025277e-01
1.000000000000000000e+00
-1.845379602307373468e-01
-1.000000000000000000e+00
8.198231103090511951e-01
-7.423676850791603998e-01
-9.263680832107996643e-01
8.979486874504744032e-01
1.000000000000000000e+00
9.673740278007729732e-01
-5.562728737040967264e-01
-9.791809772032096237e-01
4.849659927491272171e-01
8.790057502871768680e-01
1.000000000000000000e+00
7.796392798976270466e-01
4.610614721825653239e-01
-1.000000000000000000e+00
2.880767367286121150e-01
4.680130260356185623e-02
7.941430541530618559e-01
2.615093691882690585e-01
-4.932401102977964635e-01
7.084440449458053735e-01
-1.000000000000000000e+00
-4.322432629109874691e-01
3.857226184892887932e-01
4.386839859154346155e-01
-8.600186884107143825e-01
7.970128069132578763e-02
-2.769379678219235918e-02
1.000000000000000000e+00
-1.000000000000000000e+00
1.000000000000000000e+00
5.002190068619022378e-01
9.000755130891375799e-01
3.577738568126916929e-01
6.885225485255810352e-01
-7.209109382611998962e-01
5.513126641337762202e-01
7.756557069753875489e-01
-6.396718175892779357e-01
5.772779881334311192e-01
-1.406077445406559434e-01
4.064929684261237020e-01
1.862602633318484746e-01
1.000000000000000000e+00
1.000000000000000000e+00
-1.000000000000000000e+00
-5.441484158959088990e-01
1.000000000000000000e+00
4.364168224206742552e-01
-5.249263462236868349e-01
-5.107117300274421900e-02
5.760988965205093848e-01
1.468107301068555248e-03
3.147416077153900038e-02
8.780979461597513414e-01
5.629124902116666718e-01
-6.156374977384939662e-01
-1.000000000000000000e+00
1.000000000000000000e+00
-1.000000000000000000e+00
3.887496825406122625e-03
1.043475967958551465e-02
8.884910944007051725e-01
-8.155000103453200477e-01
7.950237397425181651e-01
-1.000000000000000000e+00
9.795091955931627403e-01
-4.363685130070844576e-01
1.330330103913316409e-01
5.148767784999432884e-01
1.000000000000000000e+00
-4.470687756148322700e-01
3.873537010812622139e-02
-9.094307051563188526e-01
7.899274690021771406e-01
1.000000000000000000e+00
3.286794129730138403e-01
1.046503600337401196e-01
8.577798600677851715e-01
-1.000000000000000000e+00
-8.821866523260952775e-01
-6.432106524786898039e-01
-6.382224401335874209e-01
9.177744788119609476e-01
1.000000000000000000e+00
1.000000000000000000e+00
-5.585804207546327671e-01
6.998038185351894702e-01
-8.191771083640619899e-02
1.186781466522252027e-02
-1.000000000000000000e+00
1.000000000000000000e+00
8.276092683084181889e-01
1.000000000000000000e+00
-2.150042917132061193e-01
7.951445291992695896e-01
5.639965046759882750e-01
-6.196553720241071428e-01
-7.840291995010240100e-01
-8.377807742516788503e-01
5.007970404581315593e-01
5.146390627467858359e-01
6.962808486014742115e-01
-1.215952021915995829e-01
8.731466473484237323e-01
-7.838815459812042974e-01
1.000000000000000000e+00
-9.129761992681050264e-01
-3.657482028804523999e-01
5.008127005061799863e-01
-3.569467333902478501e-01
1.000000000000000000e+00
-9.467299861944029615e-01
-7.065553709076195510e-01
2.549533245851223207e-01
-4.382855566084447041e-01
1.000000000000000000e+00
8.745736670000361368e-01
-1.000000000000000000e+00
-2.286938586581286348e-01
-7.867655030863196508e-01
-4.361862511234051443e-01
9.991229324369612641e-01
-1.000000000000000000e+00
-4.278513884358948749e-01
2.528811504279999123e-01
2.020610266352884654e-02
-1.018992829530882549e-01
2.497766878158136361e-02
1.000000000000000000e+00
-1.000000000000000000e+00
-8.942497404816724949e-01
-4.227924178089059737e-01
-9.903546885228028396e-01
-3.782499234976648417e-01
-6.853054829402149828e-01
-8.454611033171022250e-01
-4.835251351722773538e-01
-1.000000000000000000e+00
1.000000000000000000e+00
-7.793674300877109218e-01
-1.000000000000000000e+00
6.151375953711790689e-01
-7.921439517499148097e-01
-9.799344400242826492e-01
-6.032263818604414185e-01
-4.192608452817001563e-01
1.866792333947808746e-01
-4.561359440512091634e-01
-4.527269714727102379e-01
5.793688508905295853e-01
7.145595029994949998e-01
-6.511409480193854904e-01
4.560846219651605304e-01
-9.026763882230806058e-01
3.392191561277703160e-01
-6.982522627112579539e-01
-1.000000000000000000e+00
-9.045638762118179965e-02
1.000000000000000000e+00
6.967467711134989194e-01
9.237370909318629586e-01
-1.000000000000000000e+00
-4.918695035387599113e-02
-1.000000000000000000e+00
1.000000000000000000e+00
8.003159330762488199e-01
1.000000000000000000e+00
3.014474087323291140e-01
9.372121875267014346e-01
-9.950704608762048764e-01
-2.433808387516214200e-01
-5.085297155052133089e-01
1.000000000000000000e+00
-4.317223677674404958e-01
-9.490927801769990513e-01
1.000000000000000000e+00
8.121538087754500701e-01
2.145557642766469097e-01
-1.000000000000000000e+00
1.000000000000000000e+00
-1.000000000000000000e+00
-8.934822160018709436e-01
9.410574340517205982e-01
-1.000000000000000000e+00
3.542814126761466009e-01
1.311227928261027298e-01
9.177678729439517902e-01
-6.251113016141907064e-01
1.038492741939489594e-01
1.000000000000000000e+00
5.192977544574852722e-01
-8.340063724689694702e-01
-7.179275866758545455e-01
1.000000000000000000e+00
-5.664254964519407354e-01
-1.000000000000000000e+00
1.882214126616702510e-01
-6.708831827910963774e-01
7.046472921935930112e-01
1.000000000000000000e+00
-3.403992677403455680e-02
-4.848029851578186111e-01
1.000000000000000000e+00
-6.085623158641519925e-01
1.000000000000000000e+00
-3.248324664807699103e-01
-1.000000000000000000e+00
-6.418029782002956374e-01
-1.000000000000000000e+00
-1.052003965423755627e-01
-1.426366361081147227e-01
8.535760046220607355e-01
-1.000000000000000000e+00
-1.000000000000000000e+00
9.920970319240685065e-01
-1.000000000000000000e+00
9.798794197138418482e-01
4.526460009342328505e-01
