-8.498478339743134047e-01
-4.471804766004172094e-01
8.664541066033573102e-01
1.000000000000000000e+00
-9.641751011776242830e-01
-6.549584925944806901e-02
5.163751346491686212e-01
7.201831412622086148e-01
-9.311212741197399945e-01
-6.210907700587602331e-01
-4.951734189848435719e-01
1.164455225307061692e-01
4.216572286984603402e-01
-2.950386404084764935e-02
1.000000000000000000e+00
-8.542020169761532777e-01
7.951897979071747002e-01
1.000000000000000000e+00
1.000000000000000000e+00
-1.000000000000000000e+00
1.000000000000000000e+00
1.000000000000000000e+00
4.385663234441036229e-01
9.057221719603707477e-01
-6.009178455611401404e-01
-8.662702474985808365e-01
-9.547868518905922031e-01
-4.212080514498406369e-01
-6.664672870505701230e-01
-1.000000000000000000e+00
-7.801253119726256902e-01
1.000000000000000000e+00
1.154757178206450297e-02
6.252770708608653694e-01
-1.000000000000000000e+00
-3.225595801120544337e-01
2.249789908020316531e-01
5.946221228549661841e-01
1.000000000000000000e+00
-1.000000000000000000e+00
4.556836235723328299e-01
-2.989807399712872682e-01
1.000000000000000000e+00
-1.000000000000000000e+00
5.681639396356064076e-02
1.528127746499274853e-01
1.000000000000000000e+00
1.000000000000000000e+00
-1.000000000000000000e+00
1.469927171262885857e-02
-4.986877462357867108e-01
5.088987591425422341e-01
-9.793595193385977726e-01
8.889168094829613676e-02
4.745765720823429401e-01
-1.000000000000000000e+00
-7.175343813546652960e-01
1.000000000000000000e+00
-6.886416928175453922e-01
-9.586251651860961953e-01
-4.219163652651275465e-01
-1.000000000000000000e+00
2.812348314799507087e-01
1.000000000000000000e+00
1.000000000000000000e+00
1.000000000000000000e+00
-8.929135151997569242e-02
1.125764030974705232e-01
7.527124029850712494e-01
-1.000000000000000000e+00
-2.201264815961199162e-01
1.861264210697676225e-01
7.669962884435985728e-01
-4.231044126363377456e-01
1.000000000000000000e+00
8.099333984102415895e-01
-7.006909857543052178e-01
-1.000000000000000000e+00
1.000000000000000000e+00
-4.654716574631587722e-01
-4.822904769080480492e-01
6.294584660676005861e-02
-1.000000000000000000e+00
-1.000000000000000000e+00
9.432847803961702526e-01
5.702717639740039202e-01
9.818548500606768537e-01
-1.000000000000000000e+00
-4.821051521401036322e-01
-4.451404014861321534e-01
6.306767697079457280e-02
-1.000000000000000000e+00
9.166288612782941270e-01
-1.583141981578282120e-01
-1.000000000000000000e+00
6.053408824489800999e-01
-6.208717115604265313e-01
-1.000000000000000000e+00
-8.559969102716709077e-01
8.306970288107022871e-01
1.000000000000000000e+00
1.918149341467365598e-01
-8.449527364050601896e-01
-3.608207486979710943e-01
-1.000000000000000000e+00
8.957604576575088906e-01
1.000000000000000000e+00
1.000000000000000000e+00
1.000000000000000000e+00
-1.000000000000000000e+00
-4.688023632533327989e-01
-1.000000000000000000e+00
-1.000000000000000000e+00
6.385596955206027658e-01
5.439479577118353504e-01
-5.053131835541619932e-01
5.114866555965706940e-01
-1.000000000000000000e+00
-1.000000000000000000e+00
1.000000000000000000e+00
1.703908694330591445e-01
7.285376588401122344e-01
-6.451707724323458848e-01
1.000000000000000000e+00
1.000000000000000000e+00
1.000000000000000000e+00
-3.256095371284728479e-02
-1.000000000000000000e+00
6.034762942101186134e-01
-1.000000000000000000e+00
1.000000000000000000e+00
5.725616508639004287e-01
-1.000000000000000000e+00
2.888138500653083529e-01
-5.215612398060662791e-01
-1.000000000000000000e+00
2.074670539613904241e-01
1.000000000000000000e+00
-2.324893437229318682e-01
-1.000000000000000000e+00
1.000000000000000000e+00
1.000000000000000000e+00
-4.209939335271911665e-01
-9.210705784498809390e-01
7.230418854845455101e-01
1.000000000000000000e+00
-1.000000000000000000e+00
-1.000000000000000000e+00
-1.000000000000000000e+00
-2.485407843139109119e-02
-1.000000000000000000e+00
7.699836196141929268e-01
3.911325827898345375e-01
-7.971188882320396907e-01
1.150462524029517430e-01
9.512154339275591397e-01
1.000000000000000000e+00
6.932482950625731277e-01
1.000000000000000000e+00
1.900392234803921498e-01
-1.000000000000000000e+00
8.115412291945125478e-01
-6.929167307379586749e-01
-1.000000000000000000e+00
-1.000000000000000000e+00
1.000000000000000000e+00
-2.250165267564264715e-01
-5.426612100166623431e-01
-1.795638155112573298e-01
7.428882154473650523e-01
3.051965320455785058e-02
1.000000000000000000e+00
2.472132507043456329e-01
6.763850295196135454e-01
-3.112283755039352284e-02
7.603484393956725373e-01
-1.003172128361384807e-02
-1.000000000000000000e+00
-9.422579221625869694e-01
1.000000000000000000e+00
9.423709328047591427e-02
-1.000000000000000000e+00
1.000000000000000000e+00
-1.000000000000000000e+00
1.000000000000000000e+00
-7.876961568190543606e-01
-1.000000000000000000e+00
-1.000000000000000000e+00
-6.191677760892382310e-01
9.724961896969309683e-01
1.088345661837123446e-01
-1.000000000000000000e+00
-1.000000000000000000e+00
1.000000000000000000e+00
-1.000000000000000000e+00
-1.000000000000000000e+00
1.000000000000000000e+00
6.958772441281780852e-01
6.742363309001594973e-02
-4.065692609072611985e-01
-1.000000000000000000e+00
1.000000000000000000e+00
8.152573236732041373e-01
-7.309143516811444918e-03
1.835448183982081316e-01
-5.149419880754024792e-01
1.000000000000000000e+00
1.000000000000000000e+00
1.000000000000000000e+00
-3.659883419158944662e-01
-1.000000000000000000e+00
2.602266534788676422e-01
-1.171189976005884148e-01
-4.514997806114332546e-01
-6.732065682559396080e-02
-4.451322190742101892e-01
-1.000000000000000000e+00
1.000000000000000000e+00
5.161947780753537440e-01
-1.000000000000000000e+00
-1.000000000000000000e+00
-3.930162736405752311e-01
-1.692122420932124505e-01
-7.639758791731858789e-01
-4.978693425957393393e-01
-5.532017535603510616e-01
3.862645950949456508e-01
-1.773487049106937663e-01
-6.221414667175705349e-01
1.000000000000000000e+00
-1.000000000000000000e+00
-1.000000000000000000e+00
1.000000000000000000e+00
-6.371479512339717211e-01
-5.373448254211742325e-01
4.447617706454460307e-01
8.342257426297673417e-01
1.000000000000000000e+00
1.000000000000000000e+00
-1.000000000000000000e+00
-5.864049627410383714e-03
-8.717070760941577623e-01
1.000000000000000000e+00
1.000000000000000000e+00
-4.008768494712049435e-01
-1.000000000000000000e+00
-1.000000000000000000e+00
-1.662823804085739876e-01
4.559506280603101147e-01
5.114551721348219449e-01
1.000000000000000000e+00
-1.000000000000000000e+00
1.000000000000000000e+00
8.905002103359650478e-01
-1.000000000000000000e+00
1.597243422236216404e-03
4.313352600819608806e-02
-1.000000000000000000e+00
1.000000000000000000e+00
4.331291759191246982e-02
-1.000000000000000000e+00
1.000000000000000000e+00
7.545960748578337540e-01
1.000000000000000000e+00
1.525354311761285553e-01
