-1.000000000000000000e+00
-6.143837908585612073e-01
-1.000000000000000000e+00
-8.008782529279487861e-01
8.890459175263180081e-01
-5.308551402410418563e-01
1.000000000000000000e+00
-2.251284102632429840e-01
1.000000000000000000e+00
1.000000000000000000e+00
-6.544694553548854321e-01
1.000000000000000000e+00
-7.471023380331689445e-01
1.000000000000000000e+00
-1.561849678655791718e-01
7.233365311678869869e-01
-7.166376636030247216e-01
1.000000000000000000e+00
-6.165084296877121339e-02
-1.000000000000000000e+00
6.600715125993108501e-01
1.000000000000000000e+00
5.838636733326375838e-02
2.909011489717378551e-01
-7.845884177737030285e-01
-3.179818656414368228e-03
1.000000000000000000e+00
3.564309643400984662e-01
-5.998274592533956451e-01
1.000000000000000000e+00
-8.035553492312008661e-01
-3.048775528617539976e-01
8.093980765642027064e-01
3.548632308222504639e-01
-1.000000000000000000e+00
-2.887995294386999090e-01
-4.855085506761256386e-01
-1.000000000000000000e+00
1.000000000000000000e+00
1.000000000000000000e+00
1.000000000000000000e+00
4.947288880978308878e-01
-4.999479204492290885e-01
1.000000000000000000e+00
-1.000000000000000000e+00
4.925738379662036870e-02
-1.000000000000000000e+00
-4.613574530623819614e-01
-4.621753749250392396e-01
7.480081603539563417e-01
1.000000000000000000e+00
1.000000000000000000e+00
1.000000000000000000e+00
1.000000000000000000e+00
-1.000000000000000000e+00
7.492473148313660847e-01
-1.000000000000000000e+00
-1.000000000000000000e+00
1.451039009752519982e-01
-1.000000000000000000e+00
-3.727762881532315498e-01
-8.375897717104883178e-01
-2.298177304115816000e-01
1.000000000000000000e+00
-5.404874029334056917e-01
-1.000000000000000000e+00
7.211992248876433198e-01
9.098072099327882967e-01
-6.955275605992761179e-01
-2.796654856588753901e-02
-1.000000000000000000e+00
9.254748156612674359e-01
-1.000000000000000000e+00
-1.000000000000000000e+00
-1.000000000000000000e+00
-1.000000000000000000e+00
1.000000000000000000e+00
1.669379727303638150e-01
1.000000000000000000e+00
7.069055815608689120e-01
9.051609421057537075e-01
-1.490319337310688219e-01
7.010419853304982185e-01
4.406213629790629582e-01
-7.967061739976515344e-01
-8.966681591288767628e-01
-3.446619900224933142e-01
6.154723793401581933e-01
-7.244006250003587333e-01
5.696867289071887441e-01
1.000000000000000000e+00
-4.984272300702770053e-01
1.000000000000000000e+00
3.825604783338631965e-02
6.291094867139074287e-02
-1.000000000000000000e+00
-2.208895980668861281e-01
-1.000000000000000000e+00
1.000000000000000000e+00
-9.770046628884865303e-01
-1.000000000000000000e+00
2.318900269225400157e-01
1.000000000000000000e+00
4.527010161369504626e-02
-8.409290584591128104e-01
1.000000000000000000e+00
4.669401341244377446e-01
-1.000000000000000000e+00
-1.000000000000000000e+00
-7.522131327541008439e-01
-3.773384970011556261e-01
1.000000000000000000e+00
1.138600858441323194e-01
4.223120525622811594e-01
-9.378839155533533756e-01
9.688108455023538568e-01
-4.575504817644932554e-01
-1.000000000000000000e+00
6.354202945573488304e-01
-2.834728434497126859e-01
-9.205502062561942145e-01
-1.000000000000000000e+00
-6.709957350114097441e-01
-1.000000000000000000e+00
6.383280825887229781e-01
7.123707869232845935e-01
9.918729261663341568e-01
1.311108632863621226e-01
6.390560710948117729e-02
-8.408976208006971875e-01
1.646702891357254561e-02
-5.020050718346045215e-01
-9.183180054449283647e-01
-1.103949881016501600e-01
1.000000000000000000e+00
1.000000000000000000e+00
4.157477682322097134e-01
6.526598039156961129e-02
1.000000000000000000e+00
-1.994575172573547772e-01
-1.000000000000000000e+00
7.574719614689903735e-02
8.054740179251101972e-02
-1.000000000000000000e+00
-9.057009939036021473e-01
-1.000000000000000000e+00
1.000000000000000000e+00
4.809017078573649684e-01
-1.000000000000000000e+00
5.895971530344545908e-03
-3.762209618316209037e-01
2.822079515834325369e-01
1.000000000000000000e+00
-1.852416584153076806e-01
-1.000000000000000000e+00
-1.419262400032146321e-01
5.276012519566498221e-02
-2.828012011816576354e-01
-1.000000000000000000e+00
-1.000000000000000000e+00
-5.635006784328742135e-01
1.000000000000000000e+00
-9.818827841959565372e-01
-6.819020891220648473e-01
3.680213501854124880e-01
-4.570021357647614524e-01
-6.333173812681286430e-01
4.498874585441718366e-01
-6.080510530069053177e-01
-2.774715254149138222e-01
-8.561375662182413304e-02
-6.321636971846146258e-01
-1.672761359885948096e-01
1.376035430271148052e-01
-1.000000000000000000e+00
1.000000000000000000e+00
1.000000000000000000e+00
1.000000000000000000e+00
1.000000000000000000e+00
-1.000000000000000000e+00
-5.163634296653529798e-02
-1.000000000000000000e+00
3.918655460108237953e-01
6.726535047088595398e-01
2.485976769255474061e-01
6.662937373943734753e-01
-4.285133074803715303e-01
-1.000000000000000000e+00
-1.000000000000000000e+00
-1.000000000000000000e+00
-5.563908766379521698e-01
1.396186611442544745e-01
3.037379726233218058e-01
1.000000000000000000e+00
-9.213832038257649959e-01
1.000000000000000000e+00
3.346376527792986888e-01
-1.000000000000000000e+00
1.000000000000000000e+00
3.151292052941210287e-01
-1.000000000000000000e+00
4.887057384634168056e-01
1.781297332610853879e-02
5.696969143817750547e-01
7.606889116531210249e-01
-5.553856768525873289e-01
-6.155988225042025030e-02
-9.146032788012214976e-01
3.554998560489663895e-02
1.000000000000000000e+00
9.630965656160254129e-01
3.786300235441151241e-01
5.976445285852680644e-01
1.000000000000000000e+00
3.494945001230956860e-01
-4.759852672278369612e-01
3.974435002108119841e-01
9.509847245129143811e-01
8.554790081370262644e-01
-2.477443588848049494e-02
7.145420244164769619e-01
-1.000000000000000000e+00
-1.000000000000000000e+00
-5.669979968346683386e-01
-9.462635301288768730e-01
-1.000000000000000000e+00
-1.000000000000000000e+00
1.000000000000000000e+00
9.965162915225247442e-01
1.000000000000000000e+00
5.416718212157429768e-01
4.302662276020838839e-01
-1.000000000000000000e+00
9.085205240163726215e-01
-1.453263215811810838e-01
7.110899365669880456e-01
-7.442905773487739074e-01
2.120624502103170272e-02
-1.000000000000000000e+00
-2.790377972579500820e-01
-1.000000000000000000e+00
-6.998942757988795282e-01
1.000000000000000000e+00
-1.599646261270095682e-01
-3.396892636520214559e-01
-1.000000000000000000e+00
4.933712813161230670e-01
-1.792152968058732809e-02
1.000000000000000000e+00
-3.221378588628250883e-01
1.666417168059854959e-01
1.000000000000000000e+00
1.000000000000000000e+00
8.033006444507607702e-01
3.144444162255877195e-02
-1.000000000000000000e+00
8.911498021528834190e-01
-1.000000000000000000e+00
-1.000000000000000000e+00
7.014833725203071246e-01
1.000000000000000000e+00
7.920546987851140308e-01
7.104315751383896149e-01
-1.000000000000000000e+00
-4.763131640843616399e-01
