-2.251884505863814834e-01
1.000000000000000000e+00
-1.000000000000000000e+00
3.268805604129032538e-02
-6.621406596421395285e-01
-1.000000000000000000e+00
-1.000000000000000000e+00
4.921488338722033173e-01
-7.965868386131793599e-01
-2.019627605307054985e-01
1.000000000000000000e+00
-1.000000000000000000e+00
8.381985214193843348e-02
3.545445025226541258e-01
1.000000000000000000e+00
2.416001653840157415e-01
-2.088858772873106728e-01
1.000000000000000000e+00
1.000000000000000000e+00
6.827250693502782131e-01
-3.147969622284809144e-01
-1.000000000000000000e+00
1.000000000000000000e+00
-1.000000000000000000e+00
2.047196340926888403e-01
3.889189163687604145e-01
8.606291540051949629e-02
1.000000000000000000e+00
-2.295705826607304934e-01
-4.403131818697972877e-01
-1.000000000000000000e+00
4.410211038852034360e-01
1.000000000000000000e+00
-8.775852612007627451e-01
1.000000000000000000e+00
-1.000000000000000000e+00
-5.248357551924983655e-01
-1.000000000000000000e+00
-2.111035270244244755e-01
-7.127617703077671063e-02
1.000000000000000000e+00
7.299764598268987381e-01
-4.856440650591176134e-01
-2.451148806575711436e-01
-9.306815850676656288e-01
8.401901705057901459e-02
1.000000000000000000e+00
-1.000000000000000000e+00
1.762264525855005148e-01
1.557662460042857910e-01
1.000000000000000000e+00
3.081626892085871372e-01
3.347830859556809036e-01
-6.903764203061648619e-01
1.000000000000000000e+00
-1.000000000000000000e+00
9.634544510542655260e-01
-2.759029908938829267e-01
-1.000000000000000000e+00
-3.957051608505027795e-01
3.828455613813356306e-01
5.247806548311131358e-01
-9.375282006217694475e-01
-9.268039075572818142e-01
-5.942416352541168845e-01
1.000000000000000000e+00
1.000000000000000000e+00
-8.502128409724267755e-01
1.000000000000000000e+00
-3.900337323844295656e-01
-1.000000000000000000e+00
1.000000000000000000e+00
-7.293995225214843225e-01
1.086680333682500388e-01
-7.549168871334785980e-01
1.000000000000000000e+00
-5.499648514188801851e-01
-1.000000000000000000e+00
1.000000000000000000e+00
-4.011720247223793390e-02
-4.156951575750034156e-02
-2.501869828725932221e-01
1.000000000000000000e+00
-6.982723545352395034e-01
-1.000000000000000000e+00
-7.922629531762397370e-01
2.253276902074330401e-01
1.376984401297370875e-01
3.331087948325928139e-02
-4.825184398764497673e-01
-1.000000000000000000e+00
-6.626747390025367057e-02
1.000000000000000000e+00
1.000000000000000000e+00
-5.548737360314071054e-02
7.879829634411813499e-01
3.118798294503048463e-01
6.254858194424728346e-03
3.137993015371352556e-01
-1.000000000000000000e+00
-7.667607642102591825e-01
1.000000000000000000e+00
-1.000000000000000000e+00
-1.000000000000000000e+00
1.000000000000000000e+00
2.377137049913491396e-03
-2.241082221105431815e-01
8.696779660418196833e-02
-1.632242862543265005e-03
-4.991572751567944222e-01
1.000000000000000000e+00
1.000000000000000000e+00
-1.000000000000000000e+00
1.000000000000000000e+00
1.000000000000000000e+00
5.514912953620452196e-01
-1.007775017060106304e-01
-3.477809369411326568e-01
-2.515641539539723581e-01
1.000000000000000000e+00
-6.098646284265736295e-01
1.000000000000000000e+00
-2.869803861305009196e-01
-9.300483851222884901e-01
-1.000000000000000000e+00
1.000000000000000000e+00
-6.947879857771339651e-01
-6.926172551405291866e-01
-7.456868525573734363e-01
9.697301405154876708e-01
-1.000000000000000000e+00
4.885322772682416659e-01
-1.000000000000000000e+00
-1.000000000000000000e+00
2.695006598384477314e-01
2.762570562737109992e-02
-3.783765595637454959e-01
-9.148417831208407458e-01
3.091696253255531435e-01
4.352149616879431582e-01
8.257897932010894726e-01
-1.000000000000000000e+00
2.466270959782715377e-01
-1.000000000000000000e+00
1.000000000000000000e+00
-1.000000000000000000e+00
4.125007442452788275e-02
2.770692985475030623e-01
-1.000000000000000000e+00
5.742577988659816057e-01
-1.000000000000000000e+00
-1.000000000000000000e+00
-5.060921726588718528e-01
-5.053266611069027192e-01
-1.000000000000000000e+00
-6.478783986091072311e-01
-1.000000000000000000e+00
4.133746544448357874e-02
6.868403714329396337e-02
1.000000000000000000e+00
8.035102616408129617e-01
7.839377152971922502e-01
-1.000000000000000000e+00
1.929706505915163017e-01
-1.000000000000000000e+00
2.810918119975699958e-02
1.000000000000000000e+00
-9.158725245891450317e-01
7.464855031298193166e-01
1.000000000000000000e+00
-2.480204370966007099e-01
-1.000000000000000000e+00
1.000000000000000000e+00
1.000000000000000000e+00
-7.459700793003254393e-02
1.000000000000000000e+00
1.000000000000000000e+00
1.000000000000000000e+00
-6.731786962595105450e-01
7.384978042080901917e-01
-8.222839807617643437e-02
-1.000000000000000000e+00
-1.000000000000000000e+00
1.000000000000000000e+00
1.000000000000000000e+00
-3.845762074199033376e-01
9.574135397712206785e-01
-7.679123005892206644e-01
-1.000000000000000000e+00
1.000000000000000000e+00
4.688379092712401386e-01
1.000000000000000000e+00
-1.000000000000000000e+00
1.000000000000000000e+00
-6.930044562001421715e-01
-1.000000000000000000e+00
1.000000000000000000e+00
7.644536328294877503e-01
-1.000000000000000000e+00
-1.000000000000000000e+00
3.585951044143871336e-01
-1.000000000000000000e+00
-3.433983731964687092e-01
1.000000000000000000e+00
4.139032161460109993e-02
1.653733402153981791e-01
-1.000000000000000000e+00
1.000000000000000000e+00
3.271803458005773102e-02
-7.868468235273934352e-01
-1.000000000000000000e+00
2.163841749892954358e-01
1.000000000000000000e+00
1.000000000000000000e+00
6.110720411621994863e-01
3.224551295129676198e-01
-1.000000000000000000e+00
-2.536696516224069553e-01
1.340353307330933719e-01
-1.000000000000000000e+00
8.519528141881982375e-02
-1.000000000000000000e+00
1.000000000000000000e+00
6.112555657870929471e-01
1.807415886621760448e-01
-1.000000000000000000e+00
1.734670928177362292e-01
-8.380217786912762534e-01
-1.000000000000000000e+00
-1.000000000000000000e+00
1.000000000000000000e+00
3.844732784344062626e-01
5.166519727595875189e-01
6.773223192697647166e-01
-1.000000000000000000e+00
-1.000000000000000000e+00
-1.000000000000000000e+00
1.000000000000000000e+00
1.000000000000000000e+00
-1.000000000000000000e+00
-1.000000000000000000e+00
-1.000000000000000000e+00
-9.087628140446019076e-01
1.000000000000000000e+00
-7.254557622853656795e-01
5.028307548576235741e-02
3.498496221206282009e-02
-6.321653947977534660e-01
-1.000000000000000000e+00
-1.000000000000000000e+00
-1.000000000000000000e+00
-8.580937573539679786e-01
-9.632795077035297693e-01
-1.000000000000000000e+00
-1.000000000000000000e+00
6.319828990150265779e-01
-5.446487239561612625e-01
1.000000000000000000e+00
-3.161773443662012628e-01
1.000000000000000000e+00
1.000000000000000000e+00
6.712615611263850202e-01
-1.000000000000000000e+00
-1.000000000000000000e+00
-1.000000000000000000e+00
