2.983960991928882311e-01
4.121417977105867880e-01
4.082865874463981193e-02
-6.975581720462828983e-01
-8.425449027724591922e-01
-9.410424896470104272e-01
1.472537235112070242e-02
4.447929704761852676e-01
-9.064204137233626835e-01
-2.728116137542193620e-01
-9.680130254934413703e-01
-7.206390666236568432e-01
8.766818114901033798e-01
3.880957935117257396e-01
-7.747632802545583175e-01
1.796948514871399283e-02
1.763121468416177784e-01
-6.435654922624727270e-01
1.470127041144158042e-01
-9.968964228763264046e-01
-1.545802964297728899e-01
-8.495204664882782808e-02
9.453374193407984016e-01
-2.807766177090460502e-01
-6.299784777742918340e-01
9.771476524535414043e-01
8.050580147456560809e-01
4.992476954912563603e-01
-3.116861082762372170e-01
-4.983655317365083270e-01
-7.553685846273046067e-01
6.480049293782099706e-01
-4.285044437248173299e-01
5.072259200170359250e-01
-7.304603917596845797e-01
-1.638466992489493457e-01
4.983100894184588903e-02
-7.431531433195470715e-01
3.386447131364023200e-01
5.342905586395605422e-01
-7.407338046579987623e-01
4.572946828930324337e-02
1.502214611377392650e-01
9.724422382821420463e-01
6.051621216473845877e-02
2.640931610121588502e-01
6.246479023109074991e-01
1.554199933531521527e-01
4.816399605978773923e-01
7.946534125929829440e-01
6.816545183311271128e-01
4.446785530014452092e-02
5.730959816159231224e-04
-5.145416756369411981e-01
6.292153927532651014e-01
-5.555852316375327060e-01
-3.349073897469840855e-01
5.255754635462417390e-02
2.866827691891502550e-01
9.121695959073861104e-01
-7.858419928685518308e-01
2.281491732338176703e-01
-2.547243182267115991e-01
4.908213600578823499e-01
-9.251657708255749402e-01
9.758937395849573981e-01
-6.557397344395901051e-01
6.603084169700923489e-02
9.203610328665412510e-02
-5.301769747177256242e-01
-3.139764624639027613e-01
7.669996868683286451e-01
8.419379439021221767e-01
-3.973927596487374370e-01
5.289114496183249248e-01
-8.697869187867559582e-01
9.993963658584950061e-01
9.354657870073581627e-01
-1.620479342560414704e-01
-3.058342998007781421e-01
7.230688278863770524e-01
-7.226110777136847130e-01
9.878135034339325937e-01
2.234185302037776655e-01
-7.832019307767588145e-01
-5.027759722383613461e-01
-8.113384784621877621e-01
3.905269409246154844e-01
9.031257711171027935e-01
-9.372095543663214734e-01
4.060492682758503058e-01
-9.852095609514324170e-01
-7.637626954449707739e-01
-7.961042592682383567e-01
-6.779611810624164292e-02
5.626649088872694993e-01
-7.976734395300777436e-02
6.438431727986824171e-01
-4.916261572568842997e-01
9.793315176723811355e-01
9.469405508672517069e-01
-5.767967774561748584e-01
1.892267580042270581e-01
-3.364139922236994984e-01
-7.949144801204990340e-01
8.331832772764635742e-01
2.173357619235256610e-01
4.822399606724663279e-01
-1.280542468294292302e-01
7.678683315484073901e-01
5.518964414323574985e-01
-8.084610532984348730e-02
-8.229211241110856445e-01
-1.036125438911821295e-01
-2.602429859684154412e-01
-8.191488566537989957e-01
-3.520261389585366274e-02
6.642075971901790776e-01
-6.874850353621864141e-01
5.453476636385927723e-01
-4.184652034129376919e-01
5.067509796810434342e-01
-8.739904525826549531e-01
2.240245453880647108e-01
4.350380917683296378e-01
6.104209763140515665e-01
-8.571781392616528716e-01
6.756842591403398046e-01
-7.600267885718579031e-01
4.611737801340640708e-01
-2.586248433093687460e-01
7.314833640009512639e-01
-8.035026491188161923e-01
-9.212414131258988004e-01
2.562164442626828631e-01
8.301100917543167146e-01
-9.555247539074274155e-01
-6.726345838791760734e-01
-6.483288791920416294e-01
5.734736860551072901e-01
8.105425189408137499e-01
1.679388596339124184e-01
-5.611439309079562232e-01
-5.689360665291691710e-01
-1.566567779257022064e-01
4.613602533410321449e-01
-1.321002945716389654e-01
9.072412751421374821e-01
2.976585463255658759e-01
2.076338546682463537e-01
8.960277610681635085e-01
-5.216822076110219086e-01
7.778811977186004256e-01
5.559521528069417684e-01
1.996210742104964631e-01
-6.915658433620897050e-01
-7.816984093059615724e-01
7.308511329342870511e-02
-1.999343538404656506e-01
-3.510978686634813606e-02
-2.353283486301451788e-01
9.727420778363700116e-01
-3.626597408124851984e-01
-9.952503403371131263e-01
2.885908242321992834e-01
7.681876199076096423e-01
-9.088977325680511754e-01
2.476712036621380175e-01
4.379899126674706711e-01
-8.748996408097275967e-01
-1.822533981333906983e-01
-9.742404040118120001e-01
8.075878778807850100e-01
-5.885303343879999538e-01
7.463201193601665118e-02
-4.589947353783263573e-02
-1.593585816515978859e-01
4.597711339142143139e-01
-9.879795249493785736e-01
-8.053271104815697967e-01
6.919896931605169499e-01
-3.218705454340364813e-01
1.154574115793671751e-01
-2.579829167257674527e-02
-6.681536565833010588e-01
5.338079212874711210e-01
6.669198280569776927e-01
4.299544551925411628e-01
-4.318499453616551076e-01
5.606036838431880387e-01
-4.093722620274826696e-01
1.998954242077377597e-01
1.840766481816680233e-01
-7.380296283125444834e-01
2.210562289666850866e-02
-4.093553650379599951e-01
5.895627174933688597e-01
7.282403413617357657e-01
7.886742278365819203e-01
8.841590048878411601e-02
-3.211593147285578542e-01
3.214721901518855507e-01
-2.593146216518380509e-01
-3.691535640286396358e-01
-8.622391306860934801e-01
4.161729446073350047e-01
-4.456741483563286810e-01
-1.704328720857741786e-01
3.324860723639431193e-01
9.247215207486503274e-01
-1.743937578949086298e-01
-8.721691164426170761e-01
3.098752274629923420e-01
3.481119818710098901e-01
-2.654439180162104783e-02
3.116633285889067739e-01
-4.130252378551126924e-01
-7.453851496084340500e-01
-4.105546717302626103e-01
-7.689078393025230440e-01
1.895470572081285887e-01
-6.649422064553176526e-01
1.276395500187224030e-01
-1.718013174851200642e-01
1.876609146404450978e-01
-3.902084962455765194e-02
-1.359330165419572189e-01
4.686925067996901006e-01
-3.091672543817607366e-01
6.608702179627745643e-01
4.131461867980479319e-01
6.735663768007580376e-01
-4.401137897539715294e-01
2.926893290878140874e-03
9.591025545610096792e-01
-7.665676943525192577e-01
6.072636924346141996e-02
-2.520263109629812259e-01
5.093811632429732228e-01
8.962099566067813772e-01
-4.078600224697288557e-01
-7.310317662352561197e-01
7.084492858752824418e-01
8.478993618111232422e-01
-4.672290279146731340e-01
-6.754658739431844694e-01
-7.983260876515425597e-01
8.937580767481394517e-01
-7.700137880104507282e-02
5.241561455157175420e-01
-2.320809885479704349e-01
-9.574647152738846589e-01
3.605528154690800235e-01
6.945243972986401282e-01
6.065100326384864626e-01
5.848542074322502504e-01
5.869695249402684389e-02
-4.940870731877349264e-01
-6.544993833117920268e-01
2.288760621339509527e-01
-7.277424415230573373e-01
8.465098859830910705e-01
-2.803768656611755894e-01
8.111929733013105714e-01
-2.462921125551857937e-01
