-1.000000000000000000e+00
8.938602857532462753e-01
1.000000000000000000e+00
-9.365259738786917421e-01
1.000000000000000000e+00
5.863879967845087027e-01
-1.000000000000000000e+00
-3.158066642814705283e-02
1.000000000000000000e+00
-6.595439149190629458e-01
-3.330376385503668324e-01
-1.000000000000000000e+00
-5.032270511527752177e-01
8.338342743805100543e-01
-5.209992772305547248e-01
-1.000000000000000000e+00
-1.000000000000000000e+00
4.197566321871042949e-01
3.355433637215645137e-01
-2.410570193651138671e-01
-1.000000000000000000e+00
-1.000000000000000000e+00
1.000000000000000000e+00
-1.000000000000000000e+00
7.366121282024024053e-02
-1.041482780049385326e-01
-1.000000000000000000e+00
1.000000000000000000e+00
1.000000000000000000e+00
3.029346335968901016e-01
5.336585249911973694e-01
1.000000000000000000e+00
-5.565032026663084830e-01
1.000000000000000000e+00
6.087260861922069166e-01
-1.000000000000000000e+00
8.181483611064037653e-01
-1.673101667820753313e-02
-3.712498676822842958e-01
-9.206188698086612554e-01
-4.242797248417351508e-01
-7.789713318448875101e-02
6.279868273722668537e-01
9.141119858034920664e-01
-1.000000000000000000e+00
1.000000000000000000e+00
1.000000000000000000e+00
-6.652609419538921820e-01
-8.138339771812386214e-01
1.000000000000000000e+00
-7.855220814887515779e-01
-8.701009125783030207e-01
6.570358006774463799e-01
1.809555504938252235e-01
-2.483663437105996796e-01
-1.000000000000000000e+00
2.451321552175416696e-01
5.118569327376811806e-01
-1.741149393966876513e-01
-1.000000000000000000e+00
-2.359706287022238502e-01
-7.897649911144231094e-01
-9.082083240285308001e-01
2.583988871345008764e-01
-4.722761047145973556e-03
2.035131684999148816e-01
3.437942353729490641e-01
-1.000000000000000000e+00
-5.948178017510378224e-01
5.601431248249959527e-01
1.927470027790930684e-01
-6.320975259559657999e-03
-1.000000000000000000e+00
3.635241158954777285e-01
-2.122863903663918528e-01
-1.000000000000000000e+00
-1.000000000000000000e+00
-3.822282181481362340e-01
1.000000000000000000e+00
1.720394458759322287e-01
1.000000000000000000e+00
-9.050488533363991728e-01
4.654042973841865383e-02
-1.000000000000000000e+00
1.000000000000000000e+00
1.000000000000000000e+00
1.000000000000000000e+00
-1.000000000000000000e+00
-2.975993015646458684e-01
-1.000000000000000000e+00
1.145295201112679351e-01
1.000000000000000000e+00
-3.378133668266003475e-01
1.000000000000000000e+00
-8.202220616852415880e-01
-1.000000000000000000e+00
-1.171133828172313263e-01
-4.560730538737419737e-01
6.381793401139821409e-01
2.929652076031663555e-02
7.049196006935594117e-01
-6.480312202820454059e-01
1.000000000000000000e+00
-5.156723563728201620e-01
1.000000000000000000e+00
-5.891440600879629397e-01
-1.000000000000000000e+00
-2.892356096241568419e-01
-9.234495463955212369e-01
9.406559003480090553e-01
1.000000000000000000e+00
6.243904247594578294e-01
1.000000000000000000e+00
-5.629985411048197275e-01
-4.432793482570548393e-01
-4.811557878083345119e-01
-8.959922504167034951e-01
5.943472859599385760e-01
-9.817528824508827689e-01
-8.559026246917493808e-01
-7.377528738307711498e-01
-8.353634749378180402e-01
-1.000000000000000000e+00
-1.000000000000000000e+00
1.000000000000000000e+00
-8.747209321869453547e-03
1.000000000000000000e+00
-1.061892720642438892e-01
7.829820603598789397e-01
-5.853502192750592581e-01
1.599214108041233651e-01
-1.000000000000000000e+00
1.000000000000000000e+00
8.380096414887645562e-01
9.596154596554682392e-01
-1.000000000000000000e+00
-5.188157358277446507e-01
-3.494825915400044947e-01
1.000000000000000000e+00
1.000000000000000000e+00
9.078144437391941768e-01
1.000000000000000000e+00
3.037607727638895749e-01
-1.000000000000000000e+00
4.789725435650969976e-01
6.759515458912244146e-01
5.310580644060571842e-01
6.487285958437510880e-01
1.000000000000000000e+00
-1.000000000000000000e+00
1.903639255176612366e-01
1.000000000000000000e+00
2.542461806400688751e-01
3.323724850929570263e-01
-1.000000000000000000e+00
1.000000000000000000e+00
-9.722580238967919453e-01
1.865722337351254367e-01
-1.000000000000000000e+00
-1.826752971288007066e-01
-2.732918103480328487e-01
1.168679993171881648e-01
-2.494608909753646131e-01
3.876576325124103661e-02
9.647432414180820981e-01
5.222444716639573770e-03
-8.915632320275086453e-01
1.000000000000000000e+00
-1.288818413887393710e-01
-6.558848488315065506e-01
1.000000000000000000e+00
-9.447331395513332009e-01
4.362224670813710237e-01
1.000000000000000000e+00
5.103302531581178636e-01
-1.000000000000000000e+00
-7.207664257875023850e-01
-7.741929234786298908e-01
-1.000000000000000000e+00
-2.990601154222050084e-01
1.000000000000000000e+00
1.137900640119582363e-02
4.701532149753591128e-01
-2.550760906957176832e-01
3.512784608315352441e-01
-3.338599113341778057e-01
9.494166020819325702e-01
8.817914284341817899e-01
-8.901599179854018384e-01
-3.715154433753801166e-01
1.000000000000000000e+00
3.967864866694669201e-01
1.000000000000000000e+00
-1.000000000000000000e+00
-4.719336046561912745e-01
1.000000000000000000e+00
1.000000000000000000e+00
-6.850737125677102135e-01
1.000000000000000000e+00
2.666318382818462229e-01
-6.733283077311941200e-02
7.043082088020622411e-01
4.153551656126608371e-02
-9.188182646628844097e-01
9.492892527444642958e-01
-8.491389460132727773e-01
-3.616646019962821423e-01
7.461017115339048100e-01
1.000000000000000000e+00
6.660623676474362043e-01
6.215831390968344916e-01
1.000000000000000000e+00
1.000000000000000000e+00
-1.478325767515473732e-01
-2.777413239726819194e-01
1.000000000000000000e+00
-7.154152152257335917e-01
-1.000000000000000000e+00
5.477218045213654296e-01
-7.735583755392608785e-01
-9.366443527174375117e-01
-3.932724313251385606e-01
2.000782657900037620e-01
1.000000000000000000e+00
-1.298007715535466622e-01
3.823882190827108118e-01
7.424142725883720040e-01
-3.980946803366722797e-01
1.000000000000000000e+00
-5.201703796347851849e-01
7.323769004337024047e-01
6.260883660131379980e-01
-7.484748086765182773e-01
-1.000000000000000000e+00
-1.127315392081265077e-01
-8.277981840203018082e-01
-2.315874690590125073e-01
6.918243877599813407e-01
4.985413617528624552e-01
1.000000000000000000e+00
-3.609557053401555304e-01
-1.823004688056537592e-01
-8.558956435286679820e-01
7.834569374373816508e-01
-7.936099208108010616e-02
1.957343700941099884e-02
8.019236979900545847e-02
1.156927039929398493e-01
-7.282370590959466039e-01
1.380355689751145976e-01
-1.000000000000000000e+00
-7.896852578074051721e-01
1.000000000000000000e+00
-4.796629100600708906e-01
-1.000000000000000000e+00
-1.000000000000000000e+00
-7.753262714544600920e-01
-9.326661477085873564e-02
-1.000000000000000000e+00
-8.347700471702312885e-01
9.970065851791356515e-01
-3.064619639209001933e-01
-4.847858589960198916e-01
-8.038541079292949032e-01
-1.609686192527532977e-01
