7.077201637374599397e-01
-3.923932429782998887e-03
-1.000000000000000000e+00
1.000000000000000000e+00
-1.000000000000000000e+00
5.863776843826962182e-01
-1.000000000000000000e+00
1.000000000000000000e+00
-3.646739451285390121e-01
-1.000000000000000000e+00
-1.000000000000000000e+00
1.339631203137006121e-01
5.461586379971186123e-01
7.726016012624453699e-02
1.000000000000000000e+00
1.000000000000000000e+00
-4.581168641146924347e-01
-2.672479650650396721e-01
-9.526162396037747282e-01
-1.000000000000000000e+00
8.487387922241683702e-01
-6.624827604608788389e-01
-3.548255097434905858e-01
1.000000000000000000e+00
1.000000000000000000e+00
-9.745073240592327934e-02
1.000000000000000000e+00
-1.000000000000000000e+00
1.000000000000000000e+00
5.941348989856203300e-01
-1.276039940182172039e-01
1.511887344700768576e-01
1.000000000000000000e+00
1.000000000000000000e+00
3.977705936225461869e-01
-7.221907331880584868e-01
-1.000000000000000000e+00
3.140770915713724243e-01
9.030655106220414341e-01
-1.574618211809172275e-01
-6.922667854278579114e-01
7.272587753847039593e-01
1.000000000000000000e+00
-8.682607464326219660e-02
7.185554394552684521e-02
-1.000000000000000000e+00
1.291138326509710943e-01
1.000000000000000000e+00
2.317643093569275448e-01
-8.562593146770369756e-01
1.078252406059314605e-01
-5.247646780612236217e-02
-1.000000000000000000e+00
-1.000000000000000000e+00
-1.000000000000000000e+00
3.804763861759696830e-02
-2.327394977998056280e-01
1.000000000000000000e+00
3.492038951502212107e-01
2.300304101638223075e-01
1.519863216198102940e-02
1.000000000000000000e+00
1.000000000000000000e+00
-7.807798819192739437e-01
1.822019818165308003e-01
-8.504099622550743698e-01
1.319070229102019542e-01
-1.000000000000000000e+00
7.192527192911755130e-01
4.396142884340150658e-01
-9.610698602688110270e-01
-1.000000000000000000e+00
1.352995684593831793e-01
-1.000000000000000000e+00
-8.985119917055676142e-01
1.000000000000000000e+00
-2.820754053608818257e-01
7.922753676340490436e-01
-1.493117461163352422e-01
-1.000000000000000000e+00
5.778338686990245332e-01
5.946509412350058366e-01
-7.470241217101536435e-02
4.024236859081523621e-01
-4.242728279515166623e-01
-8.980104429259967436e-01
-2.000176583331460534e-01
-1.000000000000000000e+00
-1.000000000000000000e+00
-1.032093338340538402e-01
-1.000000000000000000e+00
-5.332898506140826278e-01
2.347407698196968262e-02
1.000000000000000000e+00
4.179172715742636157e-01
1.000000000000000000e+00
-1.000000000000000000e+00
-6.029237497547484947e-01
1.000000000000000000e+00
1.000000000000000000e+00
-7.344325806076049679e-01
7.158311107756443192e-03
-1.000000000000000000e+00
-3.515405867811248197e-01
1.000000000000000000e+00
-1.000000000000000000e+00
1.000000000000000000e+00
-1.000000000000000000e+00
1.223093053328647706e-01
-1.307083514311858652e-01
1.000000000000000000e+00
-8.504075824990494636e-01
9.716017613378216122e-01
1.000000000000000000e+00
-8.214692587590308737e-01
7.302933686138468605e-01
-1.000000000000000000e+00
-7.240712100647643812e-01
1.000000000000000000e+00
-5.124684354636523942e-01
-5.950894183032150453e-01
1.000000000000000000e+00
-1.000000000000000000e+00
9.731457756127026570e-02
-1.000000000000000000e+00
1.831761442620711000e-01
-5.258539920128870726e-01
-5.226295491726340448e-01
-1.000000000000000000e+00
1.430386518838107079e-01
-8.379541147318483318e-01
-1.000000000000000000e+00
4.681448147394799975e-01
2.990530491154268500e-01
-9.782631308447962137e-01
-8.766643770885076403e-01
-4.142964799432728995e-01
-1.000000000000000000e+00
-1.000000000000000000e+00
-2.508386974985945539e-01
-1.000000000000000000e+00
8.365232943005166399e-01
-1.688609732200790914e-01
9.728635795962352617e-01
-1.000000000000000000e+00
-1.004157737657650484e-01
-1.000000000000000000e+00
1.903103883245116368e-01
-1.624359541777392613e-04
1.000000000000000000e+00
-1.000000000000000000e+00
-7.952728495016625487e-01
-1.594185011500710569e-01
-1.000000000000000000e+00
5.015537203992016524e-01
-3.626590281483355049e-01
1.666034918704011325e-01
1.000000000000000000e+00
-2.974963564960904083e-01
-6.974479446154140394e-01
-6.708897451890405428e-02
-1.000000000000000000e+00
-1.000000000000000000e+00
-1.000000000000000000e+00
5.128477254765169135e-01
-1.000000000000000000e+00
-7.909730803577088576e-01
-1.000000000000000000e+00
9.644774482731304222e-01
1.000000000000000000e+00
-3.425511012787507692e-01
1.000000000000000000e+00
-1.000000000000000000e+00
1.000000000000000000e+00
9.624859613659064728e-01
-1.000000000000000000e+00
1.000000000000000000e+00
4.092486767183292073e-01
1.000000000000000000e+00
-6.342343440528264153e-01
-1.000000000000000000e+00
9.078264357002179263e-01
5.537786850939587779e-01
1.000000000000000000e+00
-5.659551894816943207e-01
-5.320326120964877781e-01
-1.000000000000000000e+00
-7.284715288527823240e-01
-2.219514584021097248e-01
-4.439283702086925798e-01
-5.220112574384740967e-01
1.000000000000000000e+00
-9.876560207915152656e-01
-5.941502232713391507e-01
3.353622835505438715e-01
3.500139403129322035e-01
-1.574899610460748223e-01
1.000000000000000000e+00
-1.000772132531791009e-01
-1.000000000000000000e+00
1.000000000000000000e+00
-5.919600669640074919e-01
-4.541660683417780842e-01
-1.000000000000000000e+00
6.473822877446800961e-01
-1.698080438584924079e-01
3.825326765941681195e-01
7.901476906681148549e-01
-9.399266921208527803e-01
1.000000000000000000e+00
-5.040785012517187136e-01
7.127901102063316507e-01
8.174839676318961246e-01
7.166040470828478615e-01
2.099333969798851118e-01
6.115594778077659832e-01
-6.434210163851883379e-02
-5.930633155401828782e-01
5.276213179803088682e-01
1.027182994351019812e-01
6.240732891420991413e-01
5.621319825192618858e-01
-9.569950784479538397e-01
8.180631006663190430e-01
-1.000000000000000000e+00
1.000000000000000000e+00
3.529110059722349035e-01
-1.000000000000000000e+00
4.501723380921343609e-01
8.194178951120965060e-01
-6.015090595576702004e-01
9.887360917271538208e-01
5.805790800128430851e-01
-2.528046419960683355e-01
-8.876650014664608790e-01
5.600461273452370103e-02
-5.304382812172074857e-01
-1.000000000000000000e+00
-1.938748022958425299e-01
-8.903830431337994566e-01
-7.512295489662774717e-01
-1.000000000000000000e+00
2.002442208401182810e-01
7.240662387624803298e-01
5.121957311538269941e-01
-1.000000000000000000e+00
6.619721620805583129e-01
2.374702556699244127e-01
-1.000000000000000000e+00
-1.000000000000000000e+00
4.719289152217754357e-01
-2.844443166982333349e-01
2.996073017341399636e-01
1.000000000000000000e+00
2.260272456191714241e-02
-1.000000000000000000e+00
1.000000000000000000e+00
-1.000000000000000000e+00
-1.152056430432951695e-02
1.589168028641285701e-02
8.801782477499022761e-01
-4.907357656135448165e-01
1.422557410468480166e-01
-1.000000000000000000e+00
-5.143544607738781416e-02
