3.501342009291219526e-01
-3.499442158010555026e-01
-5.556168001153181102e-01
-9.182535003473839552e-01
-1.340578383217401193e-01
7.048639155766007747e-01
7.883472688567150222e-01
1.055847626548205298e-01
2.332676308668575338e-01
5.438404133360135173e-01
-2.602718400388122078e-01
9.751085233720566681e-01
5.678723098423257287e-01
6.092712053760644952e-01
6.620824774776672417e-01
-9.049683866237296925e-01
-9.315769562405398219e-01
2.602605983405372747e-01
1.511886270208395722e-01
-8.596610713754349042e-02
5.530156996957962257e-01
6.034601950140849880e-02
-7.756882140773293521e-01
-8.470670356517280286e-01
1.398885160346083900e-01
5.908370722134161923e-01
2.618962021015853736e-01
9.130088768571125168e-01
9.967037397162645807e-01
-7.820995647849380283e-01
1.313253774671381269e-01
4.881507580035917560e-01
1.610589999595970490e-01
-9.954694441446512165e-01
8.890072202372658605e-01
-9.146354163684529137e-01
-2.525165192709610817e-01
2.528019882079439729e-01
5.420867578409407361e-01
3.540126612896719038e-01
6.660221600997766611e-01
7.578827469802456029e-01
7.580149962918771855e-01
7.606097544171390723e-01
-1.750871022022810752e-01
-4.728076610073133068e-01
-6.666448140597864835e-01
5.647719156661978879e-02
3.420319901642470128e-01
9.592302330901545382e-01
-2.844606526528890011e-01
4.286155375832774173e-01
2.087043616876875785e-01
2.269274475640805644e-01
-9.023690026272985776e-01
7.936344664402843474e-01
1.295314223376171636e-01
6.556873762660242466e-01
4.112035786950227756e-01
9.297507870003334229e-01
-3.459144956564059736e-01
5.583936122016996961e-02
4.074769915716949242e-01
-4.313906388654966673e-01
-1.624730375373117930e-01
-9.439760433927428807e-01
3.877684661724056792e-01
5.064484066232857185e-01
9.693325801545944476e-01
3.244371986808922692e-01
5.369705651380682898e-01
2.925366825852717678e-01
-4.343024142352169825e-01
7.997500506236909779e-02
-6.027269593208004483e-01
3.903566177444872665e-02
-6.974875164991385379e-01
-4.423230091287715382e-01
-1.686307741953279038e-01
6.726363873290426287e-01
-6.067920728974398603e-01
-5.597851991398505866e-02
6.272014866664914479e-01
8.986000344039282162e-01
-9.130803449346647227e-01
5.223056634491003436e-01
4.000365586936853735e-01
9.721588523861381947e-01
-8.686261175250662436e-01
2.161211786529437795e-01
5.719319112608005629e-01
9.941708936209905367e-01
-3.881257043124817230e-01
-4.054427806842695325e-01
-1.313874752621315700e-01
5.055857199253657175e-01
-6.320577071135680125e-01
-8.574839360177781700e-01
3.296582862143977444e-01
8.160560730750245906e-01
-7.129713740814234146e-01
-9.365626590834819076e-02
-3.993400009785255111e-01
2.778141173997257241e-01
-2.845920196481850351e-01
5.795238344837745359e-01
-5.286994982274619836e-01
-8.966292317899060560e-01
-5.978650994158396514e-01
-4.163879359450832762e-01
-1.030892930021642950e-01
-1.907032273123163701e-01
-7.533543914944498265e-01
4.258449381947013723e-01
-1.287845224835346691e-01
6.697386516112957544e-02
2.282642982370646223e-01
6.776577443557494362e-01
9.115199187785900659e-01
9.902197806161463500e-01
6.996703732408033893e-01
-9.261253465385985706e-01
-5.051318359959680038e-01
-3.221146542497483889e-01
-8.651002994553675940e-01
9.040083681980837227e-01
2.126991343954420799e-02
-6.555836621803716735e-01
8.871654043827703617e-02
-3.276717644109281569e-01
7.057767574597044735e-01
-2.065434323662795890e-03
-7.167610914999533733e-01
8.744255818287018922e-01
2.597034260160557828e-02
-2.619191208784967806e-01
-1.236375237539746319e-01
8.272375387945765102e-01
-9.101338852146518832e-01
2.211809599034069151e-01
-4.691842026345647287e-01
5.659084664169333756e-02
-9.955719043812647495e-01
-3.674473150208146244e-02
1.328019998071443553e-01
-4.121055165528155761e-01
7.995779307534907066e-01
-7.011839814030715878e-01
-8.315291744624193626e-01
-7.525086967798890747e-01
3.973135654441539710e-01
5.932527863813685798e-01
-1.909407694093674390e-01
5.367573447035114409e-01
8.613363554848429970e-01
-1.077101964464339812e-01
-8.256798433232848122e-01
-9.991837345138823157e-01
-3.864149566838293026e-01
-4.052777924081139016e-01
3.314911248352536699e-01
-7.013861670855381369e-02
2.730920903131168753e-01
-5.204510960996622249e-01
2.317758856327662986e-01
-5.441005762386765809e-01
7.209957630319381305e-01
4.207402321828901393e-02
-9.173790690767589240e-01
-7.763864150762462835e-01
-8.313939395459646331e-01
-5.112578901701412271e-01
7.142959027201130073e-01
7.359157313026010172e-01
-9.174077306961363476e-01
-1.801698164048528561e-01
-8.591674721068409681e-02
-8.504853024686260810e-01
3.418307251420553694e-01
5.360745920403253706e-02
-7.687763401679046371e-01
-7.995654400955494179e-01
-9.033750896732730684e-01
-7.661199827812090746e-01
-3.123494318768000877e-01
2.953537694183963058e-01
-9.961667697799629906e-01
1.334575155116175527e-01
1.988262717958899639e-01
-3.794259625727747220e-01
-4.644300303698845056e-01
8.269296999172803808e-01
3.200290629573372403e-01
-9.575172929032482738e-01
-6.956863218725726217e-01
-1.227524240684298995e-01
8.813630774069536322e-02
-6.589353817048075879e-01
-3.655011177367419872e-01
-8.241611960452333019e-01
4.127272416220848505e-01
-8.325742481476832157e-01
8.661250574997316765e-01
-1.729010213450024036e-01
-7.975351673924604423e-01
2.357488982418145529e-01
9.649424014515577408e-01
-1.123883538089134326e-01
-5.332453929940088599e-01
5.661300776232547349e-02
2.170414695020668194e-01
-9.697143181181493432e-01
7.987297741252339378e-01
-1.602923691718287635e-01
-3.160998195381681253e-01
-9.372864183410418715e-01
8.894702437730963585e-01
-3.838964682148133800e-01
-7.229344314628693979e-02
5.737839837167875157e-01
3.585161725106678077e-01
5.199236292124620462e-01
9.866729293933933498e-01
7.507044723133771136e-01
-9.175702391243729661e-01
1.171867251018492428e-01
-4.071966940150240077e-02
1.918138571150191929e-01
9.785885442098611886e-01
-5.480698946276119088e-03
6.376073439439480239e-01
-2.627096575976057835e-01
8.356455336515220544e-01
1.821058649380062899e-01
6.358845288852625899e-01
-3.504272735564528674e-03
-8.279714923069143584e-01
6.919786977013973051e-01
-8.122045922752183511e-01
-7.527859427401224490e-01
4.084035127968326240e-01
3.864112524177487629e-01
1.996184921534203127e-01
-4.605157867794587023e-01
-7.808037146764601477e-01
-9.936534851816798408e-01
6.605242151067545198e-01
7.806260866435006385e-01
-2.268661573337067416e-01
8.530765225658087925e-01
7.043036744410577921e-01
1.990534301439925713e-01
4.449988862642164644e-01
7.617162038896692078e-01
-3.913005244226195334e-01
-5.954581387042907625e-01
-6.805082689625612247e-01
9.389144887528622085e-01
7.879197290976880375e-01
4.499229570529714728e-01
-8.049660342026991877e-01
-3.993235144777591561e-01
-2.978839413048628426e-01
3.140860681609545235e-01
-9.649824514498337447e-01
