-6.434937525021513505e-01
-9.351575579618749412e-01
8.831923136564945320e-01
-4.722791135258181949e-01
-2.858897739795026594e-01
5.605167584088168731e-01
1.000000000000000000e+00
-9.712914662073919292e-01
-9.320705790260319645e-02
3.370874545720595750e-01
3.974052128986736987e-01
5.253875884394876294e-02
-3.576335995660830935e-01
9.136224793049474435e-01
-1.000000000000000000e+00
-1.000000000000000000e+00
-2.475297550316171158e-01
2.766052150032027868e-01
9.921650579645474588e-02
6.419899865017129059e-01
5.644086523311842019e-02
1.969106107071613432e-01
1.488180151421966135e-01
1.000000000000000000e+00
-2.545164084132731652e-01
-4.409084413382487466e-01
-9.912322994552338895e-02
-4.125600604595303089e-01
-5.351754019763213521e-02
2.828476342924074460e-03
1.000000000000000000e+00
-9.495200012805196099e-01
1.788042334053385751e-03
-1.000000000000000000e+00
2.950305347222270669e-01
8.501517095523651868e-01
9.060576406564562202e-01
-9.751111803577559023e-01
8.561239736875305706e-01
-1.000000000000000000e+00
-9.588758321484529556e-01
3.131423778238082156e-01
-6.599178354097845478e-02
1.000000000000000000e+00
1.000000000000000000e+00
-1.710215290216765549e-02
5.071762880399046658e-01
8.597942841420684879e-01
-1.000000000000000000e+00
1.000000000000000000e+00
-4.646358701108810330e-02
4.106952890220916252e-02
2.816827571937622898e-01
1.000000000000000000e+00
-4.435448088134937850e-01
1.000000000000000000e+00
4.724449425825523741e-01
-7.579221505712638862e-01
8.132774782085802068e-01
-1.000000000000000000e+00
-8.738871550403244370e-01
1.000000000000000000e+00
4.502466077650899012e-01
1.230909429028924640e-01
9.723347363499302842e-01
-1.000000000000000000e+00
1.522913260746565633e-01
-1.000000000000000000e+00
1.776315751161776368e-01
1.000000000000000000e+00
-2.654299245701876586e-01
1.379363826537438609e-02
-1.000000000000000000e+00
-5.641634358155602769e-01
1.000000000000000000e+00
1.000000000000000000e+00
-1.000000000000000000e+00
-6.252681571449179021e-01
9.431954640983786220e-02
-8.401320019616793644e-01
-4.003724848491908572e-01
-3.535786670651404062e-01
-9.966886347543709723e-01
-1.000000000000000000e+00
-6.731986025032155041e-02
1.000000000000000000e+00
-7.723103559886407288e-01
2.833768657432935711e-01
1.000000000000000000e+00
-2.384606237983558641e-01
1.378608561695711665e-01
-8.855525604531433448e-01
2.089666859779099051e-01
-1.000000000000000000e+00
1.000000000000000000e+00
-8.552460497288516539e-02
1.000000000000000000e+00
1.000000000000000000e+00
-2.283124026013459984e-01
5.428787084058706025e-01
1.000000000000000000e+00
-3.917071518032327337e-01
-7.128562620106735359e-01
1.000000000000000000e+00
6.554107976809178115e-01
-5.801971310230213952e-02
-5.522303597528724906e-01
7.940464301170171435e-01
-8.687346498316284027e-02
-8.300960585994909824e-01
1.000000000000000000e+00
-4.894905710248460551e-01
-1.148301090700918348e-01
6.859851745137068857e-01
1.364489499788419380e-01
-9.542166430386841425e-01
7.257742967238969278e-01
1.000000000000000000e+00
5.301682542441586987e-01
-1.000000000000000000e+00
7.445255153554362071e-01
-3.415731991855162630e-01
-1.000000000000000000e+00
9.467196782755149531e-02
8.811891570913334970e-01
8.532037841963160396e-01
-5.106944471495318272e-01
1.000000000000000000e+00
-1.000000000000000000e+00
4.238845275251336697e-01
1.000000000000000000e+00
-1.000000000000000000e+00
-5.203416660906111657e-01
7.999738499123010271e-02
-7.783827342994722454e-01
1.000000000000000000e+00
-1.207574905040655899e-01
-1.395503806929474511e-01
1.000000000000000000e+00
-1.000000000000000000e+00
-1.714300261651418578e-01
2.050618091583268354e-01
-7.706762348814542030e-01
1.000000000000000000e+00
3.358388935977650869e-01
-2.978060063338400787e-01
-6.107673817988987786e-01
-1.000000000000000000e+00
6.387617733332335845e-01
-1.214857994953860709e-01
5.308959604862690806e-01
-2.370558449151030367e-01
3.269806156726268176e-02
-5.851026216633843369e-01
-3.551663882238138559e-01
2.199660848318985562e-01
-1.000000000000000000e+00
-8.120388643346772017e-01
-2.693867467696181572e-01
6.845237969318244131e-01
-8.997935512634680499e-01
-1.000000000000000000e+00
1.000000000000000000e+00
1.000000000000000000e+00
8.561017265319541547e-01
1.000000000000000000e+00
-5.973614133601391485e-01
1.802151111639407333e-01
-9.854668913470788771e-01
-5.882247718182986862e-01
1.000000000000000000e+00
-9.996931620964573106e-01
4.793256255597458937e-01
3.959776319247608201e-01
-2.568977491310198147e-01
-9.370140168351777099e-01
-1.000000000000000000e+00
-5.048333852443498415e-02
1.000000000000000000e+00
3.971615518128192024e-01
6.936139476375060564e-01
-3.213854184566831140e-01
7.037902772913491312e-01
-7.253935069339834119e-01
-1.000000000000000000e+00
-1.000000000000000000e+00
9.214447682902487946e-01
2.566775068425686257e-02
-1.970661047018019141e-01
-6.930458417912743752e-01
1.000000000000000000e+00
7.081114855531362995e-01
8.045264782180128194e-02
3.050523065304524550e-01
1.000000000000000000e+00
1.000000000000000000e+00
6.404324122448681322e-01
-9.715560268872103222e-02
-1.934859028594954067e-01
-1.000000000000000000e+00
3.301441006638579367e-02
-7.141661255016540366e-02
-3.325837541977028078e-01
9.482018295062459856e-01
6.500061104388676902e-02
-4.579995596114995182e-01
-4.643326209280902450e-01
-3.774384806748343202e-01
7.830243637131245604e-01
6.333484457728463246e-01
-1.000000000000000000e+00
-1.000000000000000000e+00
3.588345841642897049e-01
-1.972297902629698285e-01
-1.000000000000000000e+00
-8.476745144688639932e-01
-1.488507817506998787e-01
3.553988884347636379e-01
-1.000000000000000000e+00
8.401522517843986737e-01
5.745720472552287017e-01
-1.000000000000000000e+00
-1.000000000000000000e+00
-1.000000000000000000e+00
-1.000000000000000000e+00
-9.950504348863660198e-01
-2.659441766876063928e-01
4.231101119382152387e-01
9.616755373978769228e-01
-1.895633160840026754e-01
1.000000000000000000e+00
1.412913472508952051e-01
1.000000000000000000e+00
-7.431637563993187534e-02
-3.273862820585735633e-01
-1.000000000000000000e+00
1.567154147154089516e-01
1.000000000000000000e+00
3.123626154814187483e-01
3.764485208854388976e-01
-8.372612450882011004e-01
-5.015884346254286807e-01
6.413205955424694515e-02
1.000000000000000000e+00
-4.727555089359054552e-01
-5.404556441115908605e-01
1.000000000000000000e+00
5.452375438271714891e-01
-1.000000000000000000e+00
-2.339419175651985539e-01
1.000000000000000000e+00
1.000000000000000000e+00
-5.122546033603889715e-01
1.000000000000000000e+00
-1.000000000000000000e+00
-5.311382768733733384e-01
-5.179886699003810602e-01
7.282749130125633075e-01
9.463098561660386876e-01
9.090862204097867050e-01
-1.000000000000000000e+00
1.819353860361350161e-01
3.612361770079322021e-01
1.000000000000000000e+00
9.505766612849413377e-01
