6.857708796777579607e-01
1.555473413859251863e-01
-1.000000000000000000e+00
7.244764600239349539e-01
-1.000000000000000000e+00
5.487971968287727043e-01
-4.372423062640371505e-01
-7.314264196903224047e-01
9.985689357442868452e-01
8.306568204369685349e-02
-1.000000000000000000e+00
-1.000000000000000000e+00
-1.000000000000000000e+00
5.712487915786168546e-01
-3.124626970290504957e-01
-9.712162811322914147e-01
-2.655658156553756255e-01
-1.000000000000000000e+00
6.203578533457931865e-02
9.742108978729024926e-01
2.070686881813095237e-01
-1.000000000000000000e+00
1.000000000000000000e+00
1.000000000000000000e+00
-1.607913159942818693e-01
-4.231286817722758054e-01
1.000000000000000000e+00
-9.699166823831067985e-01
1.000000000000000000e+00
9.017109721354271690e-01
-6.088201950083855785e-01
6.272477459473346784e-01
-2.028081359161610919e-01
-4.398166748210203814e-01
-1.000000000000000000e+00
1.000000000000000000e+00
-1.000000000000000000e+00
1.000000000000000000e+00
6.096440355546867140e-01
-7.938051838957167483e-01
-5.760520214440926212e-01
-1.082774591485806681e-01
-1.000000000000000000e+00
9.332104202989512931e-01
1.000000000000000000e+00
-1.000000000000000000e+00
2.080660940390820224e-01
1.000000000000000000e+00
-9.770884305537146375e-01
-1.000000000000000000e+00
-9.990294770102567945e-01
-1.485641917502037168e-01
1.000000000000000000e+00
4.213104232165612029e-01
3.077246846696546911e-01
4.622086968681970998e-02
-4.986067953045145718e-01
-1.000000000000000000e+00
9.772672481185087356e-01
-8.825386896136067083e-01
-1.000000000000000000e+00
-1.180505318896090117e-01
-1.000000000000000000e+00
1.000000000000000000e+00
1.289150565352131239e-01
-8.355782439874099854e-01
7.743776800387791592e-01
-3.760101744645996114e-01
-8.345087189345831158e-01
-1.000000000000000000e+00
3.757587116005798311e-01
-1.000000000000000000e+00
-1.000000000000000000e+00
-5.411008608414340504e-01
-1.000000000000000000e+00
-1.286821954081725505e-01
-1.000000000000000000e+00
-1.000000000000000000e+00
8.610251055620976590e-01
-1.000000000000000000e+00
-9.453842126895768416e-01
9.132131575379776045e-01
-9.348099107439000743e-02
-1.219926900483647852e-01
-2.576749977307946082e-01
1.000000000000000000e+00
-4.192300183457297047e-01
1.000000000000000000e+00
-9.222224031794097332e-01
-7.254914028943955095e-01
7.026723363892588559e-01
-8.697778116642762569e-02
-1.000000000000000000e+00
9.339382141510210733e-01
-7.239157011026632338e-01
2.955430034107040527e-01
1.000000000000000000e+00
9.072627432342428300e-02
1.000000000000000000e+00
1.735699539326945873e-01
-6.557716768537660279e-01
-1.000000000000000000e+00
-1.000000000000000000e+00
1.000000000000000000e+00
-1.000000000000000000e+00
-1.533697341202245878e-01
1.000000000000000000e+00
-1.000000000000000000e+00
-4.319896201524433543e-01
-1.000000000000000000e+00
4.338367611597471196e-02
1.000000000000000000e+00
5.273557068441636630e-01
-8.922350376540799655e-02
-1.000000000000000000e+00
1.000000000000000000e+00
-4.476124580943273146e-01
1.000000000000000000e+00
-2.764142288447457574e-02
-1.000000000000000000e+00
-9.334661014022207493e-01
1.000000000000000000e+00
-1.000000000000000000e+00
1.000000000000000000e+00
1.000000000000000000e+00
2.665515904400636016e-01
9.177101449614648576e-01
-3.941135281562407888e-02
-1.000000000000000000e+00
8.089723162445756621e-01
-5.503790165255323386e-01
5.086650291495273812e-01
1.000000000000000000e+00
-1.000000000000000000e+00
3.059492414947241890e-01
6.634722608245718911e-01
6.501360251352117370e-02
1.000000000000000000e+00
5.692648149258521251e-01
1.000000000000000000e+00
1.000000000000000000e+00
4.149499351774252887e-01
-9.373567445085090322e-01
1.000000000000000000e+00
2.313859382793276853e-01
1.000000000000000000e+00
2.842491917127877299e-01
7.340244377644394858e-01
-1.000000000000000000e+00
9.204335176151915432e-01
1.000000000000000000e+00
-5.645421362791236408e-01
-1.000000000000000000e+00
-1.000000000000000000e+00
-1.000000000000000000e+00
1.000000000000000000e+00
-3.168015399939636545e-01
-2.010922218884975132e-02
-1.000000000000000000e+00
5.956324566945554455e-01
-3.223993411583420121e-01
4.655801396654395408e-01
8.742400171352174842e-01
-8.182407093297080491e-01
1.000000000000000000e+00
1.000000000000000000e+00
7.170573528083618031e-02
1.274130411309634114e-01
-6.220225079670822499e-01
1.000000000000000000e+00
-2.164455740432851272e-01
-1.000000000000000000e+00
7.486213882559862309e-01
1.000000000000000000e+00
-1.443180245631155711e-01
2.909792728959916808e-01
5.282863632465802928e-01
-7.970451466465892087e-01
1.000000000000000000e+00
-1.000000000000000000e+00
-5.524556184778219858e-01
-3.201124703907716196e-01
7.211991628991125669e-01
1.000000000000000000e+00
-1.000000000000000000e+00
1.000000000000000000e+00
-1.000000000000000000e+00
7.499055688031092126e-01
-8.938705962968784835e-01
-1.000000000000000000e+00
6.838792601097609669e-01
-1.000000000000000000e+00
-1.000000000000000000e+00
1.000000000000000000e+00
-1.000000000000000000e+00
-1.652268308233990624e-01
1.000000000000000000e+00
8.935808760304010390e-01
8.510100522786845367e-01
1.000000000000000000e+00
-2.899220130785449268e-01
6.921947733676100389e-01
-1.000000000000000000e+00
-1.000000000000000000e+00
-1.000000000000000000e+00
5.096011128832037551e-01
-1.000000000000000000e+00
-6.449918094415871272e-02
4.994346859660950821e-01
-1.000000000000000000e+00
-1.000000000000000000e+00
-1.000000000000000000e+00
1.000000000000000000e+00
1.000000000000000000e+00
-1.301957607318055821e-01
1.000000000000000000e+00
1.000000000000000000e+00
-3.024270351487837738e-01
-5.362256581114845932e-01
-2.854426777398885173e-01
2.157807865432808114e-01
-4.618664854231624428e-03
2.140292097170778396e-01
5.636371440787075748e-01
3.564208064862385283e-01
-1.000000000000000000e+00
-1.000000000000000000e+00
1.000000000000000000e+00
1.337394936021618630e-01
1.000000000000000000e+00
-1.000000000000000000e+00
-1.000000000000000000e+00
1.000000000000000000e+00
1.000000000000000000e+00
-4.065490519620126864e-01
1.000000000000000000e+00
1.000000000000000000e+00
8.732589989021650734e-01
1.000000000000000000e+00
8.515957102493881825e-01
-2.052130401435221518e-01
1.000000000000000000e+00
4.744251953989397919e-01
-1.000000000000000000e+00
1.000000000000000000e+00
2.736419923014782318e-02
-1.000000000000000000e+00
-1.000000000000000000e+00
1.000000000000000000e+00
-1.000000000000000000e+00
-1.000000000000000000e+00
-3.399484989505630050e-02
-9.930953453015569643e-01
-1.000000000000000000e+00
3.643761819555719761e-01
5.248396416090966854e-02
-9.779790143896970323e-01
1.000000000000000000e+00
1.000000000000000000e+00
-1.000000000000000000e+00
-4.725581567733803112e-01
5.777220445687032413e-01
6.452520779052722810e-01
6.205410577911436576e-01
4.804282396088658258e-01
