-1.000000000000000000e+00
-4.789982063209434759e-01
3.656402027156528955e-01
-1.575010190986889658e-01
-9.659183063247380741e-01
-8.118525819310162817e-02
-1.460407125279272744e-02
6.389690644174441658e-01
6.328884834113471802e-01
-1.000000000000000000e+00
-2.830438964168026095e-01
-2.739566557584147688e-01
-5.476292923615888597e-02
6.393437423475465398e-01
-1.000000000000000000e+00
9.653089409021946565e-01
6.139088136697646858e-01
-3.301255232305754794e-01
-1.000000000000000000e+00
1.000000000000000000e+00
5.975110161194483460e-01
1.000000000000000000e+00
8.364413891225388475e-01
6.700499873818226426e-01
9.858632717556512493e-01
3.376574965461817124e-01
-1.000000000000000000e+00
9.643753580284177840e-01
-1.000000000000000000e+00
4.043652335494589689e-01
-5.802077164921584096e-01
1.000000000000000000e+00
1.000000000000000000e+00
6.586225257515052611e-01
-1.000000000000000000e+00
-1.000000000000000000e+00
1.000000000000000000e+00
-5.210611483516357501e-01
-3.238656324460675862e-02
-9.048305641145265588e-02
-1.000000000000000000e+00
-2.886616748305413926e-01
1.465335011913399266e-01
9.500419427038675479e-01
-5.884101781549062882e-02
-9.892747649163178281e-01
2.592748775079807277e-01
-7.268596112018954614e-02
-6.309855872097359653e-01
7.459698473390494744e-01
-7.692569966762081712e-01
-8.803649987693619172e-01
1.000000000000000000e+00
-1.579225794594552035e-01
-1.000000000000000000e+00
6.034759832445796279e-01
7.626016412415226320e-01
2.336755560455006098e-02
-6.582167630371128508e-01
1.000000000000000000e+00
2.797374402830336004e-01
-1.000000000000000000e+00
-7.361231540851331800e-02
-9.951388237160713190e-02
-4.227450685664984054e-01
-6.783734533131320354e-01
4.486616781724777070e-01
-1.000000000000000000e+00
-1.000000000000000000e+00
-2.925456138983758558e-01
-2.250119232990467621e-01
-6.107434697615610197e-01
-1.000000000000000000e+00
-1.000000000000000000e+00
-4.230094936755888213e-01
-5.266324069266570262e-02
-5.956442845043435907e-01
2.685728633426349155e-01
1.530430349285436531e-01
1.000000000000000000e+00
-1.450462775487592060e-01
-1.000000000000000000e+00
-8.276899323524736785e-01
-1.000000000000000000e+00
-1.000000000000000000e+00
3.914270770965944113e-02
7.716518741606985810e-01
3.826596350770963273e-01
-6.465312546880370714e-01
-6.857954842044937660e-01
-3.316381468085491946e-01
-1.736790154915612838e-02
5.193259886961221206e-02
7.539365790891605634e-02
-1.000000000000000000e+00
-1.363619799416517786e-01
-4.988205509441867580e-01
-9.435158958032832111e-01
-1.794930773045380068e-01
-3.636215775924984683e-01
6.081194853115907684e-01
-1.000000000000000000e+00
-4.132451139403240381e-01
-4.196243467467840604e-01
3.515472286277869784e-01
1.000000000000000000e+00
-2.970978729095676840e-01
8.998269860295662337e-01
7.212740585591841391e-01
-1.000000000000000000e+00
1.000000000000000000e+00
7.093604592056337310e-01
-7.408329181822479459e-01
-1.000000000000000000e+00
-1.573754827107669563e-01
8.129993119235839893e-01
1.000000000000000000e+00
-1.000000000000000000e+00
1.994169145459399051e-01
8.307077778529258216e-01
1.000000000000000000e+00
1.000000000000000000e+00
-6.592318933507195222e-01
1.000000000000000000e+00
8.331789339101072223e-01
3.046031913415034875e-01
1.000000000000000000e+00
3.062703622113189805e-01
8.940272891164461333e-01
-8.159727040698199207e-01
1.000000000000000000e+00
2.270118947478063642e-01
7.255894618015292785e-01
3.169556193033227220e-01
-1.000000000000000000e+00
8.830095012411940392e-01
1.000000000000000000e+00
5.939019684364088558e-01
-5.124363363628920975e-01
-4.468452102855475783e-01
9.455442265458531281e-01
-5.911377225587286510e-01
5.463053722176917093e-01
1.000000000000000000e+00
1.000000000000000000e+00
-1.000000000000000000e+00
1.000000000000000000e+00
7.142129945265823787e-01
-1.000000000000000000e+00
8.273349791063338010e-01
-5.271322833461427049e-01
1.319127387141356689e-01
2.445805401894192710e-01
-9.545159632886399681e-01
2.974787176167572600e-01
1.000000000000000000e+00
8.366015463993423662e-01
1.000000000000000000e+00
4.062809921191468110e-01
5.686964584693500191e-01
-5.288229704718840907e-01
-5.812589277227933060e-01
-6.499134221344149420e-01
7.982730706220038108e-01
5.522519142366218992e-01
-6.008124496038138584e-01
1.000000000000000000e+00
1.000000000000000000e+00
-4.456408603467069685e-01
1.000000000000000000e+00
-3.572944814722374129e-01
-1.000000000000000000e+00
1.000000000000000000e+00
-7.397752960203813899e-01
-1.000000000000000000e+00
-6.913403754180336147e-01
1.821907168018009893e-01
-7.965352365021288739e-01
-1.000000000000000000e+00
-5.224002253476796032e-01
-1.000000000000000000e+00
5.217333132224973857e-01
-8.433703027885819381e-04
-1.000000000000000000e+00
4.073156903563707187e-01
-1.000000000000000000e+00
-8.649801990627981052e-02
7.869100863381127686e-01
-3.874140960732723182e-01
-1.000000000000000000e+00
2.517827520588094004e-01
5.390507947588142335e-01
-1.000000000000000000e+00
1.000000000000000000e+00
1.450048231817886446e-01
-1.000000000000000000e+00
-4.174469457618763535e-01
-1.000000000000000000e+00
-4.710186173174528701e-01
2.963185845576577493e-01
5.725099575509913219e-01
1.000000000000000000e+00
4.621980162246603907e-01
1.000000000000000000e+00
7.370090010838055150e-01
-1.000000000000000000e+00
8.737539748896259173e-01
1.000000000000000000e+00
6.727807682859063831e-01
-1.398238903201043382e-01
5.552602461130409228e-01
-1.000000000000000000e+00
1.000000000000000000e+00
-1.000000000000000000e+00
4.056058587830972950e-01
-3.701864834427780471e-01
1.000000000000000000e+00
4.285643699679658747e-02
-8.251876894049865463e-01
-1.000000000000000000e+00
-1.000000000000000000e+00
-1.931457758352414789e-01
1.000000000000000000e+00
-1.422764777368088485e-01
3.656301454556892816e-03
-8.398702974338734251e-01
-8.122818318033577789e-01
-7.845587234815372124e-01
-1.121847120932124575e-01
-1.000000000000000000e+00
1.000000000000000000e+00
2.651066337186969157e-01
-1.950781060167892100e-01
6.336056203451819746e-01
2.369970068195793589e-01
6.375957891304134817e-02
1.000000000000000000e+00
-7.391101887642654855e-01
2.758553274730100591e-01
2.846301847239034455e-01
-5.258895557655380859e-01
-1.000000000000000000e+00
-1.000000000000000000e+00
8.503947149747503875e-02
2.720410781968940483e-01
-1.000000000000000000e+00
-7.763050275063575478e-01
-1.557212320538572115e-01
1.000000000000000000e+00
1.000000000000000000e+00
-5.953134261517238901e-01
9.734410049658068775e-01
7.820708258477366837e-01
3.775966731308713076e-01
-2.633641991985896658e-01
-1.000000000000000000e+00
-6.540809503864291052e-01
-7.356844641259958628e-01
-1.000000000000000000e+00
3.698160411670348147e-01
8.677085760241958212e-01
-1.886867154689837456e-01
-1.000000000000000000e+00
1.000000000000000000e+00
-3.959983615687074909e-01
