-4.987329125586789091e-01
1.000000000000000000e+00
1.000000000000000000e+00
-1.000000000000000000e+00
1.000000000000000000e+00
-8.775229147763472515e-01
7.467781899910781451e-01
-1.000000000000000000e+00
-1.000000000000000000e+00
1.000000000000000000e+00
-2.821085100031851534e-01
-6.889143484556614627e-02
-2.818028214087708871e-02
2.661939456595903142e-01
1.000000000000000000e+00
6.829168279173818412e-01
6.684969747309864596e-01
-2.150696559307817557e-01
1.000000000000000000e+00
3.483122310936864752e-01
-7.399550718477699851e-01
-1.531345107485507229e-01
-2.680478133060756329e-01
-3.011088446707463895e-01
-1.000000000000000000e+00
-1.000000000000000000e+00
-8.137204129766215099e-02
-1.982328136539863728e-01
-5.378361214673902380e-01
-9.571482012429244346e-02
-1.000000000000000000e+00
-4.983989775404502609e-01
-7.519450386077433102e-01
5.029892282106660506e-01
-2.226035585562530228e-01
-1.000000000000000000e+00
1.000000000000000000e+00
1.000000000000000000e+00
-3.098444225223958570e-01
-2.043283985277828396e-01
5.828906396680844093e-01
-6.672740633717424430e-01
4.614566068449599268e-01
-8.216157605654217377e-01
-1.000000000000000000e+00
1.000000000000000000e+00
1.000000000000000000e+00
2.021144872367387491e-01
1.000000000000000000e+00
8.637091815677298001e-01
3.406141866388543438e-01
-2.041234553069845581e-01
-1.935395779686084339e-01
5.128171678121076216e-01
-9.201900028001590570e-01
1.967332995275854202e-01
-8.705946359210368080e-01
-4.040347303561440118e-01
9.155676212991175067e-01
-5.838923957377930574e-01
-2.355607114561961146e-02
1.000000000000000000e+00
-9.279589464400590515e-01
1.000000000000000000e+00
2.449480375621093664e-01
-3.373587167642222440e-01
-7.313995644145518948e-01
-1.000000000000000000e+00
5.304913517748788276e-01
7.938976411275922018e-02
1.746305651644473877e-01
-6.410121937930217673e-01
-1.846378711689936614e-01
3.913926645571160767e-01
-7.309614364152974275e-01
-1.000000000000000000e+00
-1.000000000000000000e+00
7.728935185292538090e-01
-1.000000000000000000e+00
1.000000000000000000e+00
1.000000000000000000e+00
-9.493554005631026360e-01
1.000000000000000000e+00
6.155144379680086431e-01
-4.615047097926878172e-01
1.000000000000000000e+00
-1.000000000000000000e+00
8.498216012744169712e-01
-1.000000000000000000e+00
-1.000000000000000000e+00
-5.827361724171472579e-01
-6.332788088330909559e-01
-8.016623494962872298e-01
-1.000000000000000000e+00
9.800895962351474644e-02
9.540129601367601797e-01
1.000000000000000000e+00
-1.000000000000000000e+00
-6.995627970602753543e-01
6.157948838425800764e-01
4.022078643051268942e-01
-2.404633199065170368e-02
-5.984168679152721548e-01
1.000000000000000000e+00
-1.000000000000000000e+00
1.000000000000000000e+00
1.330072253108334213e-01
-1.000000000000000000e+00
-5.941092576321886920e-01
2.888263058432056773e-01
-5.005822374627346694e-01
5.776420992877697724e-01
3.137109803598404634e-01
-1.000000000000000000e+00
-1.000000000000000000e+00
1.000000000000000000e+00
-1.000000000000000000e+00
4.783407351504425087e-01
1.000000000000000000e+00
1.000000000000000000e+00
4.303380857788803304e-01
-1.000000000000000000e+00
-6.236893329308843548e-01
6.674776736215689565e-01
1.000000000000000000e+00
1.000000000000000000e+00
-8.529903519613136753e-01
-9.570640736697709761e-01
-1.504124402510242930e-01
8.204485615842139756e-01
1.000000000000000000e+00
6.266285237013742293e-01
-3.559839217062953920e-01
1.000000000000000000e+00
-1.000000000000000000e+00
-8.171394933718880704e-01
-2.709212329902090377e-01
-9.530633678901876404e-01
1.632832917335576006e-01
1.000000000000000000e+00
-5.620131483304178222e-01
9.850069204749508645e-01
8.567042409416378845e-01
1.000000000000000000e+00
8.320314862158015856e-01
-1.000000000000000000e+00
1.000000000000000000e+00
-9.693903568484861788e-01
1.000000000000000000e+00
5.846993702523886061e-01
-1.000000000000000000e+00
1.997353844440818982e-01
1.000000000000000000e+00
9.273263718867186256e-01
9.411470663835792561e-01
1.252127861545535570e-01
1.000000000000000000e+00
-1.000000000000000000e+00
9.301800891401450500e-01
4.245590874487745747e-01
-3.552142129492330547e-01
-3.146502445246690538e-01
5.799837962863252372e-01
-8.029104928445179867e-01
-1.000000000000000000e+00
3.904970345265144083e-01
-6.871381622765354580e-01
-1.000000000000000000e+00
-7.943303278173339255e-01
-1.962163618826214817e-01
8.731614606462665407e-01
3.352730607878339764e-01
2.210834395891191351e-01
1.000000000000000000e+00
-1.000000000000000000e+00
-3.413770267706890960e-01
8.468561392514118991e-01
3.092137536511210261e-01
1.000000000000000000e+00
1.000000000000000000e+00
-7.771206951473732527e-01
-5.234680078611740894e-01
1.675061001361654034e-01
1.000000000000000000e+00
1.000000000000000000e+00
1.000000000000000000e+00
6.496384886137367420e-01
1.000000000000000000e+00
3.842957852071301472e-01
-5.625697930511029954e-01
1.364127679274638183e-01
1.000000000000000000e+00
-1.000000000000000000e+00
6.039503415800553388e-01
1.000000000000000000e+00
-3.087455216885589548e-01
2.957189396890902433e-01
1.000000000000000000e+00
-3.741621593024249126e-01
-1.000000000000000000e+00
2.058732643417020558e-01
1.857601384136487455e-01
-1.000000000000000000e+00
1.000000000000000000e+00
-9.841120063974994059e-01
-7.468370029488816675e-01
-6.599817984454650066e-01
1.000000000000000000e+00
1.000000000000000000e+00
9.133272226345192646e-01
-1.000000000000000000e+00
7.239933920440932980e-01
-2.280698787767602154e-01
-8.311203898223684661e-01
2.884011425552642782e-01
1.000000000000000000e+00
-1.000000000000000000e+00
1.000000000000000000e+00
1.000000000000000000e+00
-5.439130644928079628e-01
-1.000000000000000000e+00
1.000000000000000000e+00
9.555840715279981801e-01
7.146870134569087707e-01
-4.837148885952768929e-02
3.674910242833158147e-01
1.000000000000000000e+00
-1.000000000000000000e+00
1.000000000000000000e+00
5.501526324756134123e-01
1.000000000000000000e+00
1.000000000000000000e+00
-1.000000000000000000e+00
4.663339228730349895e-01
-5.959690661895801211e-01
1.000000000000000000e+00
1.000000000000000000e+00
-6.275231841968320623e-01
1.000000000000000000e+00
-4.337091621856687951e-01
-5.524405285871442084e-01
-8.559344379173923212e-01
-1.000000000000000000e+00
1.713587458426706345e-01
-7.609484226471268098e-01
-1.000000000000000000e+00
1.000000000000000000e+00
1.000000000000000000e+00
-6.628114661744821667e-01
1.000000000000000000e+00
4.999387083236098706e-01
2.033218032191899116e-01
1.000000000000000000e+00
3.541527831128031267e-01
2.634380496660079229e-01
-4.559633188432441475e-01
7.624910700105087535e-01
-1.000000000000000000e+00
1.000000000000000000e+00
-9.732999218884029746e-01
7.291697431579875488e-01
-1.000000000000000000e+00
-8.867660940707566830e-02
1.000000000000000000e+00
-1.000000000000000000e+00
