-2.813731991927206216e-02
-5.472569792848029913e-01
3.880743970427993350e-01
1.000000000000000000e+00
1.000000000000000000e+00
-1.000000000000000000e+00
4.616548212492661563e-01
5.656942971463813086e-01
-8.142315931842551979e-01
-1.000000000000000000e+00
9.208375813878879601e-01
-5.234501689506401156e-01
-1.000000000000000000e+00
1.000000000000000000e+00
1.000000000000000000e+00
-1.000000000000000000e+00
-6.214577701594614645e-02
1.000000000000000000e+00
-1.000000000000000000e+00
-4.125799446897838174e-01
9.422378032481089072e-01
5.807969553280385444e-01
1.000000000000000000e+00
1.000000000000000000e+00
-7.969251264461585382e-02
9.802669158621246659e-01
-1.000000000000000000e+00
6.032775351315459167e-01
3.432503572136896830e-01
1.000000000000000000e+00
1.000000000000000000e+00
3.934892644489310642e-01
-1.000000000000000000e+00
3.360817349236611129e-01
1.000000000000000000e+00
8.975113725349226357e-02
1.000000000000000000e+00
-1.000000000000000000e+00
1.000000000000000000e+00
3.874273591575654874e-01
4.884069492405151980e-01
-3.830924002484159541e-01
-9.400905177932992185e-01
1.000000000000000000e+00
2.963067721681449385e-01
1.000000000000000000e+00
3.687714101503558606e-01
-1.000000000000000000e+00
5.109850538782360063e-01
-1.000000000000000000e+00
-3.554757108716753988e-01
-2.973340672381665772e-01
-1.000000000000000000e+00
-4.248097197348567056e-01
-6.011813073466956148e-01
1.000000000000000000e+00
-1.098909419220793771e-01
-1.000000000000000000e+00
-1.000000000000000000e+00
1.000000000000000000e+00
5.564940347581540658e-01
-3.623615340164026977e-01
7.117537874688018018e-02
-7.596426588343758723e-01
1.000000000000000000e+00
9.830905830209588636e-01
2.658747510597130326e-01
1.000000000000000000e+00
8.423050195281428509e-01
-2.126977908169087605e-01
5.241103794242117919e-01
1.000000000000000000e+00
-8.249882292295971364e-01
-1.106878601349398084e-01
-9.895462593457474698e-01
-3.225170252306053253e-02
-3.197879114589075589e-01
-4.269383608183185963e-02
1.000000000000000000e+00
1.000000000000000000e+00
6.016677223181023937e-01
-5.206039459252918000e-01
-1.000000000000000000e+00
6.368507599882714532e-01
1.000000000000000000e+00
1.000000000000000000e+00
1.000000000000000000e+00
1.000000000000000000e+00
1.000000000000000000e+00
4.229045764807126129e-01
1.914204133234522764e-01
1.000000000000000000e+00
9.570303547706591196e-01
-5.764078494748365866e-01
1.692312725137845586e-02
8.157763858377783395e-01
6.472317753612855107e-01
-5.177780849477455760e-01
-4.008151817100408243e-01
-6.731749244858915571e-01
-2.598977197435998754e-01
6.129424516315256088e-01
9.372580178621083835e-01
-1.000000000000000000e+00
-1.087490918994022948e-01
-6.160856670094247978e-01
-1.098709176486536432e-01
-8.484735156247266152e-01
1.000000000000000000e+00
3.350974211180789419e-01
1.000000000000000000e+00
-1.000000000000000000e+00
-1.000000000000000000e+00
1.000000000000000000e+00
-1.000000000000000000e+00
-3.027137037972590372e-01
-1.000000000000000000e+00
-1.000000000000000000e+00
1.000000000000000000e+00
-1.000000000000000000e+00
-6.656096800937351121e-01
1.000000000000000000e+00
1.000000000000000000e+00
4.728414912667622261e-01
1.533240599478739585e-01
-9.279855484749863215e-02
2.074436874363277117e-01
1.008954164247530816e-01
1.000000000000000000e+00
9.273142247415744333e-01
9.637829335088605731e-01
-1.000000000000000000e+00
9.393392941047585820e-01
8.147294554194352001e-01
3.187506098812028510e-01
7.978118515749514916e-01
8.812424115993405804e-01
7.122490080695353942e-02
-2.350223616565705331e-01
-1.000000000000000000e+00
-9.022179530832159511e-01
-1.000000000000000000e+00
-1.000000000000000000e+00
1.000000000000000000e+00
1.000000000000000000e+00
-1.000000000000000000e+00
4.753923742352342274e-01
-1.000000000000000000e+00
-5.540504435789466164e-01
-1.000000000000000000e+00
2.642556049927087258e-01
-2.538538681309826517e-02
-1.000000000000000000e+00
-7.192560774484819675e-01
-1.000000000000000000e+00
9.556587395697080378e-01
-3.004932215979290167e-01
3.006815735419404167e-01
-7.479502327017716334e-01
-2.808595119237218274e-01
-6.180344692053634237e-01
-1.000000000000000000e+00
-1.000000000000000000e+00
2.924198668700039860e-02
-2.905427068940724666e-02
1.000000000000000000e+00
1.000000000000000000e+00
-7.116764270711753992e-01
5.986677610795922977e-01
3.997310289815178552e-01
-1.000000000000000000e+00
7.699265547802203180e-01
1.000000000000000000e+00
3.038821257846620050e-01
-1.000000000000000000e+00
1.000000000000000000e+00
1.000000000000000000e+00
1.000000000000000000e+00
4.444056747435665145e-01
7.269031927471896193e-01
1.000000000000000000e+00
2.472199055634758391e-01
-4.906485887379997135e-01
6.697103616995295772e-01
-1.000000000000000000e+00
6.420783187211565046e-01
5.676439339082930413e-01
-1.000000000000000000e+00
1.000000000000000000e+00
-6.434129327770405915e-01
1.000000000000000000e+00
4.422953676379435262e-01
1.000000000000000000e+00
-1.000000000000000000e+00
-1.000000000000000000e+00
-1.000000000000000000e+00
1.660969612508472193e-01
-9.759568005776182442e-01
1.000000000000000000e+00
-1.000000000000000000e+00
1.000000000000000000e+00
1.000000000000000000e+00
6.754530635616617928e-01
-1.338558146006252891e-01
1.000000000000000000e+00
1.000000000000000000e+00
-4.375848028748916541e-01
1.000000000000000000e+00
-1.000000000000000000e+00
-1.000000000000000000e+00
-8.560111945155520763e-01
1.000000000000000000e+00
4.554280332050766322e-01
3.021348196793370855e-01
-1.000000000000000000e+00
1.054171656371121757e-01
6.585350050029601388e-01
-1.901461538530087036e-01
3.301785736685494133e-01
-7.598443661929097370e-01
9.741755723154341129e-02
-1.000000000000000000e+00
1.000000000000000000e+00
-5.892654496704152756e-02
-3.113122704111931371e-01
1.000000000000000000e+00
-1.000000000000000000e+00
-7.287962018956000154e-01
2.075023941144849005e-01
-1.000000000000000000e+00
1.000000000000000000e+00
-1.000000000000000000e+00
4.753724407033677046e-01
-2.236939526365730180e-01
2.345806366760571082e-01
1.000000000000000000e+00
8.156872650980376838e-01
-2.459843680825116730e-01
-4.449086565381519809e-01
-2.613378392995096000e-01
2.602146444467501318e-02
4.027299272346612780e-01
6.091332800831723571e-01
6.396614379357123958e-01
-8.221170573896496858e-01
-1.000000000000000000e+00
-1.000000000000000000e+00
1.000000000000000000e+00
1.000000000000000000e+00
-4.383424764906787008e-01
-2.020450183673476729e-01
1.000000000000000000e+00
-6.257696473095961665e-01
1.386454132043373200e-01
7.940588533958354844e-01
-1.000000000000000000e+00
-7.512990727535575619e-01
2.585134920813093595e-01
1.000000000000000000e+00
9.627510404672258160e-01
1.616469454963511687e-01
1.000000000000000000e+00
-1.000000000000000000e+00
-6.915031888335224641e-01
6.873392814740596490e-01
