4.289160887581677795e-01
-4.719767686706155541e-01
-6.242395379668788102e-01
-3.926974131413425440e-01
-9.225151124367028110e-01
7.848245994263480796e-01
9.073946026714247992e-01
-6.337316117786717662e-02
-5.718031117503874494e-01
8.816437320610603923e-01
9.218986205399084533e-01
-2.486559595755766239e-01
-2.215359636448999137e-01
6.618370143336016476e-01
6.760981294216050763e-02
7.488905290233724976e-01
-1.800218687723726951e-01
-6.288374523905257973e-01
-5.150861337802439266e-01
6.326029742610643769e-01
-9.333217349378342131e-01
3.531051410031640359e-01
-9.156780761814191649e-01
-7.035411112196054972e-02
9.732715467194954506e-01
2.721632884355456028e-01
9.081152462667820835e-01
3.538721931017487776e-01
9.327986753656647423e-02
-8.081926522261200230e-01
-7.007969222220420402e-01
-3.901947987608467283e-01
6.952014825666767983e-01
-7.417879101659214935e-01
-2.666817021511616037e-01
2.292743681266400380e-01
-1.846446568136534960e-01
-6.516245637176549810e-01
-5.555638343287707670e-01
6.737267048070032516e-01
7.274089877630136591e-01
8.574609582491621307e-01
-4.647083593791212497e-01
-7.137137954905019566e-01
7.124777749137602978e-01
8.785611561880013465e-01
9.472366105989824536e-01
-8.644777514401285057e-01
-3.057448639712334604e-02
4.139607715463400339e-02
-7.362026859619972274e-01
7.131107847845510328e-01
-4.887996522078994488e-01
-1.360784236474754660e-01
-6.532398096764571171e-01
4.790649851271613358e-01
4.433427955877042859e-01
-6.186734550060590809e-01
-3.245339676252623207e-03
-8.850480523155843660e-01
-1.080760941356628813e-02
-6.940340968017129075e-01
4.952821822030499810e-01
-9.714008890275152019e-01
1.460756572133670161e-02
-2.083608129121365948e-01
4.620322839329671361e-02
9.587697302316553483e-01
-2.262321003384466511e-01
-4.401003226004687185e-01
-9.465272989998596564e-02
5.868885626922180077e-01
1.258355966546853555e-01
-1.708958009586936111e-01
6.330513165795870201e-01
-8.480514826082414803e-01
8.572212761728312813e-01
8.983009143783380335e-01
8.906910583144158622e-01
8.461607482253166168e-01
2.135646112862208401e-01
6.834571168037697486e-01
-4.801224122649219161e-01
-3.779506764070719171e-01
3.612079453659933215e-02
-4.472007518567777673e-01
6.687976626361604726e-01
-4.755957067556448870e-01
-4.531243558634956425e-01
3.477530414559770744e-01
-4.331520081896989005e-02
6.551659187094871495e-01
7.603079267118517670e-02
-6.755114937342538983e-01
-3.930580111260515430e-01
-4.835961921610860692e-01
-4.266775016720414371e-02
2.204694141224745607e-01
-9.901771400678207602e-01
-3.319250075286990231e-01
-9.712559343804469947e-01
-9.978546598484625552e-01
-6.338532834628611834e-01
8.149574632103475658e-01
-4.848143710784502680e-01
6.415225052329331934e-01
-5.555582179133289333e-01
8.695911907473723446e-01
5.949661631584652888e-01
-5.073565266275832375e-01
4.429799774372884524e-01
6.678438648593294502e-01
-9.978493377968533640e-01
-5.880227136366138474e-01
5.389224704246704523e-01
-9.468551483361618004e-01
1.281801576891623551e-01
-9.371043603721782578e-01
-7.774515905092680423e-01
-3.502963909862664149e-01
-7.304731432495552568e-01
5.467571420226782219e-01
-5.180584386840325628e-02
2.889812846871844254e-01
7.668487787356594865e-01
-4.155790598319086815e-01
4.682780355469002842e-01
-9.045648080475696684e-01
7.492270318580909194e-01
-6.781707211465555218e-01
-1.055334356109256522e-01
3.609493645373897941e-01
-9.557017451998310875e-01
-9.528862626826943849e-01
8.599714333821757428e-01
8.327490312876657530e-01
-2.408118783556103537e-01
-4.516070026278051763e-02
-6.134294736311491913e-01
-3.489667839080661249e-01
1.763986590758790385e-01
4.146076888870913191e-01
7.633961582059825002e-01
1.312231900046183508e-01
-9.316748138646699928e-01
-1.677378918073784142e-01
-9.252164390087689316e-01
9.688680022877849130e-01
-4.054632873288044337e-01
-4.768255693163592213e-02
7.796528810839984391e-01
8.753205731676714230e-01
3.220153936699248209e-01
2.950345335896060739e-01
-7.971663521846517053e-01
2.943752134539470156e-01
-9.563551413744488805e-01
-2.579190677376028695e-01
5.268392836786957023e-01
1.002639100634714620e-01
-9.812774381855271510e-01
-7.617967765056687934e-01
-2.911464410113908663e-01
-7.060792051207642750e-01
-3.540489997848952353e-01
-2.534003208717134914e-01
-5.296840817760222198e-01
-9.675227475984111702e-01
6.044302536035590645e-01
-2.509535179543074257e-01
1.280507780497190939e-01
3.961317419011012309e-01
7.974834541783233366e-01
7.790320926426521631e-01
-2.263874700144248298e-01
1.536472686674179577e-01
3.385712993832683537e-01
8.921611164108946834e-01
2.255464780551237336e-01
-8.869867429095552591e-01
3.883023378970387185e-01
-4.043249102957151564e-01
-5.310878299382781886e-01
3.310418776593240242e-01
6.509273904330459271e-01
-4.038549030797251582e-01
4.493367037822051380e-01
-3.716113098776065993e-01
9.245755899968917113e-01
-6.851950744265298265e-01
7.242147233190434630e-01
1.160605105267342729e-02
7.546027194947146910e-02
-4.656541904713504820e-01
-2.148750078709737998e-02
-4.382266095086755353e-01
-9.320989581139915714e-02
-1.368250842476022022e-01
-7.130660535786881304e-02
3.879001901587644241e-01
-6.976080419993990756e-01
-8.606743269799674856e-01
-1.738484522276366739e-01
3.556341107250886591e-01
8.650051718088440644e-01
9.487627253786790060e-01
7.280403166758888656e-01
-9.566485470424226367e-01
2.221930026887299903e-01
-8.347138696590237217e-01
-3.043629082824685916e-01
1.663825995639758304e-01
5.463485074591976076e-01
-3.013404355908417820e-01
-3.457996518560741972e-01
9.997201949526339781e-01
5.639769741237281586e-01
6.454935563899748541e-01
-7.310579197186670708e-01
1.206579866101198384e-01
4.557865371379095087e-01
4.362847981318749291e-01
-1.158546560247288859e-01
4.453918813106956254e-01
-3.343064994948130586e-01
-9.748783032504504398e-02
5.330267001725208509e-01
3.292161028292122094e-01
-8.156613677607049695e-02
-9.326712651616451133e-01
-7.861526011337292008e-01
8.339846586220045488e-02
8.870494074626467107e-01
-3.977186360444049384e-01
9.826244900295741935e-01
-4.518338732093656329e-01
-3.781651962675418588e-01
6.900755482855205347e-01
8.824555437673446967e-01
-1.633322144882178861e-01
7.846377588855839580e-01
-5.998755010910170604e-01
8.024982869572316879e-02
2.553388008945622900e-01
1.242427834160255706e-01
-8.677926843004035717e-01
-9.306641982079204567e-01
7.626166589248661865e-02
-6.065883291471818595e-02
-5.156802358247514206e-01
7.170737508471811683e-01
-3.088086313305098418e-01
-2.285609128375760690e-01
7.995764066955266536e-01
9.135180487461880272e-01
-2.700572995825889500e-02
-6.117506113745312391e-01
-1.393894727751716633e-01
4.602744596671004551e-02
7.895759820650982697e-01
2.508787960006075846e-01
6.477527320036964298e-01
5.565174641961267987e-01
-9.093310145650319587e-01
1.321716361069624757e-01
