7.800965459603479424e-01
-1.000000000000000000e+00
-1.000000000000000000e+00
9.344435617840343156e-01
-1.000000000000000000e+00
-1.808678263437490941e-02
1.000000000000000000e+00
-5.315505323783595859e-01
1.000000000000000000e+00
-3.257674446483110886e-01
-1.623536428523778552e-01
7.300251803794119976e-01
1.000000000000000000e+00
6.614544587108779350e-01
-6.925420468210716773e-01
3.255897375072487332e-01
-8.426849697579931187e-01
-8.614124213341418645e-01
8.122781637613873951e-01
8.501041405133950013e-01
1.000000000000000000e+00
3.609566676149075226e-01
-7.394427308927367104e-01
9.134272743229781000e-01
3.544752741754277903e-01
1.000000000000000000e+00
-5.445130213520892326e-01
1.000000000000000000e+00
8.156495176913624023e-01
4.093157904594422192e-01
1.000000000000000000e+00
1.417098464085783105e-01
9.525408357189009134e-01
-1.000000000000000000e+00
1.000000000000000000e+00
2.516575621165475507e-01
3.252883744687478096e-01
7.627873929311885792e-01
8.621364705379827020e-01
2.698275153063905973e-01
-6.160745489610042203e-01
-1.000000000000000000e+00
-1.000000000000000000e+00
-1.000000000000000000e+00
3.004360355527915249e-01
1.000000000000000000e+00
-1.000000000000000000e+00
1.000000000000000000e+00
1.000000000000000000e+00
-1.000000000000000000e+00
-7.084883021029901862e-01
5.205030466559646962e-01
-6.820706459499192853e-01
-1.000000000000000000e+00
-1.000000000000000000e+00
-4.516499715188057040e-01
-3.956075902018566515e-01
-1.000000000000000000e+00
2.921291761868526904e-01
-1.000000000000000000e+00
1.000000000000000000e+00
3.230581915707649854e-01
7.569788330953861610e-01
-1.000000000000000000e+00
-2.344959762825334915e-01
4.017611413077467608e-01
-1.000000000000000000e+00
9.041739115054991949e-02
-1.000000000000000000e+00
-1.000000000000000000e+00
1.000000000000000000e+00
3.876957152241460314e-01
6.494593343214415393e-01
2.080013275296733744e-01
-5.186376763524966904e-01
-1.000000000000000000e+00
1.000000000000000000e+00
-3.154300343913949423e-01
1.000000000000000000e+00
2.986502235697019447e-02
4.650381363843000271e-01
-6.325673739925100625e-01
1.000000000000000000e+00
5.539260645661786553e-01
4.183593144774645500e-01
3.396435213388178109e-01
-9.435653958037660827e-01
-1.000000000000000000e+00
-2.029082766501782986e-01
-3.460543218126738152e-01
-1.000000000000000000e+00
-2.289946391746382481e-01
-1.000000000000000000e+00
1.000000000000000000e+00
-1.000000000000000000e+00
1.000000000000000000e+00
4.873132340006514074e-01
-1.000000000000000000e+00
-4.650515006683639818e-01
-1.000000000000000000e+00
-8.584274684322337201e-01
6.669468264266577018e-01
-1.000000000000000000e+00
6.373579808829247240e-01
-1.000000000000000000e+00
-5.273193143440737529e-01
-1.000000000000000000e+00
9.580363525695181348e-01
-7.245360560218516710e-01
-1.000000000000000000e+00
-1.000000000000000000e+00
1.000000000000000000e+00
3.627106854934061264e-01
4.495466807551118382e-01
1.000000000000000000e+00
1.000000000000000000e+00
-1.000000000000000000e+00
1.000000000000000000e+00
6.795543492207319902e-01
1.000000000000000000e+00
-3.521729577861466565e-01
1.000000000000000000e+00
1.000000000000000000e+00
6.112949034271517590e-01
6.784099894196238267e-01
9.741007016577017952e-01
-7.891298728010516239e-01
1.000000000000000000e+00
1.000000000000000000e+00
-1.259872230701533091e-01
-1.000000000000000000e+00
8.133195742357313129e-01
-8.322535240351039976e-01
2.580454405038844490e-01
3.387118033041873755e-01
-5.293902259131646471e-01
1.000000000000000000e+00
1.000000000000000000e+00
1.000000000000000000e+00
-1.000000000000000000e+00
-3.064161244378498239e-01
-7.209186420385829130e-01
-7.961037721100936437e-01
1.000000000000000000e+00
-6.722197944028198702e-01
-9.359934665796663111e-01
3.834159107954426826e-03
1.000000000000000000e+00
2.646469605809300685e-01
-5.057763825173540173e-01
-1.000000000000000000e+00
-1.000000000000000000e+00
3.236470978801886389e-01
-1.000000000000000000e+00
8.050806211081138475e-01
-1.000000000000000000e+00
1.000000000000000000e+00
-4.993069016685098283e-01
-8.322721608593548481e-01
1.000000000000000000e+00
1.000000000000000000e+00
7.967619659454004966e-01
5.922138829035543672e-01
-8.439032728636690628e-01
-3.999053028240793228e-01
-9.552746989795898314e-01
-8.060526453827032700e-01
7.031030001971552146e-01
-6.146510911409959199e-01
8.772517011548044419e-01
1.000000000000000000e+00
6.322099941469953022e-01
1.000000000000000000e+00
-1.000000000000000000e+00
1.000000000000000000e+00
8.656985419064027187e-01
-7.759353874286409880e-01
6.457542752614220394e-01
-1.000000000000000000e+00
1.000000000000000000e+00
-1.000000000000000000e+00
-1.000000000000000000e+00
1.000000000000000000e+00
4.933877727807356450e-01
1.000000000000000000e+00
4.285207813188215975e-01
1.000000000000000000e+00
-3.571032690300295354e-01
-1.000000000000000000e+00
-8.446183181345837676e-01
-1.000000000000000000e+00
6.476827282853780954e-01
-1.000000000000000000e+00
1.000000000000000000e+00
-2.605238074182150698e-01
-4.011587004638802467e-01
-1.000000000000000000e+00
-4.373791396921081764e-01
-7.253191900305400175e-02
-1.000000000000000000e+00
4.607277806150099630e-01
2.488202847258513817e-01
1.221222655312323990e-01
1.000000000000000000e+00
1.000000000000000000e+00
5.507833796950012406e-01
1.000000000000000000e+00
-1.000000000000000000e+00
2.365731223262528271e-01
-1.000000000000000000e+00
-4.047205682487950984e-01
1.098233669596628825e-01
7.851161875248424682e-01
5.428650600951245853e-01
-7.833502728537985460e-01
4.898791002837286634e-01
-1.000000000000000000e+00
1.000000000000000000e+00
6.802844434529811135e-01
1.000000000000000000e+00
-1.000000000000000000e+00
1.191036923527283298e-01
-2.312781817525169092e-01
-1.000000000000000000e+00
-1.000000000000000000e+00
9.914122896259254247e-01
-1.000000000000000000e+00
1.000000000000000000e+00
1.000000000000000000e+00
3.919537405946518227e-01
1.000000000000000000e+00
-2.970419411076726801e-01
9.416698791883174602e-01
-1.000000000000000000e+00
3.189753410153329805e-01
-1.450227265894559192e-01
1.000000000000000000e+00
9.510037930217798419e-01
1.000000000000000000e+00
-1.000000000000000000e+00
7.702730991496224977e-01
-6.188044879751790628e-01
2.536193677656357615e-01
-6.923411968915677006e-01
-8.360781982691889436e-01
-9.846128191466101409e-01
1.000000000000000000e+00
3.747296550886037858e-01
1.734690610358337048e-01
-7.386800382575553492e-02
-6.033731670465539709e-01
1.000000000000000000e+00
-1.000000000000000000e+00
1.000000000000000000e+00
-7.230186215531092531e-01
-3.970245742715736714e-01
7.836716857582092244e-01
1.000000000000000000e+00
1.524478781647470860e-01
9.684630432522631227e-02
4.723842107384673694e-01
-1.000000000000000000e+00
4.106858670469104577e-01
2.851991393513756412e-01
1.000000000000000000e+00
