2.609235422033406859e-01
4.213938132673886727e-01
-1.000000000000000000e+00
-2.958723884074538901e-01
-1.244363400948444998e-02
7.373643092064845472e-01
1.000000000000000000e+00
4.053711824087138371e-01
-8.641021682082909994e-01
1.624641693914499196e-01
7.847471030318252661e-01
7.156154087548369791e-01
4.713818892747461131e-01
6.238682902644459016e-01
2.800679694552843380e-02
-9.264625271261346384e-01
-2.307545328431745979e-01
1.956486403755324233e-01
1.000000000000000000e+00
-2.362700945465023850e-02
-1.000000000000000000e+00
-1.000000000000000000e+00
-1.000000000000000000e+00
4.858561683707739998e-01
7.949600114740458245e-01
-1.000000000000000000e+00
1.000000000000000000e+00
-6.942433669307150890e-01
9.248077884649279490e-01
8.180974796690951845e-01
7.437993853237556685e-02
1.000000000000000000e+00
4.384425152117332747e-01
-1.000000000000000000e+00
-1.000000000000000000e+00
-8.704456953097927663e-01
-3.847260316551410764e-01
-4.984378303541303623e-01
5.946075420021261770e-01
-1.000000000000000000e+00
-1.355597997188437709e-01
-2.184201804018042203e-01
-1.000000000000000000e+00
3.979999360829686861e-01
1.000000000000000000e+00
-2.836967962790657438e-01
2.203721072014481752e-01
1.000000000000000000e+00
-1.000000000000000000e+00
-6.544552136420745958e-01
-7.319116971766670421e-01
-2.446839636426947351e-01
1.000000000000000000e+00
-1.000000000000000000e+00
-2.734541021791470072e-02
8.589361101129373566e-01
-5.406976380401307125e-02
-4.381750178891257175e-01
1.734650948160552097e-01
1.000000000000000000e+00
7.889476256099425822e-01
1.000000000000000000e+00
-1.000000000000000000e+00
-6.080426344642266834e-01
8.073797779208923275e-01
-5.629021121918518222e-01
-1.000000000000000000e+00
-1.000000000000000000e+00
1.000000000000000000e+00
-3.375107328664344042e-01
-3.864195170885671438e-01
7.941133542488265640e-02
-9.153216937821884169e-01
5.858873896942617954e-02
-8.383441850762614056e-01
6.251746622568707945e-01
-2.703216687123368156e-01
1.890150045601769468e-01
8.127266487086206581e-01
1.000000000000000000e+00
1.431145358661258804e-01
1.000000000000000000e+00
8.087337520421171710e-01
1.000000000000000000e+00
-3.316173665034256590e-01
-2.430744372247489737e-01
-7.569614369611599169e-02
-1.360989789899068880e-01
7.147827604008130109e-01
-9.186154672323783021e-01
-8.861057283098143778e-01
-6.565264974550584220e-01
9.053341385611173298e-01
4.426510887697193697e-02
1.000000000000000000e+00
7.073968406802144671e-02
2.801824486064115605e-01
-7.132333290025063555e-01
1.000000000000000000e+00
-5.148455926381436676e-01
1.000000000000000000e+00
-3.441426972808321327e-01
-9.344598522671162533e-01
1.578038753952439865e-01
1.000000000000000000e+00
-6.964780402185499764e-01
-4.654320379548113618e-01
1.000000000000000000e+00
1.000000000000000000e+00
1.000000000000000000e+00
-1.000000000000000000e+00
-8.522740993072983606e-01
-1.000000000000000000e+00
-9.895145384205980554e-02
6.794102888123170203e-01
1.000000000000000000e+00
-5.494028148061815831e-01
-1.000000000000000000e+00
5.216774781934623018e-02
-6.637006044517085313e-02
1.000000000000000000e+00
8.943326774809514657e-01
7.764036026635312560e-01
-5.650642282254225712e-01
1.000000000000000000e+00
1.000000000000000000e+00
-4.713371287543528521e-01
7.256044467865788716e-01
9.419998710136283648e-01
-2.338933763773011210e-01
2.141196344856597378e-01
8.854024313417726555e-01
-1.000000000000000000e+00
1.781991060368832702e-01
-6.616104896981823691e-01
-7.085052279816732579e-01
-6.645936466506133233e-02
7.377065505261712897e-01
1.000000000000000000e+00
-9.603280648347689574e-02
2.397879011692821694e-02
1.000000000000000000e+00
-1.000000000000000000e+00
-1.000000000000000000e+00
-1.000000000000000000e+00
-7.762724976622303874e-01
1.000000000000000000e+00
7.579470938080337117e-01
1.000000000000000000e+00
8.002358076513698126e-01
-9.890282895782993577e-01
6.374534762098245100e-01
-1.925303736274877608e-01
-1.000000000000000000e+00
1.000000000000000000e+00
-1.000000000000000000e+00
4.121089999207012688e-01
5.792754351450646322e-01
-7.051200691730996617e-02
-1.000000000000000000e+00
-3.782075285049844027e-01
1.000000000000000000e+00
1.566230658640591633e-01
9.373807010280301721e-01
5.342680588305892542e-03
2.404792112682336835e-01
-4.539040863236955547e-01
7.987323752229834595e-01
-2.779094291630233027e-01
-4.120710339097131136e-01
3.946926731535604915e-01
1.000000000000000000e+00
-5.671643623809860535e-02
1.000000000000000000e+00
-1.000000000000000000e+00
1.000000000000000000e+00
4.764714301516694839e-01
5.109750941199031615e-03
9.878150026449816767e-01
6.846228010821677756e-01
-1.000000000000000000e+00
6.408468018196635807e-01
-1.000000000000000000e+00
-9.500687622103879404e-01
-2.925988885938706208e-01
-5.488475596914644816e-01
-1.000000000000000000e+00
-3.244231058096611608e-01
-7.309650365604982714e-01
-9.038806598040145523e-01
7.954989930930304043e-01
-7.908488362229529889e-01
-6.829217044774305023e-01
-7.601993143049945445e-02
-6.960290819472416679e-01
1.172304151197967048e-01
-1.000000000000000000e+00
-9.835407120848995710e-01
-7.825225690685377877e-01
-1.000000000000000000e+00
8.212308333329173538e-01
-9.340394382556689301e-01
-9.571328826212682772e-01
-8.322988870307530540e-01
1.000000000000000000e+00
8.863037929445682916e-01
-7.002839418615718348e-01
9.898337850804352911e-01
-1.000000000000000000e+00
1.000000000000000000e+00
-9.742233670301587711e-01
1.000000000000000000e+00
-1.000000000000000000e+00
8.286529735681767983e-01
5.290074736860699289e-01
-1.000000000000000000e+00
1.000000000000000000e+00
5.448493821723381370e-01
9.508448946229985932e-01
-6.473993652998794035e-01
2.378108648175623618e-01
-3.439512772570243460e-01
8.653496305338876926e-01
6.498048485986221978e-01
4.868256861355677589e-01
-6.214994983757778924e-01
-2.885184665151497851e-01
-3.943997748479592391e-01
1.485258085860914345e-01
-4.830391222867956857e-01
1.000000000000000000e+00
6.321476940514996201e-01
-1.712579179381500394e-01
7.704532643766787148e-02
-1.000000000000000000e+00
-8.819953493976699921e-01
-2.245312612188924417e-01
1.000000000000000000e+00
-3.544230991332004699e-01
6.648629858543280147e-01
5.774290638084662586e-01
-2.030589468103553008e-01
-5.390744390686990073e-01
1.000000000000000000e+00
8.394117489089278905e-01
4.183675728358787760e-02
-1.000000000000000000e+00
-2.320026477149150779e-01
-3.869522135086595482e-01
1.000000000000000000e+00
1.937003387520148667e-01
2.022011576131869104e-01
4.543872841511437111e-01
2.595474838781197668e-03
-5.768097265941884988e-01
-8.657515357980405390e-01
1.603158578199727069e-01
-1.000000000000000000e+00
-3.290599042493413950e-01
-8.908609586793088120e-01
-6.513295157367644528e-01
-8.423260741838853871e-01
-4.412296970218381187e-01
6.611295500278298043e-01
-7.256456083399246415e-01
