1.000000000000000000e+00
-1.369400376917748463e-01
-2.306606773061966043e-01
8.444306141410187205e-01
-3.129913865076112689e-01
-3.737361217968663829e-01
-1.181752482475699750e-01
1.000000000000000000e+00
5.577874302008967167e-01
-1.000000000000000000e+00
-3.785717509523057189e-01
1.000000000000000000e+00
1.000000000000000000e+00
-1.000000000000000000e+00
-2.127438495010152142e-01
-1.000000000000000000e+00
1.000000000000000000e+00
1.000000000000000000e+00
2.076555228806013509e-01
-1.281216693325371025e-02
-4.024160048320142291e-01
-1.000000000000000000e+00
-1.000000000000000000e+00
2.683327744579919738e-01
-5.397293906403926034e-01
-1.000000000000000000e+00
-8.161299991296280254e-01
-3.382292680309665345e-01
4.875348106156925931e-01
1.000000000000000000e+00
-8.956438997072283525e-01
-1.000000000000000000e+00
1.000000000000000000e+00
2.664184732554766288e-01
-1.000000000000000000e+00
1.000000000000000000e+00
2.372921483998755576e-01
1.000000000000000000e+00
6.341749938690610655e-01
-1.000000000000000000e+00
3.070491102185960441e-01
4.216048272044837786e-01
-2.110647953158248380e-02
1.000000000000000000e+00
5.823592252823033277e-01
-1.912848083647865627e-01
8.880503096680506525e-01
-4.077739146701351292e-01
5.961406303438185894e-01
1.274837378066754900e-01
8.166741492307352246e-01
-4.164563378398536964e-01
-4.180951216042092522e-01
-1.000000000000000000e+00
4.992114830796156033e-01
1.000000000000000000e+00
-1.000000000000000000e+00
-4.360550952188990692e-01
1.780452862143952208e-01
-2.814972449671351296e-01
6.623859586803395594e-01
-7.748894799731054217e-01
3.711221500350991853e-01
1.000000000000000000e+00
7.906130782059372919e-01
-1.000000000000000000e+00
-6.732124840119402265e-01
7.388681107025035777e-01
-1.000000000000000000e+00
-1.000000000000000000e+00
1.000000000000000000e+00
-9.561902310417964568e-01
-1.000000000000000000e+00
1.000000000000000000e+00
1.000000000000000000e+00
6.503850246262083967e-01
1.000000000000000000e+00
2.857038966664529056e-01
-4.040310997784146707e-01
7.156441860082782824e-01
-2.222032179759098336e-01
1.000000000000000000e+00
-3.928085415137283487e-01
1.941806706409482941e-01
-7.641037052139264540e-01
-1.000000000000000000e+00
-8.373822200753621159e-01
1.000000000000000000e+00
2.363708953700804916e-01
-3.984912290989873207e-01
-6.581036992932235430e-01
-2.909787786712436652e-02
4.568596265432987025e-01
6.747777006945263611e-01
3.974647648346674167e-02
-1.000000000000000000e+00
1.000000000000000000e+00
3.362870458213108593e-01
-2.882083304901348342e-01
-7.086222060761893093e-01
2.949338970527312642e-01
2.125763214603665352e-01
1.000000000000000000e+00
1.000000000000000000e+00
1.000000000000000000e+00
1.000000000000000000e+00
-1.000000000000000000e+00
1.490086606939520220e-01
1.000000000000000000e+00
-2.263859380283652634e-01
-2.196742393608177024e-01
-8.419729001120476175e-01
-5.103921942045024362e-01
-7.910098112369441381e-01
1.000000000000000000e+00
3.101837841052745848e-01
-4.941637235120707183e-01
3.913701680544668937e-01
-1.818085018901183236e-01
8.850970555214088265e-01
1.000000000000000000e+00
6.406379750349736613e-01
7.137026974658103873e-01
-1.220260529405166605e-01
-1.000000000000000000e+00
1.752111715566903039e-01
-1.000000000000000000e+00
3.555896231026924870e-01
2.074993640894783331e-01
5.072298308786933330e-01
-9.728782353454363818e-01
-1.000000000000000000e+00
-5.003671627096806240e-01
-1.638258183028341031e-01
-2.155349139842903661e-01
1.000000000000000000e+00
1.000000000000000000e+00
-1.000000000000000000e+00
-7.308964095687786600e-02
-1.295444540446669124e-01
-8.446682133231775413e-01
4.013146022246927291e-01
4.001006025834463742e-02
2.178301663524740972e-01
-1.000000000000000000e+00
-2.222616108626274123e-01
-1.000000000000000000e+00
7.226942242226197521e-01
1.000000000000000000e+00
5.709320679274845212e-01
-1.000000000000000000e+00
-1.360838355809388944e-01
-1.000000000000000000e+00
-1.000000000000000000e+00
7.329842869110603232e-02
1.000000000000000000e+00
-1.000000000000000000e+00
1.000000000000000000e+00
-1.000000000000000000e+00
6.816620241866033769e-01
-1.000000000000000000e+00
-1.840191201962149137e-02
1.000000000000000000e+00
5.663754681186357054e-01
2.236594474189821380e-01
5.357627772559535595e-01
-7.166836850286585348e-01
5.454009655167626480e-01
-2.013208661940220634e-01
1.000000000000000000e+00
-4.856750597109477097e-01
-1.681258112275832439e-02
3.115823320880608538e-01
-1.000000000000000000e+00
8.910928747676020167e-01
4.392909600442419515e-01
-1.000000000000000000e+00
5.319383406874789166e-01
3.747899801096834516e-01
1.000000000000000000e+00
4.890202952288713600e-02
-7.326842238679459607e-01
-1.000000000000000000e+00
7.542698991365504035e-02
6.563116308297565205e-01
1.000000000000000000e+00
-5.100629982273696683e-02
1.000000000000000000e+00
1.512516912094285515e-01
1.000000000000000000e+00
2.324911455912955505e-01
1.000000000000000000e+00
5.226161577773447142e-01
-5.620040422338221653e-01
9.012689237309710055e-01
1.000000000000000000e+00
1.000000000000000000e+00
-6.792256665618595646e-01
1.776242488737312941e-01
1.000000000000000000e+00
3.576519678193904594e-01
-1.181262407563683503e-01
-1.000000000000000000e+00
4.839594715498500843e-01
1.000000000000000000e+00
-7.708869468123176194e-01
1.000000000000000000e+00
1.000000000000000000e+00
1.000000000000000000e+00
-1.000000000000000000e+00
-2.885271162494046360e-01
-1.000000000000000000e+00
7.694364619305709141e-01
-4.377308071887852092e-01
-8.557080901183966581e-01
-1.000000000000000000e+00
-5.718352883881863136e-01
-3.168409267027793019e-01
-3.184512642148096262e-01
6.186711320025837235e-01
1.000000000000000000e+00
-1.000000000000000000e+00
-1.144020128712499584e-01
-1.682929484012154475e-01
-1.000000000000000000e+00
7.292100791803166615e-01
1.000000000000000000e+00
1.000000000000000000e+00
-3.094211868681621125e-01
-6.821557716558324103e-01
6.919122533182577861e-01
-1.000000000000000000e+00
-4.987992065177844492e-02
-1.358477795628476592e-01
-1.000000000000000000e+00
-1.000000000000000000e+00
-8.479488574124555145e-02
1.000000000000000000e+00
1.000000000000000000e+00
2.409062765379292315e-01
-1.000000000000000000e+00
-7.043784652058229234e-01
-4.190345359229832867e-01
2.038619423770330341e-01
1.725314244952665943e-01
-7.102917942738822266e-01
-6.013289736232207972e-01
6.076492268302824407e-02
1.000000000000000000e+00
1.000000000000000000e+00
9.725904695122926658e-01
-9.916289576693046448e-02
1.000000000000000000e+00
-6.318418969045577205e-01
-3.079134803128746323e-01
-7.567736635909627640e-01
6.970838032511685878e-01
1.000000000000000000e+00
4.450694635170872049e-01
1.000000000000000000e+00
-8.141590327839834940e-01
-5.850368332557720485e-01
3.610041355847453670e-01
1.000000000000000000e+00
1.000000000000000000e+00
