-1.000000000000000000e+00
1.000000000000000000e+00
-1.000000000000000000e+00
1.000000000000000000e+00
-4.762126661872703171e-01
-1.000000000000000000e+00
-1.000000000000000000e+00
1.000000000000000000e+00
6.897736134393098739e-01
-5.931190059094401112e-01
-5.445535053032864170e-02
1.000000000000000000e+00
1.000000000000000000e+00
7.035041058603433983e-01
6.283485475761568795e-01
-1.000000000000000000e+00
2.248203066480563006e-01
-1.000000000000000000e+00
1.000000000000000000e+00
7.921849294070808511e-01
6.356485131240672271e-01
1.000000000000000000e+00
9.373936321039771924e-01
-5.222290639249005384e-01
6.915667512396814764e-01
1.000000000000000000e+00
-8.480230793105365539e-01
2.550914560401418285e-01
-1.835797432728195899e-01
4.128457258118728435e-01
4.167827139872929409e-01
1.945080660734367362e-01
-5.533711805142353946e-01
1.000000000000000000e+00
9.036026617990636778e-01
5.469240113924578317e-02
-7.556289637486784949e-02
9.465442251378127780e-01
-1.000000000000000000e+00
-1.302061352241689618e-01
-6.449032228609350437e-01
1.000000000000000000e+00
-1.000000000000000000e+00
1.012632796475543273e-02
3.188123203366020064e-01
-1.000000000000000000e+00
-1.000000000000000000e+00
-1.002351346199061854e-01
-3.684508308443844582e-01
1.000000000000000000e+00
-5.399835005357798146e-01
-1.377415865408635476e-01
1.000000000000000000e+00
3.565068459611854257e-01
6.366068504408530782e-01
1.499165086773784905e-01
1.000000000000000000e+00
9.147145467522828088e-01
6.546954214629399083e-01
-1.000000000000000000e+00
3.037274068792681359e-01
-1.000000000000000000e+00
-1.798000918535933579e-01
7.643625952869228524e-01
-1.000000000000000000e+00
-7.383834567996312437e-01
1.000000000000000000e+00
1.000000000000000000e+00
5.893481544346063083e-02
1.000000000000000000e+00
8.037306290122416819e-01
6.667439896254838683e-01
-1.083231375761271043e-01
-8.152166686328410350e-01
-5.545995358283113408e-01
1.000000000000000000e+00
-1.000000000000000000e+00
-9.248456115040128989e-01
-1.000000000000000000e+00
-1.000000000000000000e+00
1.000000000000000000e+00
1.048390406749002551e-01
-8.662573236550957789e-01
-6.104867418219077635e-01
-2.541419290038352541e-01
-6.569994224709700958e-01
-4.053703023157422813e-01
-9.685607173866727093e-01
-1.000000000000000000e+00
1.000000000000000000e+00
6.569655062854951044e-01
-2.560293536365440548e-01
7.936301760380836123e-01
5.013013640384189618e-02
-1.000000000000000000e+00
1.000000000000000000e+00
5.760207660229953452e-01
-5.995461525126590807e-01
-1.587926223487612365e-02
1.000000000000000000e+00
6.408765585272039322e-01
1.390496532306340072e-01
-5.343052375211074789e-01
-1.000000000000000000e+00
-7.280132856864413027e-01
5.622338948878075060e-01
4.339322048083444350e-01
5.391866896009387400e-01
3.574013601029328857e-01
1.000000000000000000e+00
1.000000000000000000e+00
-1.000000000000000000e+00
-8.746091938633725471e-01
-9.674079567492636089e-01
8.806146317931450307e-01
1.000000000000000000e+00
7.487383788938632989e-01
-1.000000000000000000e+00
9.568307471264980713e-01
1.000000000000000000e+00
4.668840817515656494e-01
-3.353229562428533539e-01
-1.000000000000000000e+00
1.000000000000000000e+00
-1.000000000000000000e+00
1.000000000000000000e+00
-4.346597035996941916e-01
2.683214379612467448e-01
-1.000000000000000000e+00
-3.260137619790298147e-01
1.000000000000000000e+00
-5.262373122976777839e-01
1.000000000000000000e+00
-8.927599814726223659e-01
-1.000000000000000000e+00
1.182858391952431587e-01
-1.000000000000000000e+00
1.000000000000000000e+00
-7.218448954156474473e-01
-1.000000000000000000e+00
1.000000000000000000e+00
-1.000000000000000000e+00
1.000000000000000000e+00
-1.000000000000000000e+00
1.203483067163276798e-01
-1.000000000000000000e+00
-3.664439957359899580e-01
-4.035411714427359353e-01
1.484363209875587675e-01
6.352416603611032997e-02
4.915041994571421879e-01
-1.000000000000000000e+00
-1.000000000000000000e+00
-6.571615899434800623e-01
-5.628120347801830459e-01
1.000000000000000000e+00
-6.014550836305225801e-01
-3.229652630162949123e-03
-5.169941333501080205e-01
3.117445149293053275e-01
5.012893576446797450e-01
-1.000000000000000000e+00
5.095522255413060808e-01
-1.000000000000000000e+00
-1.000000000000000000e+00
-1.000000000000000000e+00
7.793458683823476507e-01
1.526766867815171347e-01
2.764065806767774802e-01
-6.656008359014226050e-01
6.921930148185402309e-01
-1.000000000000000000e+00
-2.895285440336236027e-01
8.108487944966156213e-01
7.646319717690008844e-01
-1.000000000000000000e+00
1.000000000000000000e+00
-5.120893827616426197e-01
-8.226106653553646453e-01
1.000000000000000000e+00
1.000000000000000000e+00
1.000000000000000000e+00
3.691388929732537516e-01
-2.610551624183234942e-01
-5.614314464173356667e-01
-6.273847914563042139e-01
1.000000000000000000e+00
3.852568287317070794e-02
1.000000000000000000e+00
-1.000000000000000000e+00
5.764478582028267351e-01
1.000000000000000000e+00
5.249826375191053440e-01
7.396964591444177284e-01
-2.616465264996740148e-01
1.000000000000000000e+00
6.923001570841282870e-01
-4.433329347480555738e-01
1.723105441673544735e-01
7.272716366044892355e-01
1.289074724680124850e-01
-1.000000000000000000e+00
-1.000000000000000000e+00
3.756759098256936547e-01
1.000000000000000000e+00
-3.917862545444297240e-01
-1.000000000000000000e+00
-5.043654919691553662e-03
1.000000000000000000e+00
-6.942733006979671107e-01
3.143362437005849941e-01
-7.795870775813742437e-01
9.623320038138885035e-01
6.084338244175191424e-01
1.000000000000000000e+00
-7.650471201382023079e-01
-2.828653625558010809e-01
3.233084500185936516e-01
2.574970764225308351e-01
4.195460947347484648e-01
-7.792653104367583961e-01
3.656562557376918932e-02
-7.118671925552736424e-01
7.129583372524742613e-01
1.000000000000000000e+00
-4.082900667782839443e-01
7.565747416280438342e-01
-1.000000000000000000e+00
6.353555313749130740e-01
-8.788743489675706622e-01
-3.144039985363318301e-01
1.000000000000000000e+00
9.582773431081997861e-02
-9.546125216660172885e-01
-1.000000000000000000e+00
-7.357513262877162230e-01
3.480033980412871042e-01
1.000000000000000000e+00
1.000000000000000000e+00
-1.000000000000000000e+00
5.878882314851145985e-01
-2.073340168711973464e-01
-1.000000000000000000e+00
1.000000000000000000e+00
3.327897127722407866e-01
-2.731385725971769984e-01
3.351212848417859935e-01
-1.000000000000000000e+00
1.000000000000000000e+00
2.332723292979010932e-02
-1.000000000000000000e+00
-1.000000000000000000e+00
-4.672891417682339954e-01
1.000000000000000000e+00
-1.000000000000000000e+00
-1.000000000000000000e+00
4.437483902382128309e-01
6.276806827228391672e-01
6.140941440634644088e-01
-1.000000000000000000e+00
-1.000000000000000000e+00
-6.485186948065650991e-01
1.000000000000000000e+00
8.881662867904468461e-01
4.768458655368846832e-01
