-8.053555830884804312e-01
-8.130216915749943762e-02
-1.000000000000000000e+00
5.709011869044068321e-01
-1.000000000000000000e+00
-1.000000000000000000e+00
1.000000000000000000e+00
1.000000000000000000e+00
7.108666595689754342e-01
8.138486427811943980e-01
1.000000000000000000e+00
1.173528589087728946e-01
1.000000000000000000e+00
1.000000000000000000e+00
-1.000000000000000000e+00
-5.854201635558864414e-01
-2.449706064095817926e-01
-1.000000000000000000e+00
3.474417878113920111e-01
1.000000000000000000e+00
1.000000000000000000e+00
-1.000000000000000000e+00
1.000000000000000000e+00
1.000000000000000000e+00
2.396924132881617098e-03
4.172727803295273041e-02
-1.000000000000000000e+00
6.637415552082317483e-01
-1.000000000000000000e+00
5.490450500818075952e-01
1.000000000000000000e+00
-1.000000000000000000e+00
1.000000000000000000e+00
-5.163678083198264268e-01
1.000000000000000000e+00
-7.398712416639426914e-01
-8.208116124905948663e-01
4.881706168455700601e-01
6.912365205100017285e-01
8.308978693409405647e-01
-1.499519883921959229e-01
9.866774553478232512e-01
-1.000000000000000000e+00
3.972907431647521026e-02
1.000000000000000000e+00
-9.603833262690643080e-01
3.134424377624991376e-01
1.000000000000000000e+00
1.000000000000000000e+00
1.000000000000000000e+00
-3.552094963990263254e-01
-1.000000000000000000e+00
1.000000000000000000e+00
4.731103483750171979e-01
-8.258809824494062202e-02
1.000000000000000000e+00
-2.042239803588966618e-01
-1.000000000000000000e+00
3.875398429142479784e-01
-1.000000000000000000e+00
-1.000000000000000000e+00
1.000000000000000000e+00
-1.000000000000000000e+00
1.000000000000000000e+00
-3.682694688066855404e-01
9.344340188788733403e-01
4.019221281000040502e-02
1.000000000000000000e+00
1.000000000000000000e+00
-1.648127020269102294e-01
-1.000000000000000000e+00
-1.288637846678917787e-01
-1.000000000000000000e+00
7.713535601625602922e-01
-3.298687679979406262e-01
-4.201364700801014651e-01
-1.000000000000000000e+00
-1.000000000000000000e+00
1.000000000000000000e+00
-1.000000000000000000e+00
-1.000000000000000000e+00
1.000000000000000000e+00
6.918644874251814736e-01
2.773882967394416532e-01
5.117354229280171030e-01
1.000000000000000000e+00
-5.791690107511255903e-01
1.806510099350245868e-01
-4.042332403213613756e-01
-1.000000000000000000e+00
-1.000000000000000000e+00
1.000000000000000000e+00
-1.000000000000000000e+00
-3.543450975203930597e-01
-7.286470670543396810e-01
-4.602569007894081743e-01
-7.290921463097532751e-01
-1.834319957184905592e-01
-9.344776269972139282e-01
-9.669927074611318618e-01
7.648629000419276958e-01
-1.199288692770161813e-02
3.899621572835848538e-01
5.099319851624638522e-01
-3.095165579013968160e-01
1.000000000000000000e+00
-1.118227155221134250e-01
-3.569023044781028942e-01
6.136588946297514280e-01
-5.211631483270565690e-01
5.963735590133567577e-02
-7.660006554460108141e-01
-1.000000000000000000e+00
1.000000000000000000e+00
7.534171254353383418e-01
1.000000000000000000e+00
6.528832778965778516e-01
-1.000000000000000000e+00
8.788520946199043227e-01
1.000000000000000000e+00
1.000000000000000000e+00
9.027857653741234722e-01
1.000000000000000000e+00
-1.482313108146187108e-01
8.898763055211437178e-01
-1.000000000000000000e+00
1.000000000000000000e+00
-2.950089017165204441e-01
-9.916289786643045501e-01
-8.001432472946101715e-02
6.630760716336829841e-01
4.139626171463270943e-01
7.386264435183140242e-02
4.529862761078317090e-01
-6.008709925764865734e-02
1.000000000000000000e+00
1.000000000000000000e+00
1.102722614818693048e-01
8.600136898098107441e-01
-1.000000000000000000e+00
7.545848197886484421e-01
-5.176758226353527226e-01
1.000000000000000000e+00
-5.693403845862210488e-02
5.947090199430179469e-01
4.769148324221278434e-02
-1.000000000000000000e+00
4.830458090988821729e-01
8.977405941026062042e-02
1.000000000000000000e+00
-1.000000000000000000e+00
-1.000000000000000000e+00
-2.307226120666047153e-01
9.033740746595051441e-01
-1.846974571406349297e-01
-1.000000000000000000e+00
-6.659769757957246794e-01
3.117769089949961048e-01
-1.000000000000000000e+00
-3.907556657515771636e-01
1.000000000000000000e+00
7.373736725975099660e-02
-3.603833018131711863e-01
1.000000000000000000e+00
-1.000000000000000000e+00
1.000000000000000000e+00
8.048322461046991672e-01
-1.000000000000000000e+00
1.000000000000000000e+00
7.282010543308681250e-01
-1.000000000000000000e+00
-5.731213191660026185e-01
1.000000000000000000e+00
-1.000000000000000000e+00
-1.000000000000000000e+00
-1.000000000000000000e+00
2.686091137575233878e-01
1.000000000000000000e+00
-3.818967445986743980e-01
3.855744703054856948e-01
-1.000000000000000000e+00
1.000000000000000000e+00
1.000000000000000000e+00
1.000000000000000000e+00
1.000000000000000000e+00
1.000000000000000000e+00
-1.000000000000000000e+00
-1.000000000000000000e+00
1.000000000000000000e+00
-1.000000000000000000e+00
1.000000000000000000e+00
2.921960587015451916e-01
-2.156141004178535603e-02
1.000000000000000000e+00
4.569009883177228004e-01
-6.659097004765217598e-01
1.000000000000000000e+00
1.000000000000000000e+00
-1.000000000000000000e+00
-1.000000000000000000e+00
-1.000000000000000000e+00
-6.414406198652791158e-01
8.905735729615538165e-02
7.654071441037317847e-01
4.959701177357374036e-01
-1.000000000000000000e+00
-1.000000000000000000e+00
-6.081704933053817541e-01
8.491739088780456690e-01
7.175108448657879778e-01
-1.000000000000000000e+00
-1.000000000000000000e+00
1.000000000000000000e+00
-3.927503421826510355e-01
-2.986407030358884107e-01
-9.411436489059080701e-01
9.886203571151996883e-01
2.025343571377258844e-01
-1.000000000000000000e+00
2.983047790829150836e-01
-1.000000000000000000e+00
4.032654717481676254e-01
1.000000000000000000e+00
-3.812544746575976529e-01
-4.602751264036922252e-01
1.000000000000000000e+00
3.052068036878637924e-01
-1.486505423104372836e-01
-1.000000000000000000e+00
7.040194872377714130e-01
-3.513389663193767221e-01
-1.000000000000000000e+00
1.000000000000000000e+00
1.000000000000000000e+00
-4.124364202676698010e-01
-1.000000000000000000e+00
-1.000000000000000000e+00
1.000000000000000000e+00
-1.000000000000000000e+00
-6.601077677061838456e-01
-9.615814331404626270e-02
-4.018329041711921068e-02
-9.081129905341082109e-01
1.000000000000000000e+00
-1.000000000000000000e+00
-3.014949256010220346e-01
-7.267660424294031252e-02
9.892394600837758345e-01
3.988924931983084399e-02
-2.233887952978402813e-02
-2.209168427073362473e-01
1.000000000000000000e+00
-4.643342180054845780e-01
1.000000000000000000e+00
-1.000000000000000000e+00
-9.452962676206424497e-01
1.909921809478232202e-02
-2.689622504637956268e-01
1.000000000000000000e+00
-1.000000000000000000e+00
-1.000000000000000000e+00
1.000000000000000000e+00
1.000000000000000000e+00
-1.000000000000000000e+00
-2.457408875824966810e-01
