-1.000000000000000000e+00
-5.537396109242448405e-01
6.483009342420398280e-01
1.000000000000000000e+00
-1.000000000000000000e+00
1.000000000000000000e+00
-1.000000000000000000e+00
-1.000000000000000000e+00
-1.000000000000000000e+00
1.000000000000000000e+00
1.781377071182340677e-01
4.443018891135307458e-01
7.859864558861922035e-01
1.000000000000000000e+00
3.069725230402257088e-01
1.000000000000000000e+00
-1.000000000000000000e+00
5.593047688214860536e-01
-6.145306139590110961e-01
1.000000000000000000e+00
1.000000000000000000e+00
3.666409273877089259e-01
-1.000000000000000000e+00
-6.745936498491403865e-01
-5.392938741276676051e-01
-1.000000000000000000e+00
-1.000000000000000000e+00
1.000000000000000000e+00
-7.225566143659784002e-01
1.000000000000000000e+00
4.802906937870480286e-01
5.471057426351897401e-01
6.285576795627377811e-01
-4.885363001772182745e-01
7.659446429437557491e-01
8.991848098765764519e-01
1.000000000000000000e+00
1.000000000000000000e+00
-6.596144331577797892e-01
1.000000000000000000e+00
-1.000000000000000000e+00
2.698518567894725440e-02
-7.669184169875187251e-02
1.000000000000000000e+00
-5.232055907006940565e-01
4.225217416776892998e-01
-1.000000000000000000e+00
-1.000000000000000000e+00
3.517239151267935737e-01
-1.000000000000000000e+00
-6.566184366377036952e-01
-3.097003429115954831e-01
-9.641414730943849432e-02
1.000000000000000000e+00
8.421924867165060391e-01
8.434824889347265486e-01
-8.045809811896957875e-01
-1.000000000000000000e+00
-6.096761311277878459e-01
1.000000000000000000e+00
-1.000000000000000000e+00
-3.625571601902024543e-01
3.359247902434091548e-01
1.000000000000000000e+00
1.000000000000000000e+00
-1.000000000000000000e+00
-9.714941770508012109e-01
7.379418186120833001e-01
-1.000000000000000000e+00
7.412550398344697200e-02
-4.027762332830672198e-01
-5.085616826049180750e-01
-2.883945939556243898e-01
1.000000000000000000e+00
1.000000000000000000e+00
8.940445813070954095e-01
-1.000000000000000000e+00
-7.723011486034212503e-01
-1.000000000000000000e+00
-1.000000000000000000e+00
-5.397872831304950658e-02
3.595455576065654801e-01
7.704616484381063835e-01
1.000000000000000000e+00
-7.058640327419105631e-01
8.172008086672446492e-01
6.082516280867557024e-01
-2.361826924677132844e-01
3.377270021753042695e-02
1.000000000000000000e+00
-5.456897480932525468e-01
-1.000000000000000000e+00
-1.000000000000000000e+00
3.478853525347627151e-01
-9.681502948971534850e-02
-3.945756528320578105e-01
1.775223719837836223e-01
6.501036244394253760e-01
-1.000000000000000000e+00
-1.000000000000000000e+00
1.000000000000000000e+00
-1.000000000000000000e+00
7.459733487098243465e-01
1.000000000000000000e+00
-2.444355319473674459e-01
-1.000000000000000000e+00
-9.639638430132149161e-01
-1.000000000000000000e+00
-1.321585256465362956e-01
-5.978688994806038437e-01
-6.373968875579911764e-01
-3.162770282379092635e-01
-6.273975671990481562e-01
1.274194534688898317e-01
4.155887989055151444e-01
1.000000000000000000e+00
-9.675701962040746951e-01
-9.744524841565910256e-01
-3.991144736417526762e-01
-1.000000000000000000e+00
1.000000000000000000e+00
-8.127870487814372602e-01
1.518402235980302606e-01
6.621889067121402572e-01
5.825939279532632575e-01
1.000000000000000000e+00
-1.000000000000000000e+00
7.249429429446330175e-02
-8.719871934117990886e-01
-1.000000000000000000e+00
2.328141906257260585e-01
-1.000000000000000000e+00
2.588728555452670665e-01
9.166327297069114532e-01
2.117239445692331579e-01
1.000000000000000000e+00
8.730198204747441348e-01
1.000000000000000000e+00
-1.000000000000000000e+00
-5.274150545881519658e-01
1.000000000000000000e+00
-1.969246791617993431e-01
1.000000000000000000e+00
-3.567310238307075387e-01
1.000000000000000000e+00
-2.576751468768818665e-01
-8.583089260399927589e-01
-1.000000000000000000e+00
-7.100527316395479627e-01
-1.000000000000000000e+00
7.065774745849289218e-01
1.000000000000000000e+00
9.389527295284387787e-01
1.876891399447282449e-01
2.682759929522118281e-01
-1.000000000000000000e+00
3.807195562269263256e-01
8.846127889158530433e-01
1.000000000000000000e+00
-1.090905286022922915e-01
1.000000000000000000e+00
5.085280734795789570e-01
-1.000000000000000000e+00
4.123892301375827185e-01
-4.885085099356623051e-01
1.000000000000000000e+00
-9.216687106896455095e-01
1.343692457977948840e-01
-1.000000000000000000e+00
1.000000000000000000e+00
8.242110074317605672e-01
-8.149101752713030500e-01
5.693487821609304333e-01
-1.000000000000000000e+00
-4.832656934267043347e-02
-1.000000000000000000e+00
8.462452725388101005e-01
4.224020293711425733e-01
3.100893337162629049e-01
-1.468732117890435562e-01
2.376497053165653739e-01
1.000000000000000000e+00
7.729982229877937483e-01
-6.629265460395596943e-01
1.000000000000000000e+00
-5.327746352122483264e-01
4.814993864056678063e-01
1.732107129689545166e-01
1.000000000000000000e+00
8.676504645050779896e-01
1.000000000000000000e+00
8.580622275012627087e-01
1.000000000000000000e+00
-1.160270288219025225e-01
5.708036002137977238e-01
7.839098413486091932e-01
5.628695411764506051e-01
1.000000000000000000e+00
6.183648061660456108e-01
1.000000000000000000e+00
-3.163749182999753273e-01
-8.331586590519273194e-01
-1.000000000000000000e+00
6.887025341771031428e-01
6.682555084837333848e-01
1.803742398384378109e-01
1.000000000000000000e+00
1.000000000000000000e+00
-7.806842070244945919e-01
-1.000000000000000000e+00
-1.000000000000000000e+00
-5.873201811916658466e-01
3.363401454544642233e-01
1.000000000000000000e+00
8.627439391408815439e-01
1.436462809206225932e-01
-1.000000000000000000e+00
9.746506121246372167e-01
1.000000000000000000e+00
-1.000000000000000000e+00
8.308158009186377146e-01
-5.729648781182705708e-01
8.879284785252217205e-01
1.000000000000000000e+00
-3.094730051703750151e-01
-4.339878643652959611e-01
-6.775176582325186381e-01
1.147782948156484961e-01
-5.713713826871392731e-01
-6.646817588695352885e-01
-1.000000000000000000e+00
-7.425669249326638521e-02
5.876355364753522714e-01
-1.717784829698374705e-01
-7.986101532545106796e-01
3.428486250492744358e-01
-1.000000000000000000e+00
-7.894909267140892695e-01
1.000000000000000000e+00
2.414279558443979123e-01
-6.950921766516369171e-01
5.298328295988923298e-01
6.394078473417721398e-01
-1.000000000000000000e+00
4.721016350137028361e-01
-1.000000000000000000e+00
1.000000000000000000e+00
1.000000000000000000e+00
-8.521935589009982381e-02
-5.870919349878120919e-01
-1.000000000000000000e+00
-2.724225258828817386e-01
2.177685238902172804e-01
-1.000000000000000000e+00
-1.000000000000000000e+00
1.000000000000000000e+00
-4.020280723686089352e-01
3.609529024509749440e-01
-1.000000000000000000e+00
1.000000000000000000e+00
-1.000000000000000000e+00
5.136982347291219053e-01
-2.078032034095383396e-01
9.223455801424516043e-01
3.502574224286975069e-01
