4.321430668061334579e-01
1.000000000000000000e+00
-1.118358122506455388e-01
-1.000000000000000000e+00
-1.000000000000000000e+00
5.320442210305037500e-01
1.000000000000000000e+00
1.000000000000000000e+00
-1.000000000000000000e+00
1.000000000000000000e+00
4.242769262561449928e-01
5.974218069132889442e-01
-3.186713570977518784e-02
-4.494785968638361773e-01
-7.959240892502847942e-01
-9.829702666709287939e-01
1.000000000000000000e+00
1.000000000000000000e+00
8.995088579509737947e-01
-1.000000000000000000e+00
-3.564132241256598999e-01
-1.236740407032133338e-01
3.647933687140311743e-01
4.109371353200086396e-01
2.818479579683972336e-01
1.000000000000000000e+00
8.583259315072844231e-01
8.848310911510073318e-01
-4.052938144491420314e-01
2.445991368238011887e-01
-4.203799963183214583e-01
9.936657365139531795e-01
-4.773196399995293659e-01
2.668139766248655009e-01
-4.794160697813989458e-01
-1.000000000000000000e+00
-1.610108315224336728e-01
-1.000000000000000000e+00
-1.546717771813362896e-01
2.797658905598829904e-01
-4.103789139978937239e-01
-3.665263440075725576e-01
-1.000000000000000000e+00
-5.428685483256308064e-01
-2.931352223550784952e-01
-7.398217111381690803e-01
1.000000000000000000e+00
-4.710654604446332661e-01
7.863934802307566141e-01
9.914771274647175003e-01
-1.000000000000000000e+00
-1.000000000000000000e+00
1.000000000000000000e+00
1.000000000000000000e+00
9.778838478924745115e-02
-1.353473896404046029e-01
5.884376246819016387e-01
-1.000000000000000000e+00
-1.000000000000000000e+00
-2.871247349330268150e-01
5.072502805567706829e-01
-1.000000000000000000e+00
-1.000000000000000000e+00
2.429049028352296968e-01
-1.000000000000000000e+00
1.000000000000000000e+00
3.820639038713290470e-01
5.120938447497207502e-01
-1.000000000000000000e+00
-3.324727984805015968e-01
-7.657687283053649097e-01
-7.531901562071872114e-01
1.000000000000000000e+00
1.000000000000000000e+00
-1.000000000000000000e+00
2.854724779872283569e-01
1.000000000000000000e+00
1.000000000000000000e+00
-7.426227115252792554e-01
-3.177601664631226619e-01
7.278989917016802647e-01
-1.000000000000000000e+00
-5.759547663097752679e-01
-1.000000000000000000e+00
-1.000000000000000000e+00
-1.131381435579625894e-01
1.000000000000000000e+00
-2.432301531339504663e-01
-1.965710246408618467e-01
-1.000000000000000000e+00
5.176463744050785465e-02
-6.239365147728097583e-01
-1.000000000000000000e+00
-8.959249566222267092e-01
2.152019458994007817e-01
-2.634072649873560046e-01
5.971670779605288137e-01
5.452411419135462234e-01
-9.131637382065476150e-01
1.959565759171619792e-01
1.000000000000000000e+00
-1.757385283678392085e-02
1.755789355301817789e-01
6.667355288052505546e-01
-1.000000000000000000e+00
1.000000000000000000e+00
-1.000000000000000000e+00
-1.000000000000000000e+00
-7.425282786809108693e-01
7.520149177147466002e-01
-1.000000000000000000e+00
5.028275832588799954e-01
1.023519943864096282e-01
-9.207900178029596594e-01
-7.973838317342639703e-01
1.000000000000000000e+00
-1.000000000000000000e+00
3.107111574047081159e-01
-1.000000000000000000e+00
1.000000000000000000e+00
1.000000000000000000e+00
-1.000000000000000000e+00
4.762841121104994802e-01
-1.475858001752642368e-01
6.481312188950181241e-01
-1.000000000000000000e+00
-1.875500660668218411e-01
1.000000000000000000e+00
1.000000000000000000e+00
2.474889527392292177e-01
7.645287993978990837e-01
1.000000000000000000e+00
8.408236134002322615e-03
-1.000000000000000000e+00
-1.069167918176888721e-02
-4.685151320521412366e-01
1.000000000000000000e+00
2.255415567433705359e-01
-7.157620378313733767e-02
1.000000000000000000e+00
1.401905199539121849e-01
7.051181362689749044e-01
-4.390723730311997808e-01
-2.455344300778884437e-01
-7.036769364073108823e-01
4.954735215748928834e-01
1.000000000000000000e+00
7.161649733944166485e-01
3.231639985483426569e-01
-1.896120572988544417e-01
-3.516187818546838706e-01
-1.000000000000000000e+00
1.000000000000000000e+00
1.000000000000000000e+00
7.189695370595511337e-01
6.650117141397926535e-02
-7.792424171389797927e-01
4.699185039077425907e-01
-6.928531118735636873e-02
1.890574673768775638e-01
-4.685811288986079237e-01
1.000000000000000000e+00
-5.791941848477684118e-01
-1.000000000000000000e+00
1.000000000000000000e+00
7.116769352334846310e-01
8.269607145776847190e-02
2.889648721500036599e-01
1.000000000000000000e+00
-7.590976939773327881e-02
-6.829317691196024054e-01
-1.000000000000000000e+00
-2.862472674037401799e-01
1.000000000000000000e+00
1.000000000000000000e+00
-1.000000000000000000e+00
7.637540688285378021e-01
-1.000000000000000000e+00
-2.373471920054739392e-01
-1.000000000000000000e+00
-1.000000000000000000e+00
1.000000000000000000e+00
1.411059768992675434e-01
4.043627289373811218e-01
-8.505572516869077671e-01
-5.297447644797146360e-01
4.263749738125027777e-02
-7.708759471390501661e-01
-7.964475699899471461e-01
9.113707461443232294e-02
1.000000000000000000e+00
1.000000000000000000e+00
-1.000000000000000000e+00
5.954484081947575280e-01
3.522955864773560375e-01
2.117332930394677515e-02
1.000000000000000000e+00
-1.000000000000000000e+00
-6.972232374973563740e-01
1.520904476340056988e-02
-4.658399435157769553e-01
-1.000000000000000000e+00
1.000000000000000000e+00
-2.027536615615034288e-01
9.887844193228491063e-01
9.313989778060844937e-01
1.000000000000000000e+00
-1.000000000000000000e+00
-1.000000000000000000e+00
-1.000000000000000000e+00
-1.000000000000000000e+00
1.595297006531339878e-01
-1.009038622230690185e-02
8.987813167774897360e-01
-1.000000000000000000e+00
2.102641700395765367e-01
3.076950141976778630e-01
-8.014157816256622935e-01
-3.060169559660494976e-01
-1.000000000000000000e+00
1.334069676510699631e-01
1.491498544456354436e-01
-1.000000000000000000e+00
1.000000000000000000e+00
-1.000000000000000000e+00
-1.000000000000000000e+00
-9.631092154270626260e-02
1.000000000000000000e+00
4.938952577957388401e-01
-7.979527103835591939e-01
1.000000000000000000e+00
3.969975511455278161e-01
9.160287801016245846e-01
-5.851478765384969805e-01
-5.031268308389299504e-01
-6.363858734982863474e-01
-1.000000000000000000e+00
8.097345572500269650e-01
1.000000000000000000e+00
-4.587277120819296394e-01
8.998210268654858179e-01
-1.000000000000000000e+00
1.374445203118109804e-01
4.216823509473832665e-01
-1.000000000000000000e+00
-9.923712607776004058e-01
-9.809061828901959323e-01
-4.990203179687193735e-01
-9.121128717407210873e-01
6.767081407196031684e-01
-4.803466918161621857e-01
-1.000000000000000000e+00
1.000000000000000000e+00
-6.146906791471118403e-02
-1.000000000000000000e+00
1.000000000000000000e+00
-9.527408762768911910e-01
-8.152878096796827290e-01
5.432388723615333426e-01
-8.942080377165689820e-01
-1.000000000000000000e+00
-9.458686812512717701e-02
1.000000000000000000e+00
-6.024003350447690863e-01
-9.270946304826066520e-01
