-5.383184432464683811e-01
1.000000000000000000e+00
8.110482991182863532e-01
1.000000000000000000e+00
-8.875667452442022043e-01
1.000000000000000000e+00
1.260779219775739479e-01
-4.868531377517299474e-01
-7.794652655154592491e-01
1.000000000000000000e+00
-6.255574645102428555e-01
9.246683611207374698e-01
-8.139890143527164224e-01
6.654192757507115807e-03
2.560808283838468258e-01
-5.606306418924263957e-01
1.000000000000000000e+00
-3.501144052009332874e-01
-1.000000000000000000e+00
1.000000000000000000e+00
-5.677921453697313270e-01
-2.291396880842159200e-01
-1.000000000000000000e+00
-3.020049182224290862e-01
-3.458242264061503479e-01
3.128101230858795767e-01
3.117762096968552665e-01
-6.525420291434911313e-01
1.000000000000000000e+00
1.000000000000000000e+00
-2.480462532249938512e-01
-9.019923301725851772e-03
-4.827762919223292370e-01
1.000000000000000000e+00
-3.302972651377511504e-01
1.068073467313025993e-01
-1.000000000000000000e+00
3.026655773460000809e-01
-1.000000000000000000e+00
-7.045555648773347279e-01
-1.000000000000000000e+00
1.000000000000000000e+00
1.000000000000000000e+00
1.565469795434967781e-01
-1.000000000000000000e+00
9.458759593572713120e-01
-7.730279282119354445e-01
-3.831769408133114396e-01
-2.890748772377828013e-01
4.489171141918624208e-02
1.000000000000000000e+00
1.000000000000000000e+00
7.744876975380998729e-02
2.225329070246180874e-01
1.000000000000000000e+00
1.000000000000000000e+00
-1.187795072743935698e-02
-2.331112524789031859e-01
1.000000000000000000e+00
1.000000000000000000e+00
1.055601025900571588e-01
1.000000000000000000e+00
6.995065505603670353e-01
1.000000000000000000e+00
-4.415168446673898295e-01
-3.252691686955556660e-01
-4.827166219860820062e-01
-1.000000000000000000e+00
6.337843596685805991e-01
-2.494954844845713726e-01
9.503975476507309228e-01
9.317142873756226740e-01
1.000000000000000000e+00
-1.000000000000000000e+00
-8.914791466853519974e-01
-1.000000000000000000e+00
1.000000000000000000e+00
-1.000000000000000000e+00
4.721040072668409304e-01
-1.000000000000000000e+00
-8.443863718989321754e-01
-6.257509124656230881e-01
1.000000000000000000e+00
7.649276883325719645e-01
-3.923709582403652751e-01
7.286611169626355800e-01
-1.000000000000000000e+00
3.227705549686145092e-01
1.000000000000000000e+00
-6.450832174876182101e-01
-3.362185314725604224e-01
-1.000000000000000000e+00
1.000000000000000000e+00
-4.656425703350075551e-01
1.000000000000000000e+00
-1.000000000000000000e+00
9.299038716123949611e-01
-1.000000000000000000e+00
4.069397908950889153e-02
-1.000000000000000000e+00
-1.000000000000000000e+00
-4.788310833562614555e-02
-1.000000000000000000e+00
6.654872522713676242e-01
5.685262916302047387e-02
-1.000000000000000000e+00
1.021564608960839893e-01
1.000000000000000000e+00
5.843992118773049249e-01
5.641141590795029082e-02
-8.252426727800787898e-02
-9.826329391663732871e-01
1.000000000000000000e+00
-1.000000000000000000e+00
-1.000000000000000000e+00
8.767690267114556235e-01
-1.000000000000000000e+00
1.877912640806968514e-01
-7.059821206412875139e-02
-1.000000000000000000e+00
-8.586614419535101295e-01
-1.000000000000000000e+00
1.000000000000000000e+00
3.574773809998709195e-01
1.000000000000000000e+00
5.003327492744429339e-01
-2.152441932696400606e-01
-3.668793169688722156e-02
-1.000000000000000000e+00
1.000000000000000000e+00
-1.483179636145048885e-01
-6.452633515332587555e-01
-1.000000000000000000e+00
-1.000000000000000000e+00
1.000000000000000000e+00
-1.000000000000000000e+00
-1.000000000000000000e+00
-8.989200041992204682e-01
-2.921510254614774760e-01
-7.659566931650940713e-02
-6.732084418227048950e-01
-2.557645787703441975e-01
1.000000000000000000e+00
9.607297325165744528e-01
1.000000000000000000e+00
1.000000000000000000e+00
-9.379249357143096821e-01
-1.000000000000000000e+00
1.878086186540577351e-01
1.000000000000000000e+00
-8.362983805217452105e-01
1.000000000000000000e+00
-1.000000000000000000e+00
-9.229866365536756323e-01
1.000000000000000000e+00
1.602943397597204056e-01
5.246997586245999434e-01
-1.000000000000000000e+00
9.739324654489274202e-01
1.678225087363491852e-01
2.811386781540607949e-01
4.509876668705385394e-01
-1.000000000000000000e+00
-6.874136582329779532e-01
-1.000000000000000000e+00
-9.364687651224355980e-01
-1.000000000000000000e+00
-1.000000000000000000e+00
-7.492680329232913605e-01
1.670332892031581862e-01
3.987911705785605054e-01
-2.469765156220567748e-01
-1.000000000000000000e+00
9.740720240206277580e-01
-7.769055991664548522e-01
1.000000000000000000e+00
1.000000000000000000e+00
1.000000000000000000e+00
1.000000000000000000e+00
-1.721110715712061978e-01
1.669703137663237219e-02
1.000000000000000000e+00
-1.000000000000000000e+00
-1.000000000000000000e+00
1.000000000000000000e+00
-2.633929368549581262e-02
4.648890383098301660e-02
-5.360814430935436636e-01
-1.000000000000000000e+00
-1.039057811829031674e-01
-1.000000000000000000e+00
-1.000000000000000000e+00
8.418479590523585410e-01
-5.090991154332329405e-01
-1.000000000000000000e+00
-6.666122236417073577e-01
7.969951740888410185e-01
4.718593927585945647e-02
7.402901529000596170e-01
-1.000000000000000000e+00
2.504215945887451888e-01
-1.000000000000000000e+00
-9.376100455391231936e-01
4.384783130254468198e-01
-9.441888119685595271e-01
-5.169298986282655495e-02
2.738414342751729347e-01
1.000000000000000000e+00
-1.000000000000000000e+00
3.759339063098915412e-01
-4.882457485760369753e-01
-1.000000000000000000e+00
1.000000000000000000e+00
-1.374189526741449452e-01
1.000000000000000000e+00
-2.111557607292873229e-01
1.000000000000000000e+00
1.000000000000000000e+00
1.000000000000000000e+00
-1.000000000000000000e+00
-1.000000000000000000e+00
3.614309675549806089e-01
-1.979083294615355815e-01
7.247590799283732954e-01
-1.215609720421425566e-01
-9.057928139802885470e-01
-1.000000000000000000e+00
-1.000000000000000000e+00
1.000000000000000000e+00
-3.348967161421987360e-01
-1.000000000000000000e+00
5.419540973108362136e-01
-1.198742767928681063e-01
-3.919292255361154775e-01
6.569242961602066444e-01
-6.840344570178098493e-01
3.757518817919265897e-01
-1.000000000000000000e+00
9.627226355304345784e-01
-1.000000000000000000e+00
-8.048653317586647038e-01
3.085316043978492129e-01
7.815605294195441255e-01
-3.841294007512495723e-01
1.000000000000000000e+00
1.000000000000000000e+00
1.902268546722790388e-01
-1.000000000000000000e+00
1.385690458743859543e-01
1.000000000000000000e+00
6.830117475829522444e-01
1.000000000000000000e+00
6.866271136494050964e-01
1.000000000000000000e+00
-5.637131612354595589e-01
-8.594008948211648846e-01
-8.575144958024938369e-02
-1.000000000000000000e+00
3.892801938079004653e-02
1.000000000000000000e+00
1.000000000000000000e+00
-1.396182066540896383e-02
-2.237145200187543315e-01
1.000000000000000000e+00
1.000000000000000000e+00
