2.798640760646046166e-01
1.205597298921765592e-01
1.019567469700644602e-01
1.000000000000000000e+00
-4.570683544573028723e-01
9.037040910807920824e-01
1.000000000000000000e+00
-1.000000000000000000e+00
-9.280410864401851256e-01
-1.000000000000000000e+00
6.029811160783701274e-01
1.000000000000000000e+00
1.000000000000000000e+00
-1.000000000000000000e+00
1.000000000000000000e+00
-7.986012683573355808e-01
-3.654492656519003901e-02
1.000000000000000000e+00
-1.000000000000000000e+00
1.000000000000000000e+00
9.845908821277982170e-01
-1.000000000000000000e+00
3.528408460052562257e-01
1.000000000000000000e+00
1.431667332220742939e-01
-8.453798221058445028e-02
-7.395650513159830464e-01
9.025892704267695077e-01
-1.000000000000000000e+00
8.123855611415055078e-01
-2.927412870198051742e-01
-1.000000000000000000e+00
-9.866167985337145341e-01
3.909729378400698119e-01
5.634799699919494920e-01
-2.804336929382295063e-01
1.000000000000000000e+00
-5.502201996902076342e-01
-3.507527529980400960e-01
-9.465071950663996037e-02
5.319711362382641973e-01
1.000000000000000000e+00
7.164229859426155533e-01
-2.881455150525105147e-01
-1.000000000000000000e+00
-3.795076840984843436e-01
1.188658709320327134e-01
1.000000000000000000e+00
8.020892334049534167e-02
-1.000000000000000000e+00
6.111023841542584378e-02
-1.000000000000000000e+00
1.000000000000000000e+00
-1.000000000000000000e+00
6.449966001484325195e-02
2.579607237985591106e-01
-2.217469346300964261e-01
-1.000000000000000000e+00
5.587123324334521968e-01
1.000000000000000000e+00
-1.000000000000000000e+00
7.200296880731562599e-01
-7.217049666452304280e-01
-8.266136585953655080e-01
-4.806953003455614049e-01
-8.014731395491698773e-01
-1.000000000000000000e+00
-1.000000000000000000e+00
-4.828172383621142094e-01
6.711642855987762779e-01
1.000000000000000000e+00
5.598368641184944261e-01
1.000000000000000000e+00
-4.704830399224255166e-01
5.272535626482668381e-01
6.683822507339580721e-01
-2.434850298810090075e-01
2.433961370511807942e-01
1.000000000000000000e+00
1.047338524230275181e-01
-9.415452964077232201e-01
-1.000000000000000000e+00
-3.023446836271145299e-01
6.009418379630138141e-01
1.904908112274639187e-01
9.238973675417013753e-01
-1.000000000000000000e+00
1.000000000000000000e+00
1.000000000000000000e+00
-6.371750812024660204e-01
-2.997560982300842003e-01
-1.000000000000000000e+00
-1.000000000000000000e+00
-1.000000000000000000e+00
1.000000000000000000e+00
1.000000000000000000e+00
-5.647411314432291274e-01
-9.050234399533387819e-01
-1.000000000000000000e+00
3.809420693981866446e-01
1.000000000000000000e+00
1.214491969187108111e-01
-8.984739994399423280e-01
-8.832295851617074645e-01
-1.000000000000000000e+00
8.259994227006783873e-01
3.518160486837081935e-01
-1.000000000000000000e+00
1.633124216225739223e-01
3.253924551248721375e-01
1.000000000000000000e+00
1.000000000000000000e+00
-1.000000000000000000e+00
-1.000000000000000000e+00
-1.000000000000000000e+00
-9.511658727017350268e-01
3.822260335446889812e-01
1.000000000000000000e+00
9.211775290101602565e-01
-1.000000000000000000e+00
-1.000000000000000000e+00
8.571812028069081268e-01
-1.000000000000000000e+00
4.402514604878262627e-01
1.000000000000000000e+00
-7.897513424401375604e-01
-5.380520036912684878e-01
7.547880334435236316e-01
-1.000000000000000000e+00
5.491751467652705720e-02
1.415720193596046173e-01
3.059049664851756778e-01
4.962223530918385972e-01
-4.298169416658725872e-02
1.000000000000000000e+00
2.838043459473204022e-01
-1.000000000000000000e+00
-1.102875582051264236e-01
3.930432796497991821e-01
1.000000000000000000e+00
1.161692713608866168e-01
9.349716938247916165e-01
-1.554582862064205484e-01
1.000000000000000000e+00
-7.177522993953348029e-01
2.988942920209067822e-01
-1.000000000000000000e+00
1.000000000000000000e+00
6.722448939672129864e-01
2.786417208849576999e-01
6.163757203644768534e-01
2.503146772024057443e-01
7.140971925383936547e-01
7.342374212342825945e-01
-9.925184652652535577e-01
-1.000000000000000000e+00
-8.742322192979437023e-01
1.000000000000000000e+00
7.073455566776551406e-02
1.000000000000000000e+00
-5.365089543187753218e-01
-2.272017878113277156e-01
8.682475822070025995e-01
1.000000000000000000e+00
-1.000000000000000000e+00
-9.244082572308776058e-01
-1.000000000000000000e+00
-1.000000000000000000e+00
3.093761416783736284e-01
5.134156199632026185e-01
1.000000000000000000e+00
-1.000000000000000000e+00
1.000000000000000000e+00
-4.919119142074987461e-02
9.560311960154337374e-01
-4.638229751862505967e-01
7.656975200853533003e-01
1.000000000000000000e+00
-3.395271010436462511e-01
-9.134511146196921949e-02
-4.759702491444876560e-01
8.260294197196391686e-01
1.000000000000000000e+00
2.381728593213918721e-01
1.000000000000000000e+00
1.000000000000000000e+00
3.094233495940622580e-01
1.000000000000000000e+00
-1.000000000000000000e+00
1.620060491315257201e-01
-1.803735124714617721e-01
-2.199689862250386596e-01
1.000000000000000000e+00
7.163788946377624978e-01
1.824059767401812748e-01
-1.000000000000000000e+00
1.000000000000000000e+00
-2.616177849453380500e-01
3.206059598615905171e-01
-8.289419077743018782e-01
1.000000000000000000e+00
-3.885299574607559148e-01
4.697141172844123691e-01
-5.025806688080187712e-01
-6.842855108707768252e-01
1.000000000000000000e+00
1.000000000000000000e+00
-4.700170238657006561e-01
-1.178992499666979832e-01
-8.307245664116503781e-01
2.874981607693156693e-01
-1.000000000000000000e+00
-1.000000000000000000e+00
1.000000000000000000e+00
1.758373631187367669e-01
5.676574182934867041e-01
1.000000000000000000e+00
1.000000000000000000e+00
-1.401888457146745759e-01
3.266832329032994808e-01
-1.000000000000000000e+00
1.000000000000000000e+00
1.000000000000000000e+00
-6.325976994889059846e-02
2.063931221056504173e-01
1.000000000000000000e+00
4.891036321522487240e-01
1.000000000000000000e+00
-7.874398813479649428e-01
-1.000000000000000000e+00
-1.000000000000000000e+00
4.622664875904043957e-01
-6.291024832768997710e-01
-3.359812955975352011e-01
7.395556551219899521e-01
-1.000000000000000000e+00
1.000000000000000000e+00
-9.672816895355751399e-01
1.000000000000000000e+00
2.501388703852268636e-01
-1.000000000000000000e+00
1.000000000000000000e+00
1.000000000000000000e+00
1.000000000000000000e+00
1.000000000000000000e+00
4.941730021792457572e-01
8.223605232651322039e-01
-7.434692672586887818e-01
8.189033546507997752e-01
1.000000000000000000e+00
-7.056343814863061947e-01
-5.912516617341256886e-02
-5.551208961146396337e-02
1.000000000000000000e+00
-9.089414868984051488e-01
-4.511655572915901358e-01
1.000000000000000000e+00
-9.906218349338874463e-01
2.054293163623933660e-01
-6.295817531550270685e-01
9.436798484628462491e-01
-1.000000000000000000e+00
3.223744112443942544e-01
6.220474416448634747e-01
-4.502032118154686291e-02
