-1.982382772045705455e-01
-2.708618788041404768e-01
-5.446857782085022803e-01
-3.569531038234825537e-01
1.000000000000000000e+00
2.366273279161134058e-01
-2.039516799825832338e-01
-1.000000000000000000e+00
2.889262731376995297e-01
8.348315985643479653e-01
5.194013229678773325e-01
2.841405461165960045e-01
1.000000000000000000e+00
2.411886072916724633e-01
-1.867927249883620244e-01
7.228438688429621450e-01
-9.423846060791365442e-01
1.000000000000000000e+00
5.312637122544223711e-01
-1.000000000000000000e+00
6.873086619459238822e-01
1.000000000000000000e+00
1.000000000000000000e+00
1.000000000000000000e+00
2.221886776944628217e-01
1.000000000000000000e+00
1.000000000000000000e+00
-5.081789130694830403e-01
7.049736363381491344e-01
6.329461016960122866e-01
-1.000000000000000000e+00
-3.377922379076725434e-02
-1.000000000000000000e+00
6.740400567362223594e-01
-1.000000000000000000e+00
-1.000000000000000000e+00
-1.000000000000000000e+00
1.000000000000000000e+00
-1.569480124081817918e-02
3.512098301019597746e-01
1.000000000000000000e+00
-1.000000000000000000e+00
1.000000000000000000e+00
1.000000000000000000e+00
-6.728043980142393021e-01
-1.000000000000000000e+00
2.066585062278100127e-01
1.000000000000000000e+00
1.000000000000000000e+00
1.000000000000000000e+00
7.814061405059693488e-01
1.000000000000000000e+00
-1.000000000000000000e+00
-2.874100264972534458e-02
-4.669821740985684588e-01
8.194920755788119848e-01
8.840369961795990772e-02
9.354860743772619447e-02
-1.000000000000000000e+00
9.689741828673740232e-01
7.048903087672520051e-01
1.000000000000000000e+00
1.000000000000000000e+00
6.961785676479929075e-01
7.961380150019020663e-02
7.212466975894691323e-01
1.000000000000000000e+00
-1.000000000000000000e+00
1.000000000000000000e+00
1.000000000000000000e+00
-1.000000000000000000e+00
1.000000000000000000e+00
-5.573263365629115285e-01
-4.299680951690057484e-01
-1.000000000000000000e+00
1.000000000000000000e+00
-6.847356620320358411e-01
2.636017779685055906e-01
7.629598042731564611e-01
-1.071648710390538106e-02
-1.000000000000000000e+00
1.000000000000000000e+00
-5.206878888834373109e-01
1.000000000000000000e+00
2.904382609114808389e-02
1.000000000000000000e+00
1.000000000000000000e+00
-7.102890336369084290e-01
4.685773276002243026e-01
1.000000000000000000e+00
1.000000000000000000e+00
3.974747647470489031e-02
1.000000000000000000e+00
2.299508372065379724e-01
8.149118721556578571e-01
1.786598525850642272e-01
-7.534197206868726848e-01
1.000000000000000000e+00
1.000000000000000000e+00
1.000000000000000000e+00
-1.000000000000000000e+00
-1.000000000000000000e+00
-7.040948259641882645e-01
1.000000000000000000e+00
1.474678492383862949e-01
-3.589090625471735296e-01
1.535778922809205582e-01
4.847845964382759831e-01
-3.693407163110238867e-01
-1.000000000000000000e+00
5.804798354768161417e-01
4.321547910795662251e-01
-2.633075372360972888e-01
1.000000000000000000e+00
8.822130048115941481e-01
-7.867376634150309300e-01
6.100520162761284837e-01
1.000000000000000000e+00
6.746506565775444164e-01
1.000000000000000000e+00
9.935902024205653937e-01
-1.000000000000000000e+00
-3.711723123330313845e-01
-1.000000000000000000e+00
7.152431413704712915e-01
1.000000000000000000e+00
-7.358914837142569443e-01
-8.750674940619007636e-01
-1.000000000000000000e+00
4.637492421166872769e-01
-1.000000000000000000e+00
-1.000000000000000000e+00
7.615868492102051412e-03
-1.000000000000000000e+00
1.000000000000000000e+00
-9.314822206189186105e-01
1.000000000000000000e+00
-1.000000000000000000e+00
4.490087267572941965e-01
-2.835209223498722508e-01
-1.000000000000000000e+00
-1.000000000000000000e+00
-1.000000000000000000e+00
-1.000000000000000000e+00
-5.863502695158118172e-05
-1.000000000000000000e+00
1.000000000000000000e+00
4.320616206819497540e-01
1.000000000000000000e+00
-1.000000000000000000e+00
-6.032722214404111494e-01
5.747039387803307697e-01
1.000000000000000000e+00
3.145080192081345372e-01
4.861313590200199153e-01
-1.000000000000000000e+00
1.000000000000000000e+00
4.910038669961670488e-01
-8.606916112547030595e-01
-3.097331213429008745e-01
-4.229140608884778274e-01
-1.000000000000000000e+00
7.274866411849987280e-01
-1.000000000000000000e+00
1.000000000000000000e+00
-1.000000000000000000e+00
1.000000000000000000e+00
7.216878948973208807e-01
1.286579849086087468e-01
7.531320227073479145e-03
-1.000000000000000000e+00
-5.970835350825877130e-01
5.176154431166499204e-02
5.814540115923041430e-01
1.000000000000000000e+00
1.145452951632863758e-02
-8.381688389263941552e-02
-3.988650254565359043e-01
1.000000000000000000e+00
-9.984297171098900359e-01
-1.000000000000000000e+00
1.000000000000000000e+00
8.940852478148495486e-01
-1.000000000000000000e+00
1.000000000000000000e+00
3.353050420590835135e-01
-1.456852904655648318e-01
-9.972475977867614194e-01
-1.000000000000000000e+00
-8.040588931299419428e-01
8.223347461254517654e-01
7.472359427229765538e-01
-1.000000000000000000e+00
1.000000000000000000e+00
-1.000000000000000000e+00
-1.000000000000000000e+00
-1.000000000000000000e+00
-7.857654080925944307e-01
7.581422392890475592e-01
6.328207319293120969e-01
8.793200778838572429e-01
1.260633662750062500e-01
9.915892544414975918e-01
1.000000000000000000e+00
1.133255066233932462e-01
5.579587112457307096e-01
1.000000000000000000e+00
1.639564365542127977e-01
-1.477799109135933264e-01
-1.000000000000000000e+00
6.060440681680010488e-01
-6.129907572465439491e-01
2.439684760657324647e-01
1.000000000000000000e+00
1.000000000000000000e+00
9.385910283264126130e-01
1.000000000000000000e+00
1.000000000000000000e+00
-1.000000000000000000e+00
1.000000000000000000e+00
9.399442096638559174e-02
-7.074782484714459141e-01
-4.690264976822107190e-01
1.000000000000000000e+00
-6.485111684166935397e-01
1.000000000000000000e+00
6.512205007920048860e-01
-1.000000000000000000e+00
-1.000000000000000000e+00
-2.191892957151725385e-02
-1.000000000000000000e+00
-6.522656537921710518e-01
-4.530096039827189447e-01
-1.000000000000000000e+00
-2.480430601377370259e-02
-1.000000000000000000e+00
1.000000000000000000e+00
-2.854446132019244908e-01
-3.711579633358030872e-01
-2.181602975863052851e-01
-1.752402864271735417e-01
-9.948941500093444468e-01
-1.000000000000000000e+00
1.000000000000000000e+00
-1.000000000000000000e+00
-4.329076884444097439e-01
-1.189277352580428854e-01
1.000000000000000000e+00
1.000000000000000000e+00
-1.000000000000000000e+00
1.000000000000000000e+00
1.000000000000000000e+00
8.358044051257760287e-01
7.515519866579873920e-01
-7.925234957544624592e-02
-1.000000000000000000e+00
1.000000000000000000e+00
9.689316701939885146e-01
1.000000000000000000e+00
-6.759784248444389299e-02
-1.000000000000000000e+00
-1.000000000000000000e+00
1.347815131156643309e-01
1.000000000000000000e+00
7.956818118011230734e-01
