1.000000000000000000e+00
1.000000000000000000e+00
-1.543105779026925362e-01
-1.000000000000000000e+00
-9.369080790069281850e-01
7.587238690960528276e-01
-9.868729944334801718e-02
-5.630002427373693719e-01
-1.000000000000000000e+00
-3.125103138109800449e-01
-1.000000000000000000e+00
-5.036018906742550927e-01
-4.913520610687417411e-01
-1.000000000000000000e+00
-2.913345618680927007e-01
-1.514313627271034468e-01
4.682792689146062504e-01
-2.338632663573503301e-02
6.164139283283860404e-01
1.000000000000000000e+00
8.975155091427702292e-01
1.000000000000000000e+00
1.000000000000000000e+00
-1.000000000000000000e+00
1.000000000000000000e+00
1.274081134806891447e-01
1.688049285219388462e-01
1.000000000000000000e+00
2.197741864257898303e-01
-1.000000000000000000e+00
-1.000000000000000000e+00
-1.000000000000000000e+00
3.553374425465520847e-01
-1.000000000000000000e+00
-1.000000000000000000e+00
4.289353128779500590e-01
-1.000000000000000000e+00
-1.000000000000000000e+00
5.660722909098744315e-01
6.769672309319407777e-01
1.000000000000000000e+00
-1.000000000000000000e+00
-1.519314179997573455e-01
-4.210285223315645142e-01
3.106871157508621639e-01
3.467176882569509289e-01
1.000000000000000000e+00
-1.599794405503650596e-01
-1.000000000000000000e+00
-1.000000000000000000e+00
-7.902690496024915578e-01
-6.836652380306795784e-02
3.416265669027460650e-01
3.806349674723050747e-01
1.000000000000000000e+00
-1.915861092374240293e-01
-1.000000000000000000e+00
-3.483693840062100922e-01
2.237828653811633206e-01
1.842728510838179679e-01
1.000000000000000000e+00
-1.000000000000000000e+00
8.334668755839268472e-01
1.451881196187451706e-02
-8.738714943033627502e-01
-1.000000000000000000e+00
1.000000000000000000e+00
-1.000000000000000000e+00
7.071426054700722386e-01
4.155047329341331475e-01
1.000000000000000000e+00
-8.223032592489811776e-01
1.000000000000000000e+00
5.195277617449756136e-01
2.855752858083804302e-01
1.000000000000000000e+00
1.566584260993675870e-01
-9.207902470523136040e-01
4.093364922836421060e-01
-1.000000000000000000e+00
-1.000000000000000000e+00
-1.000000000000000000e+00
-5.473453266016228280e-01
-5.454459046115920362e-01
-5.177172047049480863e-01
9.571958414582704133e-01
6.745337855509299096e-01
-2.530931469535903089e-01
1.000000000000000000e+00
6.699130736864769009e-01
1.647437581384149641e-01
-3.619978750494843300e-01
-7.561672921803843650e-01
1.000000000000000000e+00
1.000000000000000000e+00
-1.000000000000000000e+00
-1.000000000000000000e+00
-1.000000000000000000e+00
4.114857717728668818e-01
9.442651392017695766e-01
-1.000000000000000000e+00
3.955989554393906094e-01
9.413068881837862723e-01
-1.000000000000000000e+00
-1.262157138878332585e-01
9.754729573336609061e-01
-1.000000000000000000e+00
2.688376076308872653e-01
-1.000000000000000000e+00
-8.729961262866174909e-01
-1.000000000000000000e+00
9.482930982854712587e-01
1.000000000000000000e+00
-5.807280534295389263e-02
-1.000000000000000000e+00
-3.042366109716369005e-01
1.000000000000000000e+00
-1.000000000000000000e+00
6.477088850987141599e-01
-9.278257726298227981e-01
-1.000000000000000000e+00
1.000000000000000000e+00
1.000000000000000000e+00
-3.562480822516295165e-01
6.405665398711641867e-01
-1.744474518404004471e-01
-8.124688785875666674e-01
9.100896480207557593e-01
1.000000000000000000e+00
3.266101744265627604e-01
-8.506318478179607512e-01
-9.136133263969872242e-01
1.000000000000000000e+00
-5.993257232202678919e-01
-6.089813937223476081e-02
8.306176519841212968e-01
-8.859047519334835030e-01
5.288388039845940414e-01
-1.000000000000000000e+00
-1.000000000000000000e+00
2.844507893598577364e-01
6.895397251342723077e-01
5.640767894868070620e-02
1.000000000000000000e+00
-6.717971749441524754e-01
-1.201273940445162502e-01
-1.000000000000000000e+00
-1.000000000000000000e+00
-1.000000000000000000e+00
6.419308636655258749e-01
7.943438555496130649e-01
-9.025863531275629681e-01
-7.364003841310293730e-01
-6.329502695535027534e-02
1.000000000000000000e+00
7.499858623000729141e-01
-1.000000000000000000e+00
1.000000000000000000e+00
6.042426410097330169e-01
1.000000000000000000e+00
-8.159439050045926844e-01
-1.000000000000000000e+00
1.000000000000000000e+00
-1.000000000000000000e+00
-1.000000000000000000e+00
5.475358192726598183e-01
4.214869223586057423e-01
6.550484091761650252e-01
-7.597881177088461335e-01
2.006184889589178177e-01
-1.000000000000000000e+00
2.379146212372569291e-01
1.614522571441949217e-01
-1.000000000000000000e+00
-2.237090284360832015e-02
-7.416479814831407058e-01
2.153172141487247337e-03
-1.000000000000000000e+00
-3.193125575228845658e-01
6.390041718687941019e-01
-9.259634642082325007e-01
1.000000000000000000e+00
-3.499415921331470170e-01
-5.194050433200080308e-01
-5.086590846105565333e-01
4.990883197549223493e-01
-2.787320890994375855e-01
-1.000000000000000000e+00
1.000000000000000000e+00
-1.000000000000000000e+00
1.000000000000000000e+00
-3.191351483296574476e-01
2.881271742442134132e-01
1.943161242977484715e-01
-1.856046874577186312e-01
-4.323983663530588384e-01
1.000000000000000000e+00
1.000000000000000000e+00
1.192675607826908513e-01
1.000000000000000000e+00
-1.000000000000000000e+00
-2.852660021956799907e-01
1.000000000000000000e+00
-1.000000000000000000e+00
-5.553142538486000035e-01
1.000000000000000000e+00
9.003181749680266854e-02
-1.000000000000000000e+00
-1.000000000000000000e+00
-1.908842246289079725e-01
-4.132525879545368985e-01
-6.725143211749073924e-01
1.000000000000000000e+00
1.000000000000000000e+00
8.839809355669305813e-01
-1.000000000000000000e+00
-1.000000000000000000e+00
-9.535305162031548765e-01
-1.000000000000000000e+00
-9.222141189757141477e-01
-9.037875489352009684e-01
5.465480735111234445e-01
7.976660860984551293e-01
-6.047266204687971047e-01
-8.484257652115023696e-01
-6.114205294549396319e-01
-1.000000000000000000e+00
1.000000000000000000e+00
-1.000000000000000000e+00
1.000000000000000000e+00
9.692717901436329608e-01
-1.000000000000000000e+00
-4.305833917782255771e-01
-1.271859554162118600e-01
-1.983985504172560144e-01
2.686503774922486265e-01
1.000000000000000000e+00
1.000000000000000000e+00
1.000000000000000000e+00
1.743600366889697939e-01
1.989773763358384517e-01
-2.780254393348074449e-01
-8.238108663471349624e-01
1.000000000000000000e+00
-1.000000000000000000e+00
-1.000000000000000000e+00
7.458682521112275365e-01
1.000000000000000000e+00
1.000000000000000000e+00
-1.000000000000000000e+00
-5.223098526324885249e-01
5.113551118499476411e-01
3.307750351880709427e-01
1.000000000000000000e+00
-1.000000000000000000e+00
-1.000000000000000000e+00
1.000000000000000000e+00
3.110551034705809625e-01
2.665124528112819968e-01
-9.389613247360881765e-01
1.000000000000000000e+00
1.000000000000000000e+00
-5.300174770243709643e-01
-3.868450340091682538e-01
-1.000000000000000000e+00
