-1.000000000000000000e+00
1.000000000000000000e+00
1.000000000000000000e+00
9.434660097042636417e-01
-1.000000000000000000e+00
-3.802833318062274204e-01
-1.000000000000000000e+00
6.505789297054358489e-01
-1.000000000000000000e+00
1.000000000000000000e+00
1.000000000000000000e+00
1.000000000000000000e+00
-4.895923072703999290e-01
-2.393848095291215561e-01
-1.000000000000000000e+00
7.763881526335806305e-01
1.000000000000000000e+00
8.650843149256715048e-02
9.898618485432182368e-01
1.000000000000000000e+00
-1.000000000000000000e+00
1.000000000000000000e+00
-1.814117819450489222e-01
-1.000000000000000000e+00
-3.222096670779310834e-01
-4.751850917990774192e-01
-1.000000000000000000e+00
1.000000000000000000e+00
1.000000000000000000e+00
-4.417077096469328445e-01
-5.572451676947477450e-01
6.675706684923395917e-01
4.425656448528946241e-01
1.000000000000000000e+00
-1.000000000000000000e+00
-1.000000000000000000e+00
-1.000000000000000000e+00
-6.412364987108225556e-01
-1.241053025150806732e-01
-1.000000000000000000e+00
1.000000000000000000e+00
-6.167035809236770527e-01
1.808677634458858707e-01
-1.570367937976544503e-01
-1.000000000000000000e+00
-8.172143293271155740e-01
-1.000000000000000000e+00
5.622045310410104246e-01
-1.005359985192512406e-01
-1.000000000000000000e+00
-1.777939571967067645e-01
3.355864447192602462e-01
-9.732689311384321584e-01
3.772312010810555116e-01
-1.000000000000000000e+00
-3.330427734368343051e-01
9.036275911468384381e-01
-9.356696113566631556e-01
-1.339300329080909124e-01
1.000000000000000000e+00
-4.670020304376432119e-01
6.687305119638589090e-01
1.000000000000000000e+00
7.987147552293802910e-01
1.000000000000000000e+00
-1.000000000000000000e+00
1.000000000000000000e+00
-2.589763148201302823e-01
7.487785106742006480e-01
5.464217497017265224e-01
-4.961903271162881324e-01
-7.954451802851603137e-01
1.875036110779220999e-01
1.000000000000000000e+00
-2.141217776494593328e-01
1.000000000000000000e+00
1.000000000000000000e+00
1.000000000000000000e+00
-1.000000000000000000e+00
-2.453286502312354567e-01
-2.164476929060403787e-01
1.000000000000000000e+00
1.000000000000000000e+00
-7.810294954225874831e-01
-9.535224321437203443e-01
1.000000000000000000e+00
-8.580296842638235333e-02
-1.000000000000000000e+00
1.000000000000000000e+00
-1.000000000000000000e+00
6.019355892320263912e-01
1.000000000000000000e+00
-2.045827168183481648e-01
8.601754986409604342e-01
3.465323951682376946e-01
7.993289615340883891e-01
9.950691014006357582e-01
1.000000000000000000e+00
-1.000000000000000000e+00
-1.000000000000000000e+00
-9.205033534870743495e-02
1.000000000000000000e+00
1.000000000000000000e+00
1.000000000000000000e+00
1.000000000000000000e+00
-1.000000000000000000e+00
1.000000000000000000e+00
1.000000000000000000e+00
-1.000000000000000000e+00
1.000000000000000000e+00
7.560261324114347925e-01
4.841557735672706864e-01
6.662946795933974986e-01
-1.000000000000000000e+00
-6.783720315552784763e-01
-1.000000000000000000e+00
-3.227890665358619238e-01
-1.000000000000000000e+00
-3.497938046072470719e-01
1.000000000000000000e+00
-1.000000000000000000e+00
1.000000000000000000e+00
-2.760671023930408863e-01
-1.000000000000000000e+00
7.362636784884185603e-01
-6.680044209289328627e-01
-1.000000000000000000e+00
1.000000000000000000e+00
-5.400690922120392479e-01
-1.184563609906510440e-01
-1.000000000000000000e+00
-6.268969834633260074e-01
1.000000000000000000e+00
1.000000000000000000e+00
1.000000000000000000e+00
9.431474012174571042e-01
-1.000000000000000000e+00
-7.301067478997069760e-02
-1.000000000000000000e+00
1.000000000000000000e+00
1.000000000000000000e+00
-3.789928857781115767e-01
-8.397454991844746086e-01
-1.904624843352866470e-01
2.484676135140504449e-01
1.000000000000000000e+00
-2.201736082271806838e-01
-1.082202611560556527e-01
-1.000000000000000000e+00
-4.206220881900701314e-01
-1.000000000000000000e+00
-1.000000000000000000e+00
-7.842738682787863125e-01
5.142913962836437314e-01
5.929808819945433518e-01
7.594320644825242050e-01
3.113752776512560549e-01
7.878602300624814037e-01
-7.442233260960539054e-01
1.000000000000000000e+00
1.000000000000000000e+00
1.000000000000000000e+00
1.000000000000000000e+00
1.000000000000000000e+00
-1.000000000000000000e+00
-2.768423198019367426e-01
-1.000000000000000000e+00
1.000000000000000000e+00
-7.278757050405842977e-02
-7.729704647232152892e-01
1.000000000000000000e+00
9.468156011672000938e-01
1.000000000000000000e+00
-9.481265856712096651e-01
1.000000000000000000e+00
-7.882194806240563345e-01
-8.611391743743403993e-01
-9.147160948565700167e-01
-5.718201836439138486e-01
8.147083658662339634e-01
1.000000000000000000e+00
4.311916764328149743e-02
1.641711425001492475e-01
-9.829588938883211391e-01
9.938413608369127683e-01
1.000000000000000000e+00
-2.990714697140778311e-01
9.058838246634168812e-01
-1.000000000000000000e+00
-1.000000000000000000e+00
1.000000000000000000e+00
-5.632530344523052346e-01
-2.084092702531087360e-01
-1.000000000000000000e+00
6.616629189650713450e-01
-2.765219570188822695e-01
1.524377239251735183e-01
7.273889517895419932e-01
2.656545634521414456e-01
-3.273937893504371144e-01
1.475512725975854367e-01
5.139978162269964734e-03
-6.080779352569789520e-01
-1.000000000000000000e+00
1.000000000000000000e+00
6.358606723234524472e-01
1.000000000000000000e+00
1.000000000000000000e+00
9.172770490821798850e-01
-2.224540470894051936e-01
-1.000000000000000000e+00
6.787364767076612404e-01
5.386600151369300704e-01
1.000000000000000000e+00
3.786534371076698546e-01
-1.000000000000000000e+00
4.431401958748960035e-01
3.368849433269362481e-01
1.000000000000000000e+00
1.000000000000000000e+00
-1.000000000000000000e+00
-8.047862483195745709e-01
-1.571784303431290608e-01
1.000000000000000000e+00
-1.000000000000000000e+00
-1.000000000000000000e+00
-1.000000000000000000e+00
-4.010392845101091730e-01
6.074714097859350570e-01
2.392059440204594711e-01
-1.948065587275165100e-01
-1.000000000000000000e+00
8.092937476967889676e-01
1.000000000000000000e+00
1.746952622632746976e-02
-1.000000000000000000e+00
-4.030966715759360941e-01
8.607225527300980117e-01
-9.645245049625964517e-01
1.000000000000000000e+00
7.465676382871878625e-01
-1.000000000000000000e+00
-1.000000000000000000e+00
1.000000000000000000e+00
-6.812452735365546186e-01
-1.000000000000000000e+00
-5.588740361005890556e-01
1.000000000000000000e+00
1.000000000000000000e+00
1.000000000000000000e+00
-9.140280645739946586e-01
1.000000000000000000e+00
1.000000000000000000e+00
-1.787137101067832745e-01
-7.893612230272544217e-01
1.000000000000000000e+00
4.765392043011540402e-02
-1.000000000000000000e+00
9.936479780647556881e-01
-1.000000000000000000e+00
-1.000000000000000000e+00
6.105327598964790381e-01
-1.000000000000000000e+00
6.166482805351045648e-01
-9.807205233139082434e-01
