3.420890849215943996e-01
-2.977724609941507783e-01
1.000000000000000000e+00
2.658805456400215594e-01
-8.467495301892953297e-01
-6.822228519839650396e-01
-1.000000000000000000e+00
6.264363832352488615e-01
-1.000000000000000000e+00
1.000000000000000000e+00
1.000000000000000000e+00
-1.000000000000000000e+00
1.000000000000000000e+00
5.442751152585157959e-01
5.045138838244662693e-01
5.439933347943182174e-01
-5.989809074212752993e-01
-1.000000000000000000e+00
-1.000000000000000000e+00
-1.662227473014672996e-01
4.516590157744848621e-01
-1.000000000000000000e+00
1.000000000000000000e+00
-4.114952297415302995e-01
7.784885439076448810e-01
1.000000000000000000e+00
-3.527664704638193149e-01
2.309002514800062578e-01
-1.417338480094629816e-01
-2.297370197412390014e-01
-1.000000000000000000e+00
8.500466221824403146e-01
4.619621740998693937e-01
1.836823713467274910e-01
1.000000000000000000e+00
6.961276488657244244e-01
2.036992314806789217e-01
3.288858977972830555e-01
1.000000000000000000e+00
-4.988324659970929664e-01
1.000000000000000000e+00
1.000000000000000000e+00
3.589813454394364944e-01
-1.000000000000000000e+00
1.000000000000000000e+00
-1.000000000000000000e+00
-1.000000000000000000e+00
1.000000000000000000e+00
-1.744256626284603762e-01
-1.000000000000000000e+00
1.000000000000000000e+00
7.882993577587917855e-01
1.000000000000000000e+00
-1.000000000000000000e+00
5.591448083997674345e-02
7.392326261687708344e-01
-6.528180735479968133e-01
-7.778991817987256363e-01
1.000000000000000000e+00
1.000000000000000000e+00
-1.000000000000000000e+00
-1.000000000000000000e+00
6.866206394406448865e-01
1.000000000000000000e+00
1.642307059077408038e-01
-6.858064313167996362e-01
2.197854335788758107e-01
-7.512260579428697849e-01
-1.000000000000000000e+00
-1.000000000000000000e+00
3.092250213294011063e-01
3.952318916302631768e-01
-4.045772373513807918e-01
2.147072439243530306e-02
1.000000000000000000e+00
-6.590119217640781901e-01
-1.000000000000000000e+00
-3.094215707737887899e-02
-1.000000000000000000e+00
7.379724885652294564e-01
-1.000000000000000000e+00
1.000000000000000000e+00
7.305432275584902158e-01
-7.178894244651479184e-02
-1.000000000000000000e+00
6.471826594648247832e-01
6.912076731072223090e-01
-6.768593720136040215e-01
-1.000000000000000000e+00
-1.000000000000000000e+00
-1.000000000000000000e+00
-3.780239795147607440e-01
-1.000000000000000000e+00
5.933935975576473121e-01
1.000000000000000000e+00
-4.748138679804780882e-01
2.574835260859451025e-01
-1.000000000000000000e+00
1.027303668299129891e-01
1.155878763674488274e-01
-1.350771045442207274e-01
7.532930915066331501e-01
-1.000000000000000000e+00
-1.000000000000000000e+00
1.000000000000000000e+00
-9.589991855161730250e-01
-1.000000000000000000e+00
-1.000000000000000000e+00
1.000000000000000000e+00
4.464636016921819106e-03
2.713937547618201496e-01
1.841520067824025109e-01
-7.066423086158868383e-02
-7.059391679414933618e-01
-1.000000000000000000e+00
1.000000000000000000e+00
-1.000000000000000000e+00
1.000000000000000000e+00
1.690820184044901087e-01
-6.293875534361988988e-01
1.000000000000000000e+00
-3.069345731626091922e-01
3.948164691145364946e-01
-1.000000000000000000e+00
1.000000000000000000e+00
3.950287064091182465e-01
-1.000000000000000000e+00
1.616419898508246189e-01
-7.159523976541889434e-01
7.548636984618685153e-01
-5.900529074365060689e-01
1.000000000000000000e+00
-9.758731553062371944e-01
1.000000000000000000e+00
1.000000000000000000e+00
1.000000000000000000e+00
1.000000000000000000e+00
1.000000000000000000e+00
-1.000000000000000000e+00
-1.000000000000000000e+00
-6.177373263375364187e-01
8.172629232828466650e-01
-1.633768046840197163e-01
1.000000000000000000e+00
1.000000000000000000e+00
8.719161886189703559e-01
1.000000000000000000e+00
1.000000000000000000e+00
-8.089257287600033486e-01
9.675917480797193715e-01
-1.000000000000000000e+00
-1.000000000000000000e+00
-1.000000000000000000e+00
-2.584310383381446807e-01
-4.838892692367409154e-01
-1.000000000000000000e+00
-1.000000000000000000e+00
-9.093122465626312101e-01
1.000000000000000000e+00
4.679724314849027511e-01
-1.000000000000000000e+00
-1.000000000000000000e+00
3.495307323801258303e-01
-8.622945468237426248e-01
9.088646949287624288e-01
5.960414631091903725e-01
7.814797912423010473e-02
-5.351209195177561995e-01
-1.000000000000000000e+00
2.784178734998663529e-01
-3.118221376621064245e-01
1.000000000000000000e+00
-5.852584574905754788e-01
-1.000000000000000000e+00
1.435729029502386678e-01
-1.000000000000000000e+00
3.083126258167356859e-01
5.398855099218407005e-01
-1.408263395407056695e-01
-3.705176464823167759e-01
-5.568007376929051677e-01
-1.000000000000000000e+00
1.000000000000000000e+00
-8.083210441604143925e-01
6.195739350819196023e-01
1.000000000000000000e+00
2.187844754008267945e-01
-1.000000000000000000e+00
-8.392097393545534523e-01
-7.133363781664192604e-01
1.000000000000000000e+00
1.000000000000000000e+00
-5.586415105362241285e-02
-1.000000000000000000e+00
8.750748468566048599e-01
-4.872416489032537212e-01
1.000000000000000000e+00
-2.446449769324576806e-01
8.720321801202366441e-01
-1.000000000000000000e+00
1.000000000000000000e+00
1.000000000000000000e+00
-4.124836177959909089e-01
-2.860224061535379114e-01
-7.549898606014293634e-01
-5.604806740065951809e-01
-1.000000000000000000e+00
5.712775657137267871e-01
5.697024592370451002e-01
-1.000000000000000000e+00
-1.463726803955076594e-01
1.000000000000000000e+00
6.408124497576752621e-01
7.159512930944449405e-01
-1.000000000000000000e+00
-1.000000000000000000e+00
-1.000000000000000000e+00
-9.971678504150760514e-03
6.077160807068437975e-03
-1.949759688791348200e-01
-5.608882221083459907e-01
-9.727704270727830504e-01
-1.000000000000000000e+00
5.413751809896014677e-01
-2.417321059816767148e-01
1.000000000000000000e+00
1.000000000000000000e+00
1.000000000000000000e+00
6.262738638270490821e-01
1.000000000000000000e+00
1.000000000000000000e+00
1.000000000000000000e+00
-9.076191257254877520e-01
-3.121876764756192912e-01
1.000000000000000000e+00
1.000000000000000000e+00
3.730154516443436874e-01
9.261043381401841135e-01
8.260054891351731321e-01
2.706591291763345009e-01
-1.000000000000000000e+00
-1.000000000000000000e+00
1.814039424099077591e-01
2.711579433874734546e-01
-1.000000000000000000e+00
-2.414927752297146846e-01
-3.353094835482936520e-01
1.000000000000000000e+00
-3.895851913113379528e-01
-2.343013256987404036e-01
-1.000000000000000000e+00
-2.650681425295284832e-01
9.891220875432330528e-01
7.178029756926237459e-01
9.489629571931164076e-01
-1.000000000000000000e+00
1.048701503141760139e-01
6.075494265288623463e-01
5.080037967481929595e-01
-2.060199134081106553e-01
3.540322920882873481e-01
1.311980064600165308e-01
8.453871660037304281e-01
-6.185610789577542512e-01
1.660428480051622246e-01
