1.000000000000000000e+00
-1.935502168167080039e-01
1.000000000000000000e+00
8.787594370820219769e-01
1.000000000000000000e+00
-1.000000000000000000e+00
-1.000000000000000000e+00
4.911204537637381407e-01
9.561545043872343719e-01
2.139290344591510129e-01
7.238652589437144513e-02
-5.164443068280655247e-01
1.000000000000000000e+00
3.754628873562836922e-01
9.392884409805244417e-01
4.608940310309127542e-01
-5.697351679622248977e-01
4.600372140448916181e-02
-6.746731371426641921e-01
-1.000000000000000000e+00
1.000000000000000000e+00
-1.542361296195075004e-01
-1.000000000000000000e+00
-1.000000000000000000e+00
-5.895753410094357605e-01
1.000000000000000000e+00
7.492139736891147983e-01
-6.271196133965849517e-01
-9.495934706059740993e-01
4.975274669090322677e-01
-9.799012127759031410e-01
7.570455184288269468e-01
7.747154452870007590e-01
-1.354153584116787878e-01
-1.000000000000000000e+00
-1.000000000000000000e+00
5.716013452055404009e-01
7.644401190575463856e-01
3.298574272479873892e-01
-1.000000000000000000e+00
-1.000000000000000000e+00
1.000000000000000000e+00
8.323111658807704760e-01
1.000000000000000000e+00
-1.000000000000000000e+00
1.000000000000000000e+00
-3.292216606217540642e-01
4.346475674008010159e-02
1.000000000000000000e+00
1.000000000000000000e+00
-1.167137784770110320e-01
1.000000000000000000e+00
-5.382640057264098665e-01
4.641459742721012471e-01
-9.053102882973034227e-01
-1.000000000000000000e+00
7.621422791833041277e-01
1.000000000000000000e+00
-1.000000000000000000e+00
-6.360687174338836014e-02
-1.726996333661556804e-01
-1.000000000000000000e+00
1.000000000000000000e+00
7.494316566848799877e-01
1.000000000000000000e+00
-3.821891753942985304e-02
-1.000000000000000000e+00
3.748570635241723625e-01
8.307680611631633738e-01
-1.000000000000000000e+00
7.720428149384850336e-01
1.305375612650253869e-01
-1.000000000000000000e+00
-3.735207419765166348e-01
-1.000000000000000000e+00
-1.000000000000000000e+00
-1.000000000000000000e+00
7.257980702449398636e-02
-1.386197497552352220e-01
-2.096445751495246146e-01
-7.936906215330428171e-01
-4.026304944421670307e-01
1.000000000000000000e+00
-1.000000000000000000e+00
1.000000000000000000e+00
6.950985365645271363e-01
9.637014562162535825e-01
2.171045448316346604e-01
1.000000000000000000e+00
-1.000000000000000000e+00
1.000000000000000000e+00
1.327061676903303900e-01
-1.867401292286282877e-01
1.000000000000000000e+00
-1.000000000000000000e+00
-1.000000000000000000e+00
1.000000000000000000e+00
2.222196400186368104e-01
1.000000000000000000e+00
-1.000000000000000000e+00
-8.546909023062000399e-01
-3.129583101576052795e-01
-1.000000000000000000e+00
1.000000000000000000e+00
2.077503443757267032e-02
-8.561372173282139064e-01
-8.661600960966240326e-01
-3.788428493620339399e-01
1.000000000000000000e+00
-1.000000000000000000e+00
6.187177373002781255e-01
3.149762125397246315e-01
-1.000000000000000000e+00
-4.461187504931304337e-01
4.627800505191733693e-01
-4.710768481162111443e-01
1.000000000000000000e+00
5.211262027902048288e-01
-1.000000000000000000e+00
-5.500868795495716945e-02
1.000000000000000000e+00
-4.032344313076544617e-01
1.000000000000000000e+00
-1.000000000000000000e+00
9.177346272754439704e-01
-2.274498726328336995e-01
1.000000000000000000e+00
-1.000000000000000000e+00
-7.770954064083614998e-01
-9.182676730686054611e-01
-1.000000000000000000e+00
6.423106266688559385e-02
1.000000000000000000e+00
-1.000000000000000000e+00
-1.000000000000000000e+00
1.000000000000000000e+00
1.000000000000000000e+00
1.000000000000000000e+00
-9.517440934494100224e-01
-3.253091362326159253e-01
6.614270672027666720e-02
-8.918105652525992744e-01
5.563661357399756202e-01
1.000000000000000000e+00
-1.735730957267812569e-01
-1.051369867994483287e-01
-7.485246456935745751e-01
-1.000000000000000000e+00
2.718506400452351257e-01
1.000000000000000000e+00
-1.000000000000000000e+00
-2.348709938523142055e-02
-9.339801798985192249e-03
1.000000000000000000e+00
5.318826512884059499e-01
-6.674784805731122095e-01
-1.449831347870882969e-01
-1.000000000000000000e+00
-5.488713163196909939e-01
-7.636295880476591247e-01
-2.115724835101392420e-01
-9.487768960743191426e-01
1.000000000000000000e+00
1.000000000000000000e+00
7.934962072851770021e-01
4.306382440328762051e-01
-1.000000000000000000e+00
1.000000000000000000e+00
1.000000000000000000e+00
-2.780039594784085022e-01
-1.000000000000000000e+00
-1.000000000000000000e+00
-2.391233183417291741e-01
1.000000000000000000e+00
1.000000000000000000e+00
-1.000000000000000000e+00
9.624313384748074407e-01
-1.000000000000000000e+00
-7.444399744132390584e-01
-1.000000000000000000e+00
3.101127271908893368e-01
9.963426942018149823e-01
-1.000000000000000000e+00
5.558307987584376608e-01
1.000000000000000000e+00
-1.000000000000000000e+00
-3.656944972820123096e-01
-4.790464814282372474e-01
1.000000000000000000e+00
1.383543107375234671e-01
-8.131114500742449014e-01
-7.491115628785975922e-01
-1.000000000000000000e+00
4.395152044330520313e-01
1.000000000000000000e+00
-1.000000000000000000e+00
3.554599898632188060e-02
1.000000000000000000e+00
1.231179569173693200e-01
-6.162632985894507254e-01
1.000000000000000000e+00
2.000132920661536473e-01
-1.000000000000000000e+00
5.837942827693511916e-01
-9.510042824634177272e-01
-1.000000000000000000e+00
-3.834732710793982147e-01
-1.000000000000000000e+00
2.536266895652815045e-01
1.000000000000000000e+00
-5.755856161104668800e-01
9.949114875057030183e-02
1.542767079783062822e-01
1.000000000000000000e+00
-1.000000000000000000e+00
-9.813018399562061234e-01
-3.147669707566020936e-01
1.636689816334291336e-02
4.105150802575819879e-01
5.203482983167367903e-02
1.000000000000000000e+00
-6.116604480040268577e-01
3.933773495498155137e-02
1.000000000000000000e+00
-1.000000000000000000e+00
9.110703618371110979e-01
-1.000000000000000000e+00
-6.459823302519154264e-01
6.010998259899720253e-01
-1.000000000000000000e+00
-9.695240246767851122e-01
5.981149796469410473e-01
1.000000000000000000e+00
9.568380804647500515e-01
8.314843391909796377e-01
1.000000000000000000e+00
-3.521385928597936532e-01
-7.325015805968885241e-01
3.284180482122119882e-01
4.013336244460519175e-01
1.000000000000000000e+00
8.169295067131614463e-01
-8.201778085513071748e-01
1.000000000000000000e+00
-1.000000000000000000e+00
6.413064802435499701e-01
-4.932997042123797860e-01
2.540094732780926456e-01
2.180461199635810310e-01
-1.000000000000000000e+00
2.957255583296394263e-01
-7.552788547606342773e-01
-1.000000000000000000e+00
1.000000000000000000e+00
1.000000000000000000e+00
-1.000000000000000000e+00
-3.977949657375778880e-01
5.703399223348160074e-01
3.477029255481026704e-01
1.000000000000000000e+00
-2.089519837789740597e-01
1.529607624833961843e-02
-1.000000000000000000e+00
1.000000000000000000e+00
-1.000000000000000000e+00
