-7.519593947928627786e-01
1.000000000000000000e+00
-2.227481204175907337e-02
-1.720335709235148447e-01
-9.136926262791987829e-01
1.000000000000000000e+00
-1.298142498410568280e-01
-9.855937578051271464e-01
1.000000000000000000e+00
9.937863207296437906e-02
1.331206905561457265e-01
6.526679702004717365e-01
1.000000000000000000e+00
-1.000000000000000000e+00
-1.384537352116769204e-01
1.000000000000000000e+00
1.000000000000000000e+00
-1.000000000000000000e+00
-1.000000000000000000e+00
3.477465452573983429e-01
-7.687684966266159492e-01
-1.000000000000000000e+00
1.000000000000000000e+00
3.671735059210334828e-01
-4.182903819791563005e-01
-1.000000000000000000e+00
1.000000000000000000e+00
1.000000000000000000e+00
1.886960290382078131e-01
-1.000000000000000000e+00
-5.599866210568875680e-01
-9.894920665056441411e-01
-1.000000000000000000e+00
-5.110909808492295481e-01
-1.000000000000000000e+00
1.000000000000000000e+00
-1.000000000000000000e+00
-4.999576452463017073e-02
-3.594167459080264138e-01
1.000000000000000000e+00
-1.000000000000000000e+00
-1.000000000000000000e+00
1.000000000000000000e+00
-1.000000000000000000e+00
-7.728288708502500937e-01
1.000000000000000000e+00
1.000000000000000000e+00
1.000000000000000000e+00
-5.805953089532206457e-01
-4.772308313323717632e-01
6.977144167705828792e-01
1.000000000000000000e+00
2.258380099883417202e-01
4.753680073131603123e-01
-7.118092601895094074e-01
4.159470142619139388e-01
1.000000000000000000e+00
1.000000000000000000e+00
2.209924206550905601e-01
-5.836543983315043427e-01
2.651602598431037627e-01
1.000000000000000000e+00
-1.000000000000000000e+00
1.000000000000000000e+00
-1.000000000000000000e+00
5.222930222524346799e-03
1.000000000000000000e+00
1.000000000000000000e+00
1.000000000000000000e+00
-9.270883388820501114e-01
7.012982551733131231e-01
1.000000000000000000e+00
1.000000000000000000e+00
1.000000000000000000e+00
-3.673689887639925988e-01
-1.000000000000000000e+00
1.000000000000000000e+00
-2.691756728931740672e-01
-1.000000000000000000e+00
9.005082341288743741e-01
6.380036474430831328e-01
3.937205477313967528e-01
-9.853740693220840452e-01
-1.000000000000000000e+00
-1.000000000000000000e+00
-7.030959591213716831e-01
1.000000000000000000e+00
-1.000000000000000000e+00
-1.000000000000000000e+00
-1.000000000000000000e+00
1.000000000000000000e+00
1.000000000000000000e+00
1.000000000000000000e+00
1.000000000000000000e+00
-1.000000000000000000e+00
2.601777344572355766e-01
1.000000000000000000e+00
1.779791858147509176e-01
1.000000000000000000e+00
6.980793159918996516e-01
1.000000000000000000e+00
-1.000000000000000000e+00
-4.467991788994147839e-01
-7.500653404580271966e-01
-6.199746437999107407e-01
7.386581146867208236e-01
4.901222524312867090e-01
1.000000000000000000e+00
-1.589126419077599439e-01
-1.000000000000000000e+00
1.000000000000000000e+00
-1.000000000000000000e+00
3.954003844871440965e-01
6.463468909127428885e-01
-1.000000000000000000e+00
-3.801992258975351313e-01
-9.467591848342027383e-01
8.000471104368624964e-01
-3.747646181295912760e-01
1.362443541725427698e-01
5.408968012004512493e-01
-4.107748189049324483e-01
1.000000000000000000e+00
2.948434434915923053e-01
1.000000000000000000e+00
-1.098529434947325134e-01
-8.896949801893264675e-01
1.000000000000000000e+00
-6.361531970770371025e-01
-1.973269294943428287e-01
-6.854220768094585470e-01
9.888687246947511778e-01
-1.000000000000000000e+00
-3.903481691884685967e-01
-6.409758835972532154e-01
-1.000000000000000000e+00
-4.304326150529175221e-01
1.000000000000000000e+00
4.596571533489637318e-01
7.930709539334936942e-01
-1.000000000000000000e+00
1.000000000000000000e+00
-3.868258998834942508e-01
2.556823242148135722e-01
-1.000000000000000000e+00
-3.609230814925531439e-01
-1.000000000000000000e+00
-1.000000000000000000e+00
2.656026506298415635e-01
1.000000000000000000e+00
1.000000000000000000e+00
1.000000000000000000e+00
1.000000000000000000e+00
1.628399142028804647e-01
-1.466527826427212744e-01
-1.000000000000000000e+00
-1.000000000000000000e+00
2.232802230227006746e-01
9.053895589275320344e-01
-4.068519963909728032e-02
-4.696054043574544590e-01
-3.003922406228248798e-02
1.000000000000000000e+00
-5.476867197141244148e-02
5.034560753086663176e-01
-1.376012406835286361e-01
-8.371726502713315865e-01
1.000000000000000000e+00
4.098497889741470335e-01
-1.000000000000000000e+00
-1.000000000000000000e+00
-1.000000000000000000e+00
1.414989940919969547e-01
1.152077523299392947e-01
1.000000000000000000e+00
1.000000000000000000e+00
-7.837465088705845018e-01
1.000000000000000000e+00
-1.000000000000000000e+00
1.000000000000000000e+00
-1.000000000000000000e+00
-1.000000000000000000e+00
-8.693554511336557544e-01
1.000000000000000000e+00
-1.000000000000000000e+00
6.731538693923542205e-01
3.451890308142895880e-01
8.855352121852952951e-01
9.560520771677341045e-01
-1.000000000000000000e+00
1.000000000000000000e+00
-7.693572681125401269e-01
6.902999453507074890e-01
1.000000000000000000e+00
-1.000000000000000000e+00
3.215406420180983993e-01
3.470358569233885082e-01
1.000000000000000000e+00
-9.792322066689567173e-01
-1.000000000000000000e+00
-1.000000000000000000e+00
1.000000000000000000e+00
-1.000000000000000000e+00
-1.000000000000000000e+00
-5.239855707079276170e-01
-9.198427362418137854e-02
4.590432442869522012e-01
1.000000000000000000e+00
4.493068485735028927e-01
1.000000000000000000e+00
1.000000000000000000e+00
-1.000000000000000000e+00
-1.000000000000000000e+00
7.264839316410678927e-02
4.037667968490890602e-02
5.518588115752086631e-01
1.000000000000000000e+00
-4.450513903407058991e-01
-1.047288167426194683e-01
-2.196973103436553609e-01
-1.815824092928494116e-01
-1.000000000000000000e+00
4.104891359828560793e-01
-1.000000000000000000e+00
4.647731544307333040e-01
6.841364100707014728e-03
-1.000000000000000000e+00
-1.000000000000000000e+00
-9.597606059735159789e-01
7.505167881104020111e-01
-1.000000000000000000e+00
-1.000000000000000000e+00
1.000000000000000000e+00
7.175942608346249640e-01
6.784353924758940169e-01
-1.000000000000000000e+00
-2.444564922675676044e-01
-1.000000000000000000e+00
-1.000000000000000000e+00
1.000000000000000000e+00
1.481028792799490290e-01
-1.000000000000000000e+00
1.000000000000000000e+00
1.000000000000000000e+00
1.000000000000000000e+00
-8.878376098787637005e-01
-8.867688431491527190e-01
7.878497476160313262e-01
3.534846495620898033e-01
-2.227570708870960647e-01
-6.652842671173191391e-01
-6.419709057939766428e-01
-1.000000000000000000e+00
6.664627926335249253e-01
1.000000000000000000e+00
2.245951429508435959e-02
-1.478499540075051133e-02
6.570336336598672222e-01
-3.859104250630496225e-02
-1.000000000000000000e+00
-7.961048081063544224e-01
4.671107026819315555e-01
2.752714730907286911e-01
-1.000000000000000000e+00
3.138905553405270110e-01
