4.731639139829285634e-01
-1.000000000000000000e+00
-3.024064565581255914e-01
-9.805440827162228423e-01
-9.645471197555188780e-01
-1.000000000000000000e+00
-4.315664957639634425e-01
6.921156378268582543e-01
1.000000000000000000e+00
1.000000000000000000e+00
-7.649165514664505450e-01
1.000000000000000000e+00
-1.000000000000000000e+00
1.000000000000000000e+00
-1.558361433369173099e-01
-8.548396552251276148e-01
1.000000000000000000e+00
1.000000000000000000e+00
6.044155337340424428e-01
8.018416610790628507e-01
-6.556270719094046129e-01
-9.618881966807401040e-01
4.630238653563253926e-01
1.000000000000000000e+00
2.468272909814184235e-01
-3.527400221296288496e-01
-1.000000000000000000e+00
-1.000000000000000000e+00
1.000000000000000000e+00
-3.239982218414616533e-01
9.516435753906199446e-01
2.865155730565444037e-01
1.000000000000000000e+00
-1.000000000000000000e+00
-5.490882505733220009e-01
6.913235796919613152e-02
1.000000000000000000e+00
-9.750742088937116581e-01
-1.000000000000000000e+00
-1.000000000000000000e+00
3.836297415065229588e-01
-1.000000000000000000e+00
8.663929361107817195e-01
1.000000000000000000e+00
5.031502387750554917e-01
-7.552500047132717498e-01
4.092145334885359254e-01
4.348862383721987523e-01
1.000000000000000000e+00
4.882703836425505983e-02
2.233309452776638948e-01
3.730435685495241405e-01
6.768538499858545165e-01
-3.647809621017912285e-01
-2.155704115229768458e-01
8.188139326444796584e-01
-1.000000000000000000e+00
-1.000000000000000000e+00
-1.000000000000000000e+00
1.000000000000000000e+00
-4.581722265816794426e-01
9.347630913192597202e-01
1.000000000000000000e+00
4.118919758367891593e-01
-9.454642330353308921e-01
-5.831677045069150189e-03
-6.966122916922434793e-01
-9.542524708411054268e-01
-1.000000000000000000e+00
1.000000000000000000e+00
1.000000000000000000e+00
1.000000000000000000e+00
-9.164415774351792887e-01
-7.380114472929988345e-02
7.044465432456958887e-02
1.000000000000000000e+00
1.000000000000000000e+00
-1.000000000000000000e+00
-1.000000000000000000e+00
1.000000000000000000e+00
-1.000000000000000000e+00
-1.000000000000000000e+00
-5.076789938291208504e-01
1.000000000000000000e+00
-2.958312657272814672e-01
1.000000000000000000e+00
-5.152008728960899564e-02
3.372549647673301898e-01
9.962992814713456102e-02
1.000000000000000000e+00
-2.034097467412776528e-02
-1.000000000000000000e+00
-1.000000000000000000e+00
-5.796882216218219863e-01
3.862194624964758738e-01
-6.787946786082639239e-01
2.588623421888791576e-02
6.579844575174942367e-02
-5.723531336032161576e-02
-7.699726858474096325e-01
-3.391775007238755357e-01
6.590753386550876058e-01
-8.390402099005449532e-01
-1.149174287121658145e-01
8.002749732158918050e-01
2.247736396906301337e-01
1.000000000000000000e+00
4.718562244533164307e-01
1.000000000000000000e+00
1.000000000000000000e+00
1.000000000000000000e+00
-1.000000000000000000e+00
-1.589589907426105508e-01
9.064694272337805447e-01
1.000000000000000000e+00
-1.000000000000000000e+00
1.000000000000000000e+00
2.333993692081187676e-02
9.412552140749229634e-01
-8.716489665731309566e-01
1.000000000000000000e+00
-6.235453392168005537e-01
-6.089773387684223049e-01
1.000000000000000000e+00
-1.000000000000000000e+00
3.311706111155471866e-01
-1.000000000000000000e+00
1.000000000000000000e+00
-2.109730737745130202e-02
-1.000000000000000000e+00
1.000000000000000000e+00
1.000000000000000000e+00
1.000000000000000000e+00
9.902511330522419941e-01
-8.259693130037697451e-01
3.009596759461585780e-01
3.359643682218520500e-01
-7.620290408225105505e-01
1.000000000000000000e+00
-1.295190725324992798e-01
1.000000000000000000e+00
1.251778892594013204e-02
-1.000000000000000000e+00
-1.000000000000000000e+00
-2.096729090327708600e-01
-2.785113172154292660e-01
-7.207368183124984728e-01
-3.331367350806212491e-01
-7.948888380969089118e-01
-1.384622890578321996e-01
9.561430828748707089e-02
-1.000000000000000000e+00
1.000000000000000000e+00
1.000000000000000000e+00
-8.948310215257307965e-01
-1.951475777099757059e-01
-1.247659307411701501e-01
5.155081519208870588e-02
3.307899646398770876e-03
4.634946469772190936e-01
1.000000000000000000e+00
-1.000000000000000000e+00
1.000000000000000000e+00
-1.000000000000000000e+00
3.517099698618586512e-02
-2.574960148637249202e-01
-5.332711112878328885e-01
4.161471343982587889e-01
-1.000000000000000000e+00
-4.567532865664173936e-01
1.000000000000000000e+00
1.243107367396072416e-01
-9.114935824174188461e-01
-1.000000000000000000e+00
-4.984087550135505862e-01
-1.000000000000000000e+00
1.000000000000000000e+00
-1.000000000000000000e+00
-5.017898618392280241e-02
1.000000000000000000e+00
2.261912764295611611e-01
1.063350135575111821e-01
-6.926344391939006639e-01
-1.000000000000000000e+00
1.000000000000000000e+00
8.534351112873925782e-01
4.989248552081493870e-01
5.297956246054207341e-01
1.000000000000000000e+00
-7.306551695453666895e-02
5.712802044733779061e-01
-1.000000000000000000e+00
1.000000000000000000e+00
-1.538971542688012395e-01
1.000000000000000000e+00
1.000000000000000000e+00
-4.539766367988685714e-01
-7.210399593860994383e-01
-3.829556000995204545e-01
1.000000000000000000e+00
-3.999676446787643336e-01
-7.472098248483359795e-01
1.000000000000000000e+00
1.000000000000000000e+00
-1.000000000000000000e+00
-1.286505953036839456e-01
1.000000000000000000e+00
-1.000000000000000000e+00
1.000000000000000000e+00
-1.993177657719944484e-01
-9.839355278877803812e-01
-4.870242412833030166e-01
4.397262782460448216e-01
-4.115462348080878296e-01
-3.834949219663277287e-01
-6.083027738710996557e-01
-1.000000000000000000e+00
-1.307922554804010762e-01
1.000000000000000000e+00
-1.000000000000000000e+00
-7.859769472519393396e-01
1.000000000000000000e+00
-1.000000000000000000e+00
8.449658983479532148e-01
5.735901370199676386e-01
-1.762852899460330969e-01
5.308958120767084399e-01
1.000000000000000000e+00
1.000000000000000000e+00
-8.437866040768802200e-01
-4.260386293505886712e-01
-1.841967924125703648e-01
1.000000000000000000e+00
-1.000000000000000000e+00
1.000000000000000000e+00
-1.000000000000000000e+00
-1.000000000000000000e+00
-3.751974612291955058e-01
-7.114341718629973998e-01
-9.621138113280909288e-01
-4.023065738907177780e-03
1.000000000000000000e+00
1.000000000000000000e+00
-6.444616775286653443e-01
-3.577076605803193310e-01
1.000000000000000000e+00
-3.265648326414584135e-01
-1.206664994639505828e-02
-4.861808940131943646e-01
6.743768905678650949e-01
6.292274188289870285e-01
7.054177376757482243e-01
4.677453137314008247e-01
-1.000000000000000000e+00
-4.722931634509484056e-01
9.711860798808749085e-01
1.357132399476916884e-01
-1.000000000000000000e+00
1.000000000000000000e+00
-2.863657495679277076e-01
-8.189331653451576987e-01
-1.000000000000000000e+00
-5.176586710739741193e-01
1.877846952273309888e-02
7.505279285821206958e-01
