9.759568972886847327e-01
-7.179337254298381321e-01
-9.792532885480704774e-01
-7.876822079112892894e-01
1.000000000000000000e+00
2.331790069248039776e-01
-6.270828927280520659e-01
-3.732395220459828189e-01
-1.000000000000000000e+00
2.178723386846802557e-01
-1.000000000000000000e+00
1.882283688130893529e-01
-8.022483937524476083e-01
-6.543563385164236079e-01
-3.153805645521514101e-01
1.000000000000000000e+00
1.000000000000000000e+00
-1.000000000000000000e+00
-9.395780805034505967e-01
-1.000000000000000000e+00
4.227352819649536908e-01
4.411519454215077074e-01
-6.326090215402193628e-01
-6.301406515660951113e-01
4.359749104400694186e-01
1.846173349498427818e-01
-3.995675621577173819e-01
-4.749354973675533609e-01
-1.000000000000000000e+00
-1.000000000000000000e+00
-8.689197095122452863e-01
-7.251348673761803809e-01
4.979877613132221437e-01
7.142477611590918318e-01
-1.000000000000000000e+00
-1.555978402262591098e-01
-1.000000000000000000e+00
1.000000000000000000e+00
1.299570444389108737e-03
1.000000000000000000e+00
2.684259478730162130e-01
3.916530010997352207e-01
1.000000000000000000e+00
-1.000000000000000000e+00
5.207803018333931888e-01
-1.000000000000000000e+00
8.582319531036541882e-02
-4.270757116325549774e-01
-9.021095704491233214e-02
1.000000000000000000e+00
-1.000000000000000000e+00
-1.000000000000000000e+00
-3.364406629630765089e-01
8.208597995091808652e-01
-1.000000000000000000e+00
1.000000000000000000e+00
7.957164769373975544e-02
1.000000000000000000e+00
-1.000000000000000000e+00
-9.159354482891417515e-01
1.000000000000000000e+00
7.482224151418073177e-01
4.425199191806343801e-01
9.983928574025002778e-01
3.435268913310052796e-01
2.340831750502110342e-01
3.104483214438793492e-01
-5.978383504744969601e-01
-4.067157202459375509e-01
-3.194456322599550924e-01
-1.000000000000000000e+00
-7.617235571136378169e-01
2.450957345216725480e-01
5.502251438969196773e-02
-9.883139377372964773e-01
1.000000000000000000e+00
1.000000000000000000e+00
-6.321744160895608200e-01
-9.196096651550103029e-01
2.859248675492651603e-01
4.639140069678490130e-01
-1.441207639548839348e-01
-9.193096118593006016e-01
-3.792967341143277382e-01
1.000000000000000000e+00
6.364507052348122862e-01
1.169730108543700076e-01
-2.980651378999660261e-01
5.441747618829333444e-01
-7.362735798659171271e-01
8.544894740680208933e-02
1.000000000000000000e+00
2.648231127680884534e-01
7.085817218207579593e-02
-1.911203675954855630e-01
1.000000000000000000e+00
-1.000000000000000000e+00
4.040278962922687622e-01
1.000000000000000000e+00
-1.000000000000000000e+00
-1.290838295097123112e-01
-1.000000000000000000e+00
-4.841277535043437830e-01
-1.705128501424262311e-01
7.251366704729092505e-02
-1.000000000000000000e+00
-8.467658590317534983e-01
1.000000000000000000e+00
5.750928504375876216e-01
-9.676837055410740795e-01
8.038587793851292851e-02
-1.084283394804381739e-01
-9.844046432882158637e-01
1.000000000000000000e+00
-1.000000000000000000e+00
-2.120639850950107874e-01
4.266633969455642106e-01
1.000000000000000000e+00
2.182159643682162198e-01
9.641173987297413372e-01
-6.473118092580081306e-01
-1.000000000000000000e+00
-4.753384329815078524e-01
-1.000000000000000000e+00
-2.188330596485988100e-01
-1.000000000000000000e+00
-2.879799015295898545e-01
-8.182876258238854783e-01
-4.037875922365663506e-01
1.000000000000000000e+00
4.443174043109662241e-01
-9.327349328465068812e-01
1.644688968820940400e-01
9.420467679133595063e-01
6.997704571627687553e-01
-3.403046447441897548e-01
9.678816624109265465e-02
-6.213181914349854562e-01
-3.068060671440459020e-02
1.000000000000000000e+00
1.000000000000000000e+00
-9.674307526559238202e-01
-8.996052377313263904e-01
-8.316890546098782977e-01
2.799758213326610790e-01
4.273712290344612308e-01
-1.000000000000000000e+00
1.000000000000000000e+00
-8.117794499326349555e-01
2.361765988830540897e-01
-3.465287285360985070e-02
6.946588895959344701e-01
-8.617569974333010308e-01
2.719185664699583782e-01
-5.936535789193242429e-02
-7.870022109642854646e-01
-1.000000000000000000e+00
9.478854184853937603e-01
-1.000000000000000000e+00
-2.480243096456798413e-01
-1.132118591836159816e-01
4.240000912389094712e-01
-1.000000000000000000e+00
-1.000000000000000000e+00
1.000000000000000000e+00
-2.091039230551988704e-01
-1.000000000000000000e+00
1.000000000000000000e+00
-1.636054013463806855e-01
-3.692785724961693550e-01
5.367222205932797863e-01
1.000000000000000000e+00
-1.000000000000000000e+00
-2.385421655504418315e-01
2.523057527933714184e-02
-6.922443352577744013e-01
-8.615283273189060509e-01
-2.534066771899319281e-01
1.797991709672412952e-01
1.000000000000000000e+00
7.951852194385577999e-02
1.000000000000000000e+00
-6.287949380526904886e-01
6.409048087333544252e-01
-7.395809688569301432e-01
-1.000000000000000000e+00
7.115619396951942122e-01
-4.300344932136335174e-01
1.000000000000000000e+00
1.000000000000000000e+00
-7.005440680739277726e-01
2.226347388470606425e-02
5.103248308709562586e-01
9.712567985855429242e-01
1.000000000000000000e+00
-1.000000000000000000e+00
4.490458096480499650e-01
-2.214720359988932297e-01
4.017492387789387553e-01
-1.000000000000000000e+00
1.000000000000000000e+00
-2.452800646075197211e-01
9.380043839315677090e-03
-8.353898985354097917e-01
7.655139881804351454e-01
-1.000000000000000000e+00
-6.145805233551182578e-02
-2.901730796992052497e-02
-1.000000000000000000e+00
1.000000000000000000e+00
-7.318665128229604466e-01
6.648993765228250474e-01
1.000000000000000000e+00
-2.889584103162514128e-01
7.136517424620452132e-01
3.815330408824148534e-01
-4.161961520493770994e-01
1.000000000000000000e+00
1.000000000000000000e+00
1.000000000000000000e+00
9.500915846418767075e-04
-9.658703114938911316e-01
9.123081912215088574e-01
-1.739254583977500879e-03
-5.903260774939765865e-01
1.000000000000000000e+00
-1.000000000000000000e+00
1.000000000000000000e+00
-9.565156381448216560e-01
4.562025603978168142e-01
-9.058716695118873563e-01
3.235919535829721028e-01
1.000000000000000000e+00
2.514718680396256234e-01
-3.375665799235838538e-01
-7.138536533940240680e-01
-5.276968408000445310e-01
-4.841996266674180038e-01
1.000000000000000000e+00
-2.829030241834945558e-02
-8.806573596480781196e-01
-5.203265868561250951e-01
-5.623978854803876049e-01
1.024269673841265993e-01
-1.000000000000000000e+00
2.769327707384580117e-01
7.957940329371750998e-01
1.000000000000000000e+00
4.150975806908951959e-02
1.075991092170869301e-02
-1.000000000000000000e+00
4.055080850215797561e-01
-9.707229661099376905e-01
-4.217623664200149669e-01
-2.586972900172284651e-01
-3.284790924265447165e-01
1.000000000000000000e+00
5.380246194214957089e-01
1.791358321735907477e-01
-6.645124394251600286e-02
3.905089122299558735e-01
-6.939981973919362446e-01
3.954615113259944970e-01
8.722386735558307347e-01
-1.000000000000000000e+00
