-5.152347418142508850e-01
-3.061401181272964678e-01
2.042106899502593720e-02
-2.548753792964701947e-01
2.032423347146878889e-01
7.075591352559396086e-01
-5.739322198656433560e-01
-9.860967132621210052e-01
3.388039334937635871e-01
8.242495160422653733e-01
6.918371648648113936e-01
-9.358510153136048171e-01
-2.135715424151758413e-01
-4.811376671925013948e-01
1.686814157920579760e-01
8.193622761820742451e-01
4.527404497274467587e-01
3.730174967764190441e-01
8.407560262276185803e-01
-3.801889092820420757e-01
-1.079373434887189731e-01
8.659234140373277544e-01
-9.399825503438490326e-01
-8.106454824963287287e-01
1.923538276485936560e-01
-1.781431636221375570e-01
1.990081667002434607e-01
1.368315270323039456e-01
4.333543619623059229e-01
-3.115590329672190961e-01
-8.782716657874996002e-01
-1.856734348525097555e-01
-2.071010872753802357e-01
8.147501563398851232e-02
-9.343320500216714120e-01
-5.769212178175155969e-01
-6.257706018242583657e-01
-2.271896051721895571e-01
8.121273074076689191e-01
-2.509438379408175379e-01
7.995281182554365706e-01
5.398977454483682159e-01
-5.788903834293281925e-01
7.143805021853188997e-02
-5.939582401009864121e-01
-5.830803525240981777e-01
4.684871986289040890e-01
5.472830711317406838e-01
9.272735811251517912e-01
4.240664938071045942e-01
9.165963053264400973e-01
-1.507175517880037230e-01
-5.746843265580232618e-01
-9.186649074300272666e-01
8.025276960384286618e-02
1.687711339569160085e-01
-6.542966067883184689e-01
9.231251324696838623e-01
4.857981201808887484e-01
1.100847732306982074e-01
-8.912512913532950609e-01
-9.135775890184489878e-01
5.008185141198140400e-02
-6.574818757787184165e-01
-2.250789426448922548e-01
-7.164898117432647595e-01
2.991214356588740575e-01
-1.054765967645237001e-01
3.432913856794472807e-01
-3.094160706427691032e-01
7.344951513887343353e-01
2.214207021995544533e-01
5.846669091216905034e-01
-6.918498894215570072e-01
-6.719361406687345273e-01
8.195975240871455902e-01
-2.213974136570096007e-03
3.262172581612012845e-01
-8.716928273045052578e-01
2.347576084774145588e-01
9.679863440867839675e-01
-5.058447843636439956e-01
4.009832519213523128e-01
4.004133902528224098e-01
1.344647783967187760e-01
7.515534241220129807e-01
6.155835839687440192e-02
-2.165066395458909998e-01
-8.743496073391849865e-01
9.472383290459676086e-01
-6.831130929678725927e-01
8.855189775714940037e-01
-8.466481336085245335e-01
2.319438997828138227e-01
-1.357941368298298812e-01
-4.333605351138145600e-01
-3.879433785564270210e-01
1.950516297581543768e-01
-6.613592756321968746e-01
-5.183959064479892742e-01
7.204833216306407717e-01
-7.690500004344027474e-01
-1.882464690224623372e-01
6.847817203444557244e-01
5.533445606399209904e-01
5.748729752901424739e-01
-7.799751926003053448e-01
1.717963034025493663e-02
5.341627661012762207e-01
-9.858251163934774741e-01
3.741001124855218851e-01
9.405142785216578094e-01
-6.235237555617123562e-01
7.461302700996079729e-01
2.922753468800667331e-01
-9.615218270305012638e-01
-6.081059594954569825e-01
-3.609604778750303833e-01
-6.841948638500292557e-01
-3.733787608015779469e-01
-7.791034154953930813e-01
-1.968402046546684492e-01
4.757526818657435985e-01
8.951948183199451847e-01
-6.508916953470356148e-02
-8.363006009709168520e-01
6.371705587061040621e-01
-2.406072599825299640e-01
1.658662444291569837e-01
-3.628510549071317648e-02
2.813703612699192114e-01
-9.003884734349774099e-01
7.184088293167927297e-01
9.657921054579197140e-01
-3.181015096783568197e-02
3.630752812102047145e-01
-5.410865200926517904e-01
4.697628390635912865e-01
2.450373609935301289e-01
8.079909188121772168e-01
-7.082048163222118831e-01
-1.332710440911542005e-01
5.803229458088063897e-01
-6.280327092778088538e-01
-7.951637641215181240e-02
7.714923351022895393e-01
3.135541304705578014e-01
2.466342771229768083e-01
9.369327398198423751e-01
7.314884621372990114e-01
-5.924657783136044742e-02
8.154993383025417319e-01
9.241820756092291589e-01
8.790625737130313144e-01
-6.611945862610086877e-01
8.411454060606269323e-01
-5.217270874059529717e-01
5.874715564826693548e-01
-4.344377999104473975e-01
-4.147106099611699292e-01
-7.630765048566829911e-01
-2.053600758498230761e-02
6.889002419838707869e-01
-4.895912688209873576e-01
2.713379678603602407e-01
2.252242796434735794e-01
-7.488988659181696761e-01
-8.023872516219254791e-01
2.954058550918843284e-01
-8.808639883691471439e-02
-5.163358819497800845e-01
8.535865583111474919e-01
9.287149257361220211e-01
-1.283760758094023569e-01
2.084160268762245138e-01
-7.191929812451620663e-01
4.082964999811504736e-01
2.739614853560650154e-01
5.010403372420719759e-01
3.682631945898335868e-01
-8.291978224368148354e-01
9.677280150960352323e-01
1.795771508485195511e-01
-4.841907206979192413e-01
-6.821712609553145512e-01
8.859006290458062427e-01
-2.900082096103635543e-01
-7.529532845674242747e-01
-9.455236193369520592e-01
9.254488533990146149e-01
3.780657530165143498e-01
-4.312823640334466635e-01
-2.604631931000276346e-01
9.927212349988114859e-01
-2.884413339082958494e-02
3.088882741632901219e-01
-6.882725238916425070e-01
-8.955015157401176040e-01
7.652088249742616810e-01
6.847332895164159883e-01
2.045297663886689321e-01
6.319094862997323148e-01
-1.254556405796170004e-01
-4.931238321672082314e-02
6.009381017318364826e-01
7.363741793194540364e-01
-4.777843910495394031e-01
9.762671605847481615e-01
6.337322299089322986e-01
4.842745546900562026e-01
-6.946692946575629968e-01
-3.641526568552766463e-02
6.517557722021014577e-01
-4.633018053417476967e-01
-6.166445428771050175e-01
-4.537002583972558067e-01
1.402118298252608142e-01
8.884007431407654476e-01
-8.619534518524911704e-01
-9.114131871669628460e-02
-4.167094487504412470e-01
-5.964893744481838400e-01
-8.234052432023406531e-01
2.428696436604067532e-01
3.383670508070018013e-01
1.107070188417216272e-01
5.013382830686692326e-01
2.928464852059597945e-01
-3.215650490129664529e-01
1.095299566022776006e-01
-4.952274267039642464e-01
-5.890049310913938463e-01
8.620558012482171240e-01
2.375119750380032535e-01
-3.863964796437748817e-01
6.428706798568926128e-01
-8.210807493579150851e-01
-7.912477547067553463e-01
-3.064582812125138389e-02
1.571441989585595778e-01
-5.029933363351413167e-01
2.155596862042195028e-01
4.467849694476111466e-01
5.719935887354716808e-01
2.324340386111378720e-02
-4.429334626581795664e-01
-1.299765485335244719e-01
-9.757280236253924599e-01
4.447099558743627945e-02
-5.271031293720238597e-01
-6.811292239942339233e-01
8.521710367012633736e-01
-4.362080580076823644e-01
6.602703026769796146e-02
-8.642822293995866545e-01
-8.037593933685005521e-01
-6.957728593798830907e-01
-5.783375835855997238e-02
9.078796933375039568e-01
3.902574839861190359e-01
3.949057212406412720e-01
8.068622086885739453e-01
8.614441487536861342e-01
9.160728814394021313e-01
9.785636781666799955e-01
