-1.000000000000000000e+00
2.215689103322311393e-01
-1.000000000000000000e+00
-5.073635755944325698e-01
9.410567222689742994e-01
-2.028592591343828522e-01
-1.000000000000000000e+00
8.036689257246220075e-01
-1.000000000000000000e+00
1.000000000000000000e+00
1.000000000000000000e+00
-1.000000000000000000e+00
2.138780166435908514e-01
-7.692319550949053841e-01
1.000000000000000000e+00
-1.000000000000000000e+00
-1.000000000000000000e+00
-3.444969120992137368e-01
-1.000000000000000000e+00
-1.000000000000000000e+00
2.411917304095704262e-01
-2.564791847736351271e-01
3.748589034561799482e-01
-1.000000000000000000e+00
-1.000000000000000000e+00
-4.512226815091958665e-01
4.761574757055686558e-03
1.000000000000000000e+00
1.000000000000000000e+00
5.672831065768754177e-01
1.000000000000000000e+00
-8.830928115750591445e-04
1.000000000000000000e+00
1.000000000000000000e+00
1.000000000000000000e+00
-8.945902137631536188e-01
1.000000000000000000e+00
-1.000000000000000000e+00
1.000000000000000000e+00
-1.000000000000000000e+00
-1.000000000000000000e+00
-3.971021323095769162e-01
8.958024298623916692e-01
-3.158315533026354593e-01
-8.857893000448872067e-01
5.439073563768875852e-01
1.534250705617685728e-01
-8.000528188874043156e-01
-1.000000000000000000e+00
1.000000000000000000e+00
-1.759465228684705118e-01
-1.000000000000000000e+00
1.000000000000000000e+00
-1.459009347643668297e-01
-3.029227195807295825e-01
5.148308006692103866e-02
-1.000000000000000000e+00
-5.517707160997975535e-03
5.242610696498544165e-01
-1.000000000000000000e+00
3.035590771912433095e-02
7.729318271841836840e-02
-1.000000000000000000e+00
-1.000000000000000000e+00
-3.341085514189334749e-02
-4.684078275296599259e-05
-1.000000000000000000e+00
-1.626452577758469298e-01
-7.806329622565999493e-01
-1.000000000000000000e+00
-6.249137172545529140e-01
1.000000000000000000e+00
3.657286550648786161e-01
1.000000000000000000e+00
9.537400955277424153e-01
-1.573601687944692351e-01
1.000000000000000000e+00
-1.000000000000000000e+00
1.000000000000000000e+00
5.151943624328638727e-01
3.194258310430708736e-01
7.062596845970913195e-01
-1.215168682503062758e-01
1.000000000000000000e+00
5.017004649241765257e-01
9.555646324690736382e-01
-7.192235645484692519e-01
5.377046104429232809e-01
-8.106140674193946793e-01
4.426231394260729535e-01
2.675950525827043291e-01
1.000000000000000000e+00
9.233125534053134853e-01
1.000000000000000000e+00
-5.546636181234398943e-02
5.957790575487529328e-01
8.035257506062829513e-01
-1.000000000000000000e+00
-1.000000000000000000e+00
1.255323605686606836e-01
1.029010706914783579e-01
1.000000000000000000e+00
-1.951047485909795931e-01
-1.000000000000000000e+00
2.983966130018401719e-01
1.391429521899920640e-01
-5.781975978809886230e-02
5.245735544528491445e-01
6.081346460614560634e-01
-7.226971091860259211e-01
-1.000000000000000000e+00
-5.474587550003408021e-01
-6.711463455880593010e-01
-1.769399033291545464e-01
-1.000000000000000000e+00
-1.000000000000000000e+00
7.329697361561138269e-01
1.000000000000000000e+00
-7.631482317760704959e-01
-7.518770182858331985e-01
1.000000000000000000e+00
-6.588937168872657235e-01
-8.105736759129009705e-01
-1.000000000000000000e+00
-8.860121075371953925e-01
-2.825566323602115570e-01
1.000000000000000000e+00
-4.375386226709433446e-01
1.000000000000000000e+00
6.683292582433417728e-01
5.952604848433576956e-01
-1.000000000000000000e+00
-1.000000000000000000e+00
-9.710688829406618483e-01
1.154500405652327810e-01
-1.000000000000000000e+00
-7.007478943692272422e-01
5.001647562090726362e-01
-4.664913822530962761e-01
-1.000000000000000000e+00
-8.030970065709519545e-01
4.082605149342912743e-01
-1.000000000000000000e+00
6.378533870029633457e-01
1.000000000000000000e+00
4.483824861856625654e-01
-2.766885164451413637e-01
1.000000000000000000e+00
9.763300091096807076e-01
1.000000000000000000e+00
9.064052177091763696e-01
1.000000000000000000e+00
-6.874167564375452955e-01
-1.000000000000000000e+00
4.235888025721913919e-01
-1.000000000000000000e+00
-2.786807776009886384e-01
1.000000000000000000e+00
1.000000000000000000e+00
3.779522131608072932e-01
-1.000000000000000000e+00
-1.000000000000000000e+00
-1.000000000000000000e+00
-1.000000000000000000e+00
-1.000000000000000000e+00
1.000000000000000000e+00
-5.776023704018670157e-01
1.000000000000000000e+00
-5.187801866018723063e-01
1.000000000000000000e+00
3.339922505886860904e-02
-1.998746501132040720e-01
-5.027680081033670811e-01
-1.000000000000000000e+00
2.454914430947862103e-01
-2.184095845283355319e-01
3.888891297150676163e-02
1.000000000000000000e+00
4.088075179817960425e-01
7.959578015594428457e-01
1.000000000000000000e+00
1.000000000000000000e+00
3.939358722619292763e-01
3.459588990203177339e-01
5.282532600854694671e-01
1.430843217606022066e-01
-1.000000000000000000e+00
1.861151994664993481e-01
-2.385956950162382018e-01
-2.636395226091564625e-01
-4.864652530180897938e-01
1.000000000000000000e+00
-1.000000000000000000e+00
1.000000000000000000e+00
7.638699873699072995e-01
-1.000000000000000000e+00
4.833744546799657593e-01
-8.371084287346453046e-03
8.360750664198741688e-01
1.000000000000000000e+00
1.152871307336730267e-01
1.000000000000000000e+00
-9.988223632931325646e-01
1.000000000000000000e+00
-4.240753275534253630e-01
1.759135191373293605e-01
1.000000000000000000e+00
-1.000000000000000000e+00
-5.416363404671168391e-01
-1.000000000000000000e+00
-1.000000000000000000e+00
-1.000000000000000000e+00
8.550475723767525515e-01
-4.518660771018604416e-01
-3.000702591300895561e-01
-1.000000000000000000e+00
1.000000000000000000e+00
-1.000000000000000000e+00
9.284768777696739139e-01
3.597128120798099293e-01
-2.516720528250446787e-01
1.000000000000000000e+00
1.000000000000000000e+00
1.000000000000000000e+00
-3.304454947682766708e-01
1.000000000000000000e+00
-3.771445371914380340e-01
1.000000000000000000e+00
-1.000000000000000000e+00
1.000000000000000000e+00
1.000000000000000000e+00
-5.124121003744406266e-01
1.000000000000000000e+00
-7.412714383275770258e-02
1.000000000000000000e+00
-3.631598216951890112e-01
-6.120972853035737682e-01
9.843891950649981126e-01
7.306439148171284259e-01
-7.827403972776915131e-01
-7.994070197605867012e-01
-6.369752956895822216e-01
1.000000000000000000e+00
1.976872406312614738e-01
-1.000000000000000000e+00
-1.000000000000000000e+00
-1.000000000000000000e+00
4.689792758956458085e-01
7.304496225838759127e-01
4.903069978660313799e-01
-8.365082546760332916e-01
-1.000000000000000000e+00
-3.781805564386664376e-02
-8.609483724854649633e-01
7.577008361795953828e-01
-3.888343067104831352e-01
-5.381264990667982140e-01
4.315499644846030325e-01
-1.000000000000000000e+00
-3.227991117416897371e-01
2.547555385761385294e-01
-1.000000000000000000e+00
-1.000000000000000000e+00
6.571376581757001345e-01
1.000000000000000000e+00
