-8.647655510563567738e-01
-1.000000000000000000e+00
1.000000000000000000e+00
9.041173128744834919e-01
6.771665148399311773e-01
6.046416582960616459e-01
1.000000000000000000e+00
1.000000000000000000e+00
-1.000000000000000000e+00
-1.008328721075896217e-02
-1.000000000000000000e+00
-7.490208957503432519e-01
-1.155670329497727744e-01
6.861581160671667012e-01
1.000000000000000000e+00
-1.000000000000000000e+00
1.291190205460881479e-01
9.207622201242871007e-01
-1.000000000000000000e+00
-1.000000000000000000e+00
5.000123611934537138e-01
-1.000000000000000000e+00
9.769168590543805264e-01
8.459389691982950321e-01
5.675490258452884351e-01
1.000000000000000000e+00
1.000000000000000000e+00
-6.502300179128961410e-01
-7.042145093404894585e-02
1.000000000000000000e+00
-1.000000000000000000e+00
1.000000000000000000e+00
-4.930608800663524582e-01
-5.869140610468337460e-01
-1.000000000000000000e+00
7.012444674933002720e-01
5.605687063179511931e-01
4.976474160544153702e-01
-1.000000000000000000e+00
1.000000000000000000e+00
3.869827961883492984e-01
-6.611105339308833706e-01
8.991964199552202608e-01
1.000000000000000000e+00
-3.707628697219815805e-01
-1.000000000000000000e+00
-1.000000000000000000e+00
1.756316794245755819e-01
2.743333684994958555e-02
1.000000000000000000e+00
1.000000000000000000e+00
-1.000000000000000000e+00
-1.804628437674548058e-01
6.370051233023630299e-01
-9.243866985903094191e-01
6.623571802137995235e-02
-4.655350687847514823e-02
-8.381015218713534498e-01
1.000000000000000000e+00
1.000000000000000000e+00
-6.355610970337677301e-02
-1.000000000000000000e+00
-1.000000000000000000e+00
6.812767483681367864e-01
9.577657674317587855e-01
6.865875591935819422e-01
1.000000000000000000e+00
1.000000000000000000e+00
1.000000000000000000e+00
-1.387019380532498181e-01
4.288416794914656771e-01
-1.000000000000000000e+00
1.736266036433725679e-01
1.000000000000000000e+00
-2.595356430114670321e-01
-1.459767651606939109e-01
4.787350647946952975e-02
8.714020159797360998e-01
5.334381860937957853e-01
2.175673372109704351e-01
-1.145152198259047349e-01
1.988711040647562767e-01
1.000000000000000000e+00
1.537445918370615727e-01
1.289335882703318559e-01
1.000000000000000000e+00
2.105688059170267301e-03
6.435054598003255855e-01
1.000000000000000000e+00
-5.279859478707116249e-02
1.000000000000000000e+00
-7.630202803843744164e-03
6.591613458836299566e-01
1.655164255839362275e-01
1.000000000000000000e+00
-1.000000000000000000e+00
1.000000000000000000e+00
3.557208230704176355e-01
1.000000000000000000e+00
-1.190612881465892142e-01
1.582625587979205051e-01
-1.000000000000000000e+00
-1.000000000000000000e+00
-2.618643672832483560e-01
1.807144115945220619e-01
-1.000000000000000000e+00
1.000000000000000000e+00
-6.872428437791537892e-01
4.869099477041105017e-01
1.000000000000000000e+00
-8.067059172300616865e-01
1.869815714894821346e-01
1.000000000000000000e+00
1.788413021268144831e-01
-5.476600180393483841e-01
1.000000000000000000e+00
1.000000000000000000e+00
1.502934593563492183e-01
-1.000000000000000000e+00
8.496917009108393426e-01
1.017514265732473167e-01
1.446723071766388147e-01
8.144927579960864472e-01
-1.000000000000000000e+00
-6.715719864110032411e-01
-6.321748688535708816e-01
-1.000000000000000000e+00
-6.251859343446305450e-01
8.712645712849105273e-01
1.000000000000000000e+00
-1.000000000000000000e+00
1.000000000000000000e+00
1.000000000000000000e+00
1.377572744221919887e-01
1.000000000000000000e+00
8.261331888499653386e-01
1.094666608728533941e-01
-8.354954146910178459e-01
1.514787843810778689e-01
6.700900339747698498e-01
-1.000000000000000000e+00
1.000000000000000000e+00
3.212256792794783711e-01
-1.000000000000000000e+00
1.000000000000000000e+00
-1.000000000000000000e+00
-1.000000000000000000e+00
-1.000000000000000000e+00
5.487142670718070381e-02
1.000000000000000000e+00
-4.173609483833539135e-01
1.000000000000000000e+00
1.000000000000000000e+00
-5.734532987843965479e-01
-1.000000000000000000e+00
-1.000000000000000000e+00
-5.688380035861246853e-01
1.000000000000000000e+00
1.000000000000000000e+00
6.207752071245999925e-01
-5.102621195169998458e-02
1.000000000000000000e+00
1.000000000000000000e+00
4.524678218834364829e-01
-4.469951062214951865e-01
-1.000000000000000000e+00
1.000000000000000000e+00
4.900111155027414567e-01
-1.000000000000000000e+00
-6.063467502052917180e-01
-4.491361463344129001e-01
3.199554810888261547e-01
1.424742220661072700e-01
-2.841886927383242001e-01
1.000000000000000000e+00
-1.000000000000000000e+00
1.000000000000000000e+00
-1.000000000000000000e+00
-1.000000000000000000e+00
-1.000000000000000000e+00
-1.000000000000000000e+00
-4.793920206267205941e-01
1.338401861058500786e-01
8.720425666350225535e-01
-6.673135463780932586e-02
-3.805545241420104641e-01
-7.162782743531748153e-01
7.538305983760970053e-01
-1.698975660655669684e-01
-6.652591416794179091e-02
-1.000000000000000000e+00
2.397602577668211943e-01
8.057285215056059213e-01
-1.000000000000000000e+00
-1.000000000000000000e+00
1.000000000000000000e+00
7.074353820670100657e-01
5.594705875507273163e-01
1.000000000000000000e+00
-3.056220743343048829e-01
-1.000000000000000000e+00
-7.279764718108596711e-01
1.000000000000000000e+00
-6.961157028868205643e-01
-1.000000000000000000e+00
-4.191551410821601209e-01
-7.435428072732052085e-01
5.125119239788280545e-01
-1.000000000000000000e+00
-1.000000000000000000e+00
-1.000000000000000000e+00
-1.000000000000000000e+00
1.000000000000000000e+00
-1.910427278321459310e-01
-4.042723300793286123e-01
-2.901022480582021168e-01
1.000000000000000000e+00
-1.000000000000000000e+00
-2.277494343007802069e-02
-4.635711931404269404e-01
3.911379443750948592e-01
-1.000000000000000000e+00
1.676856118355429803e-02
1.000000000000000000e+00
9.403498046089689977e-01
-9.286379342019452920e-01
-8.092762463008118523e-01
-7.224434157496734121e-01
-1.000000000000000000e+00
-7.073061321667021284e-01
-7.141971386016645607e-01
1.000000000000000000e+00
6.994543759587792398e-01
2.585584111236260973e-02
-2.167192103103847689e-01
3.156270746965672558e-03
-1.000000000000000000e+00
-1.000000000000000000e+00
-9.436481326140344628e-02
7.075515164130006251e-01
1.699476131832828307e-01
-1.320417618239135282e-01
1.000000000000000000e+00
1.000000000000000000e+00
-5.242352327060213479e-01
-6.458298895775869131e-01
1.000000000000000000e+00
-1.000000000000000000e+00
4.220778503921716607e-01
-6.899531752998120382e-01
6.470939630364114237e-01
-8.291638262143740112e-01
1.000000000000000000e+00
1.000000000000000000e+00
1.000000000000000000e+00
1.000000000000000000e+00
-9.290728919080893933e-01
-8.670025334865617550e-01
1.000000000000000000e+00
1.000000000000000000e+00
1.070838269390043673e-01
4.272141167966559960e-01
1.000000000000000000e+00
1.000000000000000000e+00
5.642375355018047767e-03
