-1.000000000000000000e+00
7.008594568341059983e-01
-1.000000000000000000e+00
1.000000000000000000e+00
-9.378257469014615877e-01
-8.170312814143825264e-01
-1.000000000000000000e+00
7.844062311833122081e-01
-4.919847435181535222e-01
1.482872315579548683e-01
4.396497700033243916e-01
1.000000000000000000e+00
2.042719607399183790e-01
1.000000000000000000e+00
-7.388928465588002759e-01
8.126272699311931635e-01
-2.812484111148703114e-01
-6.854927973871343116e-01
1.852354768319708356e-01
6.499850961959596773e-02
2.579521175140643829e-01
5.306918326113669870e-01
2.366132269699904311e-01
-3.177699018865324243e-01
-1.000000000000000000e+00
-1.000000000000000000e+00
1.000000000000000000e+00
-1.000000000000000000e+00
7.592434247175866568e-01
1.900748150955475779e-01
1.000000000000000000e+00
-5.596425436358618555e-01
-8.979200250162255870e-01
4.818788860326215784e-01
9.095146194630199243e-01
-1.000000000000000000e+00
-1.837512966744434539e-01
-2.795814319465177444e-01
7.650077614296688644e-01
2.570037028171260340e-01
8.288663343981361731e-02
-6.148538084972312578e-01
6.527695845640713035e-01
1.482505229891322163e-01
-1.000000000000000000e+00
1.000000000000000000e+00
6.379615643967821992e-01
-1.000000000000000000e+00
-1.000000000000000000e+00
1.000000000000000000e+00
-8.809953855414853763e-01
-7.675151229459397095e-01
-1.000000000000000000e+00
7.293107837215071498e-01
1.000000000000000000e+00
-1.000000000000000000e+00
1.000000000000000000e+00
2.233433682788026342e-01
-3.035204355235619489e-01
1.000000000000000000e+00
-1.000000000000000000e+00
-5.324441327178646155e-01
-1.000000000000000000e+00
1.000000000000000000e+00
2.590233896983385464e-01
4.841901718612529049e-02
-1.000000000000000000e+00
-1.000000000000000000e+00
-2.984788537586213764e-01
1.000000000000000000e+00
-9.203344018479280297e-01
1.000000000000000000e+00
1.000000000000000000e+00
-3.089132521405175691e-01
-5.627863510113957357e-01
-3.371757023254364771e-01
1.000000000000000000e+00
-1.000000000000000000e+00
-1.327661441796710307e-01
-3.938061524207949748e-01
1.000000000000000000e+00
1.000000000000000000e+00
-8.574975339413772879e-01
5.291225056893337220e-01
-3.328962589906481195e-01
8.477396466927564767e-01
2.911719168700069305e-01
6.399933847275610654e-01
-1.000000000000000000e+00
-1.000000000000000000e+00
-4.639347830473223855e-01
-7.575297128855245088e-01
1.000000000000000000e+00
6.245812320323457234e-01
-2.646119838911996092e-01
-2.849318486440435283e-01
2.549681968879903282e-01
1.893109174353405089e-01
-9.432738864974214987e-01
-4.789830295199637433e-03
3.522970705265048297e-01
-8.872304229197399694e-01
-9.784408024977204743e-01
3.795848743732553876e-01
1.000000000000000000e+00
2.395629749687875343e-01
-1.000000000000000000e+00
1.000000000000000000e+00
-7.277925535410438851e-01
-1.000000000000000000e+00
-1.000000000000000000e+00
-5.721268287121106244e-01
8.563966897108434839e-01
7.682731799469937339e-01
1.000000000000000000e+00
-2.879441390738491924e-01
-2.220753065963754214e-01
9.174734442347505237e-01
1.000000000000000000e+00
-9.771030893228402903e-01
-4.688053111483025948e-02
-1.783472749778873823e-01
-1.000000000000000000e+00
-1.000000000000000000e+00
8.133573939328975211e-01
1.000000000000000000e+00
1.025986254039947809e-01
9.087533580214162132e-01
1.000000000000000000e+00
1.000000000000000000e+00
-4.692937062385483249e-01
7.141799315742769494e-02
-8.164075951814893095e-01
-1.000000000000000000e+00
-1.000000000000000000e+00
1.000000000000000000e+00
-1.000000000000000000e+00
-9.148925213376863930e-01
1.000000000000000000e+00
-6.832594244305287834e-01
4.934906537645648572e-01
-4.770641472100159985e-01
1.000000000000000000e+00
4.302451415135992718e-01
1.349816582624092653e-01
-1.000000000000000000e+00
-1.397178683310713043e-01
4.240003763832018713e-01
1.154971021139149512e-01
-1.000000000000000000e+00
7.671995208617355955e-01
1.000000000000000000e+00
1.000000000000000000e+00
3.354977089985279326e-01
-1.000000000000000000e+00
3.174307254719868077e-01
7.973340150802046278e-01
1.000000000000000000e+00
-1.000000000000000000e+00
1.000000000000000000e+00
-8.852163107848498580e-01
1.000000000000000000e+00
-7.252357037896726144e-01
-1.000000000000000000e+00
1.442084037081985959e-01
-1.880936904823315992e-02
-4.051025174439593091e-01
-1.000000000000000000e+00
1.000000000000000000e+00
-1.000000000000000000e+00
1.000000000000000000e+00
8.855211789829476876e-01
9.991534377486138707e-01
4.300954934058704993e-01
-1.000000000000000000e+00
-1.000000000000000000e+00
6.017817977291193277e-01
-8.011866714187645400e-01
-3.542239038018333286e-01
1.000000000000000000e+00
6.788761264641249848e-01
1.000000000000000000e+00
-5.138827329008129885e-01
-1.000000000000000000e+00
-8.030341188243161898e-02
1.000000000000000000e+00
-5.502394705462554381e-01
-1.000000000000000000e+00
-7.759578579429478040e-01
1.000000000000000000e+00
9.571480997569787874e-01
4.172651592334549742e-01
3.453480038557162901e-01
-5.078664922577804663e-01
-1.000000000000000000e+00
-1.313634675698488463e-01
-1.000000000000000000e+00
-5.335209762749205664e-01
1.000000000000000000e+00
-1.000000000000000000e+00
6.448446506652010246e-01
-1.000000000000000000e+00
1.000000000000000000e+00
-1.000000000000000000e+00
3.073169099315486985e-01
-5.097612647633978922e-01
-1.000000000000000000e+00
-1.000000000000000000e+00
5.153155973765696229e-01
5.078212192301545524e-01
-1.000000000000000000e+00
-1.000000000000000000e+00
-1.000000000000000000e+00
1.680648999674597688e-01
-1.000000000000000000e+00
3.923061180597877673e-01
4.976561154964680433e-01
9.249802868119680888e-01
2.589206280497692234e-02
1.000000000000000000e+00
2.326435366075988442e-01
-5.054266898213893855e-01
-4.182244572678215921e-01
1.000000000000000000e+00
-1.000000000000000000e+00
1.659098953078322891e-01
-7.176604522860089430e-01
-4.813659473805340649e-01
-4.915013970127362075e-01
-1.000000000000000000e+00
-1.000000000000000000e+00
7.596299382429515523e-01
1.000000000000000000e+00
-9.312298610431841706e-01
-3.481863232812574260e-01
1.000000000000000000e+00
1.000000000000000000e+00
-8.511569940979151205e-01
1.000000000000000000e+00
-4.414249966760999122e-01
1.000000000000000000e+00
1.464387383100494988e-01
1.000000000000000000e+00
8.353022257898707892e-01
-1.000000000000000000e+00
4.105678745182184119e-01
-1.000000000000000000e+00
6.512055437672197300e-01
-7.320816197813262427e-01
-1.000000000000000000e+00
4.214109986247360773e-02
-1.000000000000000000e+00
9.852475654680392658e-03
1.000000000000000000e+00
-4.289488214830921020e-01
-1.000000000000000000e+00
-9.849208048304429752e-01
1.925244306742691647e-01
-5.495208705416383399e-01
1.000000000000000000e+00
-3.962451266347745693e-01
-1.000000000000000000e+00
4.169787063080540035e-01
2.367298001250737194e-01
-6.409208045834362544e-01
