-7.597757445184342151e-01
3.195211043347327973e-01
-4.012913824985879230e-01
-1.000000000000000000e+00
6.523548846291893355e-01
9.280228312753381337e-01
-4.967034476221764416e-01
-1.000000000000000000e+00
-1.000000000000000000e+00
1.000000000000000000e+00
1.723366667571334387e-01
6.690569328819711004e-01
-5.970924368686421069e-01
-5.898618495752678825e-01
-6.255894692079606578e-01
4.483182262794237483e-01
-1.000000000000000000e+00
-5.975002535644078350e-01
-1.000000000000000000e+00
-1.000000000000000000e+00
5.709167356058475473e-02
-5.655419120698957913e-01
9.632037559603211507e-01
1.000000000000000000e+00
4.109675993667238902e-01
-1.616037734509291335e-01
-6.378138592639647220e-01
-4.578770479003642091e-01
-2.025180063416143206e-02
1.000000000000000000e+00
1.000000000000000000e+00
-8.063884497662328066e-01
-1.000000000000000000e+00
8.218051313342318309e-01
1.000000000000000000e+00
-1.000000000000000000e+00
-1.084217953465356210e-01
-9.797483305190879399e-02
1.000000000000000000e+00
-1.924989899936886406e-01
-1.000000000000000000e+00
1.000000000000000000e+00
-1.000000000000000000e+00
5.324469251682765192e-01
-3.605141938506650212e-01
1.004776368488802252e-01
-1.000000000000000000e+00
-6.819372796283089677e-01
1.000000000000000000e+00
-9.913909318587292852e-01
7.386575607655665454e-02
-2.255956948180133370e-01
-1.000000000000000000e+00
4.631348804275758901e-02
9.232197988075194761e-01
1.000000000000000000e+00
1.000000000000000000e+00
-6.135985849289049554e-01
1.000000000000000000e+00
-1.000000000000000000e+00
-9.893023021910598569e-01
8.886970234256682533e-01
-3.815386648355858501e-01
3.086631471276182759e-02
-8.656544738726538180e-01
-1.000000000000000000e+00
-1.326227496463676381e-01
1.000000000000000000e+00
-1.000000000000000000e+00
-4.447200480536052103e-01
-1.000000000000000000e+00
1.000000000000000000e+00
-2.147631949369469551e-01
-6.410446497556069323e-01
1.000000000000000000e+00
-1.000000000000000000e+00
1.000000000000000000e+00
-3.156519993133691804e-01
-1.000000000000000000e+00
-1.914740088133796148e-01
-1.000000000000000000e+00
3.170973634158916754e-01
3.988496879271190565e-01
-7.712828002209125566e-01
1.000000000000000000e+00
-1.000000000000000000e+00
2.532314295110509317e-01
-9.438097720065167229e-01
1.000000000000000000e+00
-8.317626878574994054e-01
-6.395930698403631265e-01
-6.763051876769721193e-01
-1.000000000000000000e+00
2.034626713970522083e-01
1.329382053820393761e-01
-1.000000000000000000e+00
3.514725474276124695e-01
1.000000000000000000e+00
6.197137264058324435e-01
1.000000000000000000e+00
-9.490980447899399763e-02
9.031122872081098762e-01
-1.000000000000000000e+00
-1.000000000000000000e+00
-3.850856552435981683e-01
-1.000000000000000000e+00
1.000000000000000000e+00
-1.000000000000000000e+00
1.000000000000000000e+00
-4.168785336339106973e-01
9.501407822358638455e-01
1.000000000000000000e+00
-8.025997146073964306e-01
-1.000000000000000000e+00
-1.000000000000000000e+00
-5.497797489874596266e-01
2.773746685977606097e-01
-1.000000000000000000e+00
1.000000000000000000e+00
-1.000000000000000000e+00
1.000000000000000000e+00
-4.672938087954671138e-01
1.000000000000000000e+00
-1.416328094829555351e-01
1.117233639996980665e-01
-1.000000000000000000e+00
3.543395436453873337e-01
-1.000000000000000000e+00
1.000000000000000000e+00
-1.000000000000000000e+00
1.000000000000000000e+00
8.850338121629075516e-01
1.118497820770683049e-01
-1.000000000000000000e+00
1.530437121565508818e-02
-7.087739205589695946e-01
1.000000000000000000e+00
-8.432281948938764593e-01
1.000000000000000000e+00
-1.000000000000000000e+00
3.649231905239228579e-01
-2.897824965327062685e-01
1.000000000000000000e+00
-1.000000000000000000e+00
6.815906056934625257e-01
1.000000000000000000e+00
1.000000000000000000e+00
-8.638571764747252635e-01
3.236119617752540867e-01
1.000000000000000000e+00
5.554558986190998304e-01
-1.000000000000000000e+00
-3.805655309928668295e-01
2.921798572959934948e-01
3.750443910254934732e-01
3.284296649471134533e-01
-1.000000000000000000e+00
1.000000000000000000e+00
-1.000000000000000000e+00
1.000000000000000000e+00
1.000000000000000000e+00
-2.683211369039331107e-01
-1.000000000000000000e+00
-6.874395998983091616e-01
-8.385691540358910512e-01
-1.000000000000000000e+00
-1.000000000000000000e+00
8.824090208097332688e-01
-1.000000000000000000e+00
5.944172395582715263e-01
-1.000000000000000000e+00
-4.471924145353513014e-01
1.000000000000000000e+00
5.575773333894455952e-01
1.000000000000000000e+00
-1.920308445488273508e-01
-3.397927483802855031e-01
8.544479928251943468e-01
1.000000000000000000e+00
-1.000000000000000000e+00
4.738978431445052264e-01
-3.372969812983093174e-01
1.000000000000000000e+00
-4.832072413865018401e-02
4.265365983693792939e-01
-4.913371994348467720e-01
-1.000000000000000000e+00
-1.000000000000000000e+00
-1.901042557738440442e-01
1.000000000000000000e+00
-1.000000000000000000e+00
-1.000000000000000000e+00
-4.850882132743381536e-01
9.657276570104551539e-01
-7.522205484959016974e-01
6.374299890315784367e-01
4.115641677632710937e-01
1.284401911565829502e-01
-3.661444260260087735e-01
1.000000000000000000e+00
1.000000000000000000e+00
-2.970478184111786657e-01
9.400656048265956244e-01
-1.000000000000000000e+00
-5.777105288553543438e-01
1.000000000000000000e+00
-1.000000000000000000e+00
-4.890049296578902194e-02
-1.000000000000000000e+00
1.000000000000000000e+00
1.000000000000000000e+00
9.370961548328617940e-01
7.945394181750404794e-01
1.000000000000000000e+00
1.918900072588504147e-01
8.223990818311055495e-01
-1.377565768671162316e-01
5.239066488689931855e-01
3.308291732399900598e-01
-1.704994028347384116e-02
1.000000000000000000e+00
2.154165364337096156e-01
1.000000000000000000e+00
4.317690627832665440e-01
-1.000000000000000000e+00
5.821121206589413566e-01
1.000000000000000000e+00
8.886889846257843839e-01
-1.000000000000000000e+00
2.230980554948614469e-01
9.099052442587090006e-01
2.071818018670268380e-02
1.000000000000000000e+00
6.928076973911123648e-01
1.000000000000000000e+00
-1.000000000000000000e+00
1.000000000000000000e+00
-5.870763258657050176e-01
1.000000000000000000e+00
1.950019026440289460e-01
7.582458004472504287e-01
-1.000000000000000000e+00
7.895875139591979064e-01
2.803130660528858620e-01
-8.217901819848818512e-01
-9.867924707401145579e-01
-2.570812975314636928e-01
7.139563109790906248e-01
-9.026552353497113712e-01
-1.000000000000000000e+00
-1.000000000000000000e+00
1.000000000000000000e+00
-6.667828626710071704e-01
-2.142552011580971527e-01
9.944781777853191063e-01
-9.903202111225295479e-01
-1.000000000000000000e+00
1.000000000000000000e+00
1.000000000000000000e+00
1.449139677301081175e-01
-9.640339129579197364e-01
1.000000000000000000e+00
4.230393402250109958e-02
-7.825987912259768642e-02
-8.482361991982101390e-01
