1.000000000000000000e+00
-8.838492096484690252e-01
1.000000000000000000e+00
-5.357468276485175540e-01
2.064009084438489516e-01
-2.894769410371387242e-01
8.856143410345187483e-01
-9.484815073088145310e-01
1.000000000000000000e+00
-1.000000000000000000e+00
1.387256449534889358e-01
8.869710116030632419e-01
9.392552794318791420e-01
9.552656350915205152e-01
1.000000000000000000e+00
1.000000000000000000e+00
5.905834965117578994e-01
-6.278355306643288447e-01
4.998086517193794931e-01
5.706428780695320668e-01
-1.000000000000000000e+00
4.259531183976262292e-01
1.000000000000000000e+00
-8.048903641465768866e-01
-5.892547537448511452e-01
8.280988827488136028e-01
1.000000000000000000e+00
1.000000000000000000e+00
1.000000000000000000e+00
1.000000000000000000e+00
1.000000000000000000e+00
1.000000000000000000e+00
-5.767724273668312085e-01
1.000000000000000000e+00
-1.000000000000000000e+00
-1.000000000000000000e+00
3.692474924215490839e-01
-1.000000000000000000e+00
-1.000000000000000000e+00
1.000000000000000000e+00
4.858497349014887501e-01
-4.764586840825033587e-01
1.000000000000000000e+00
-1.000000000000000000e+00
1.000000000000000000e+00
-6.416685678865581277e-01
-1.812667968433801513e-01
-8.752559751897013296e-01
9.776198222446361719e-01
-6.048098675136508451e-01
8.479475813256343031e-02
1.000000000000000000e+00
-5.921666615720929672e-01
4.469891807707460085e-02
2.373483945001830797e-02
5.147154975358494422e-01
-1.000000000000000000e+00
-1.805663878929995581e-01
-1.000000000000000000e+00
-3.305021843266728321e-01
-1.758814910142476040e-01
1.000000000000000000e+00
1.000000000000000000e+00
-8.366272915657022025e-02
1.000000000000000000e+00
-6.953649014086049629e-01
-3.358659953189682135e-01
7.529599929799669633e-01
-2.641632576631086082e-01
-1.000000000000000000e+00
-2.961673082592882755e-01
1.000000000000000000e+00
-1.000000000000000000e+00
-1.000000000000000000e+00
4.534493864859294177e-01
-1.000000000000000000e+00
-4.307749876587874116e-01
1.000000000000000000e+00
-4.740155629157094541e-02
-1.000000000000000000e+00
-9.498016918002382125e-01
-1.000000000000000000e+00
-1.212894641816546493e-01
-1.000000000000000000e+00
-6.839383148331246165e-01
4.707367562843632336e-01
1.000000000000000000e+00
1.251354995695769801e-01
-7.868302162608176165e-01
-1.000000000000000000e+00
-8.372910149286998394e-01
8.905545192960876433e-01
-1.790654753428551071e-01
-7.844961681884984328e-01
-1.000000000000000000e+00
9.961218919701710917e-01
5.092968028919346857e-01
-6.721775660291475774e-01
-5.562726856701216693e-01
-8.596764724560344018e-01
-1.000000000000000000e+00
1.000000000000000000e+00
-1.000000000000000000e+00
-1.000000000000000000e+00
-1.965463838292126897e-01
-4.681497145436326890e-01
-2.871783567713628305e-01
2.271300823003231661e-01
1.000000000000000000e+00
-6.913161487287603491e-01
1.000000000000000000e+00
-1.232998518907307828e-02
1.000000000000000000e+00
-2.319102012430223070e-01
-1.000000000000000000e+00
9.190415769055554351e-01
7.360371356001667031e-01
-1.443818704915911244e-02
9.008512115192682246e-02
-2.936255156441074377e-01
-1.000000000000000000e+00
-1.000000000000000000e+00
-1.138134680933526877e-01
9.306758415012537089e-01
-1.000000000000000000e+00
-3.847452818496843729e-02
8.143454941592436214e-01
-1.453836829783892726e-01
-1.000000000000000000e+00
9.883088392763765828e-01
-2.055827444994722253e-01
-5.017602489020467349e-02
-2.795841462887447837e-01
-2.941700468227052001e-01
1.000000000000000000e+00
-1.000000000000000000e+00
1.000000000000000000e+00
1.949365221683263538e-02
4.816375333833389782e-01
1.000000000000000000e+00
1.000000000000000000e+00
1.000000000000000000e+00
9.628908382640486430e-01
-1.000000000000000000e+00
-1.000000000000000000e+00
-1.000000000000000000e+00
1.977750972618258496e-01
1.000000000000000000e+00
-4.161442157353780757e-01
-2.319525119093215626e-01
-2.757647868807096003e-01
-1.000000000000000000e+00
-3.771372655786217609e-02
1.000000000000000000e+00
-1.000000000000000000e+00
-5.323782557695257989e-01
-9.631496565735441218e-01
-9.914419499453832607e-01
2.153461054750926695e-01
5.980184837666224773e-01
-1.000000000000000000e+00
-1.009103919552581385e-01
-1.000000000000000000e+00
-2.469101798406224124e-01
-1.000000000000000000e+00
1.327567136098212197e-01
1.000000000000000000e+00
8.401370053703760554e-01
8.945282624349506495e-01
-1.184674925991714423e-01
1.000000000000000000e+00
6.597852766355860599e-01
2.943372170267616328e-02
-1.000000000000000000e+00
-1.148956968318412680e-01
1.000000000000000000e+00
-1.000000000000000000e+00
5.903010236577419523e-01
-1.000000000000000000e+00
1.000000000000000000e+00
-3.438063830226061324e-01
2.685032463452787233e-01
4.664232467037149332e-02
5.753759829644158330e-01
-1.000000000000000000e+00
1.000000000000000000e+00
9.182436226962910064e-01
-7.191538956883711808e-01
-1.000000000000000000e+00
-1.000000000000000000e+00
-9.377105160847416798e-02
1.000000000000000000e+00
1.876277623217581514e-02
-1.000000000000000000e+00
7.472993184792434684e-01
-1.000000000000000000e+00
-5.504649432155038768e-01
9.114490323027023555e-01
-9.226257230978219814e-01
4.585813459131338199e-02
7.123965196099746322e-01
-8.562540279216402928e-01
6.730943789845094116e-01
-3.461876244708730344e-01
1.000000000000000000e+00
-1.000000000000000000e+00
-7.551985857389456047e-01
5.699743595160637888e-01
-1.995669494311932413e-01
-1.000000000000000000e+00
-1.000000000000000000e+00
6.377204935393598895e-02
1.000000000000000000e+00
1.000000000000000000e+00
1.000000000000000000e+00
8.350049946504179976e-01
2.699010246119094014e-01
1.000000000000000000e+00
1.000000000000000000e+00
6.557416545935585983e-01
-4.489356149308232347e-02
-6.075190985479754779e-01
-1.000000000000000000e+00
-1.000000000000000000e+00
-3.744793059919887535e-01
1.312239918593995913e-01
-7.311649344900579273e-01
-1.067771164260353789e-01
1.000000000000000000e+00
1.000000000000000000e+00
7.368532089072574731e-01
-6.936234402004265442e-02
-1.000000000000000000e+00
1.000000000000000000e+00
-1.000000000000000000e+00
1.123991117671830908e-01
-1.000000000000000000e+00
-5.759480379047634546e-01
-2.831899094372094527e-01
1.000000000000000000e+00
1.000000000000000000e+00
1.000000000000000000e+00
9.434416563226356578e-01
5.611347615061882399e-01
3.801989139980823107e-01
-9.307253385693894376e-01
-4.255651429339194491e-01
3.980187523490963386e-02
6.251019938706831036e-01
1.000000000000000000e+00
-9.809607259871371276e-01
-9.615555947285033822e-01
-9.686911239198781054e-01
-2.989255831079936088e-01
-1.000000000000000000e+00
-1.000000000000000000e+00
-6.731341858718997706e-02
3.456851944258370057e-01
-1.000000000000000000e+00
-1.000000000000000000e+00
-8.725745699013369716e-01
8.605851599184191070e-01
-1.000000000000000000e+00
-1.186960214022486637e-02
-1.994250587589704027e-01
