-1.000000000000000000e+00
-1.000000000000000000e+00
1.000000000000000000e+00
-6.350297437023836311e-01
1.243642138559792887e-01
-3.246659049153777232e-02
1.881139636902811052e-01
-1.000000000000000000e+00
1.000000000000000000e+00
9.528288999041883978e-01
-1.000000000000000000e+00
1.000000000000000000e+00
2.974363266952271267e-01
2.825755558607749851e-01
1.000000000000000000e+00
-8.986826254452908724e-01
-1.000000000000000000e+00
9.028457862203455031e-01
1.000000000000000000e+00
-8.356913709967148662e-01
-3.075700404979627711e-01
-4.858104419867615986e-01
-9.433290705223928985e-02
1.000000000000000000e+00
1.000000000000000000e+00
2.565310517674842528e-01
6.823608759042645300e-01
1.362882513914751015e-01
4.890607729854561381e-01
-1.461038763323863066e-02
-1.000000000000000000e+00
-1.000000000000000000e+00
9.434239956523129411e-01
7.448121856821448006e-01
-1.000000000000000000e+00
-4.291738270970667513e-01
-7.731294510807398268e-01
-3.716749574225619579e-01
-1.000000000000000000e+00
-3.136924841793712337e-01
1.000000000000000000e+00
7.159332352834527624e-01
-7.163958864852034703e-01
4.220246399618100552e-01
5.173186632452710931e-01
-1.000000000000000000e+00
-4.215801016710359894e-01
-1.000000000000000000e+00
3.027475104513063786e-02
7.335767660629455289e-02
-6.218412161739623745e-01
1.000000000000000000e+00
1.000000000000000000e+00
-1.000000000000000000e+00
-7.115456157997296360e-01
9.846935635491568251e-01
8.776731695720432214e-01
-1.000000000000000000e+00
-9.122411257227782677e-01
-9.137417214409080390e-01
2.597815251858801577e-01
-1.000000000000000000e+00
-3.874021302861312965e-01
3.608853877811146749e-01
2.031930829589007614e-01
4.507011086674239664e-01
1.000000000000000000e+00
-7.307968801374260526e-01
-1.000000000000000000e+00
4.307370898408827697e-01
-8.849671634665388087e-01
8.493153295566989724e-01
1.000000000000000000e+00
3.457410220327971073e-01
-1.000000000000000000e+00
-2.653819183713274077e-01
8.025459915975996505e-01
4.554685585398554615e-02
2.317728911268391312e-01
9.228280803569299806e-04
4.651769516026763029e-03
-1.000000000000000000e+00
-1.000000000000000000e+00
-3.471846097560700173e-01
-1.569715901741274844e-01
-3.606161122354704651e-01
-1.000000000000000000e+00
1.000000000000000000e+00
-1.000000000000000000e+00
1.000000000000000000e+00
1.000000000000000000e+00
-3.637174437533384763e-01
1.000000000000000000e+00
1.000000000000000000e+00
3.632704657408709070e-01
-6.171502088685709708e-01
-1.000000000000000000e+00
-9.404811496297693640e-01
4.811722147716860354e-01
6.102135644499225853e-01
-4.925209609801408650e-01
-1.000000000000000000e+00
2.250594565793385404e-01
-1.000000000000000000e+00
-3.448165433869576635e-01
1.846942472031529170e-01
-6.183937514498014654e-01
1.000000000000000000e+00
-5.071490453210447669e-01
1.000000000000000000e+00
1.426662691589924981e-01
4.500404621374113900e-01
-1.000000000000000000e+00
1.000000000000000000e+00
5.814647060109434662e-01
-2.552024198375381081e-01
9.742874412795745620e-01
-1.000000000000000000e+00
-1.000000000000000000e+00
1.000000000000000000e+00
3.320740103402790300e-02
6.585821051011431226e-01
1.248928512113779699e-02
-1.000000000000000000e+00
-7.842584188615884244e-01
2.761875223593130979e-01
-6.921203685849082188e-01
7.270610655309485137e-01
-6.195969208972681441e-01
-2.284590296711687119e-01
1.000000000000000000e+00
-4.385253238967252720e-01
-7.066793710395347095e-02
6.140419387672697571e-01
-6.698713332245516128e-01
1.000000000000000000e+00
-1.564800819180004743e-01
-3.356653589054413023e-01
-1.000000000000000000e+00
-1.000000000000000000e+00
-1.000000000000000000e+00
1.000000000000000000e+00
1.000000000000000000e+00
-2.611091152505822244e-01
1.000000000000000000e+00
-1.000000000000000000e+00
-3.827802632191691368e-01
-7.109351759349733513e-01
-1.000000000000000000e+00
-7.303659949953730246e-01
-1.000000000000000000e+00
1.000000000000000000e+00
3.648595198149306995e-01
1.000000000000000000e+00
1.000000000000000000e+00
-1.000000000000000000e+00
1.000000000000000000e+00
1.000000000000000000e+00
8.058692917339780326e-01
-9.878941462105634841e-01
3.232175750039553153e-01
-1.000000000000000000e+00
5.467940443537830930e-01
6.379993893620231615e-01
-1.000000000000000000e+00
1.000000000000000000e+00
3.259237423618011054e-01
8.789305188701757032e-01
-8.753020607747444837e-01
1.000000000000000000e+00
-1.975159306383287849e-01
1.629775794277978918e-01
-1.000000000000000000e+00
1.000000000000000000e+00
8.136897642312059808e-01
-1.609199542426582585e-01
3.035141137908041742e-01
1.000000000000000000e+00
-2.981027964453983325e-01
1.000000000000000000e+00
-7.604048147657455070e-01
1.000000000000000000e+00
1.000000000000000000e+00
1.000000000000000000e+00
7.452694604640732745e-01
6.173001932486517074e-01
-6.299749817423406784e-01
-1.836119865219116298e-01
2.339333481387805280e-01
-5.154144622957510524e-01
9.889131146814852391e-01
-8.227979880158792225e-01
1.000000000000000000e+00
1.000000000000000000e+00
-1.000000000000000000e+00
1.000000000000000000e+00
-5.796184285249577073e-01
-1.956565264404140914e-01
9.074818342588111819e-02
-1.000000000000000000e+00
-7.391066914617641093e-01
-3.186745977604746871e-01
1.000000000000000000e+00
-1.000000000000000000e+00
1.000000000000000000e+00
-3.014741130683775694e-01
1.000000000000000000e+00
-1.000000000000000000e+00
4.940257205837375598e-01
5.881546827648003184e-01
3.911964925592148479e-01
1.447859177475155912e-01
1.000000000000000000e+00
9.050895218382177809e-01
-1.000000000000000000e+00
1.000000000000000000e+00
4.719786263223712530e-01
7.892317232607908295e-01
-1.197216280396971588e-01
-1.000000000000000000e+00
8.932591754471037593e-01
1.000000000000000000e+00
-1.000000000000000000e+00
9.611198220467914721e-01
-1.000000000000000000e+00
-1.000000000000000000e+00
3.558222353691409268e-02
9.158837085914828258e-02
-6.502147601494860929e-01
1.227149496604801326e-01
6.011466330419924509e-01
9.443462051995648032e-01
-1.000000000000000000e+00
-7.812801667994045962e-01
-7.693968069162613332e-01
7.854408670103003587e-01
2.444400960617915119e-01
-1.000000000000000000e+00
1.000000000000000000e+00
-1.000000000000000000e+00
-7.510030093317935362e-01
-6.453679002145431554e-01
4.292084791771366703e-01
-1.000000000000000000e+00
7.450709281104915815e-01
-9.014434364766698016e-01
-1.232122427374992557e-01
1.000000000000000000e+00
1.000000000000000000e+00
-2.885122296003523878e-01
5.505201750851241860e-01
-1.525575215669477958e-01
6.553715254774719057e-01
1.000000000000000000e+00
-1.913504929748156558e-01
1.000000000000000000e+00
8.615419980685062873e-01
-8.412457508727526623e-01
-2.071026691125084085e-01
5.640302216832524529e-01
-3.471747276956174688e-01
5.281494299740615572e-01
1.000000000000000000e+00
8.314146599995391185e-01
-1.000000000000000000e+00
