-1.000000000000000000e+00
5.385848904602926757e-01
4.776254247357745175e-01
8.108084898777438987e-01
1.000000000000000000e+00
-9.987251653534140461e-01
1.000000000000000000e+00
-9.662021768070128136e-02
5.942337692142221073e-01
-1.000000000000000000e+00
-3.248808372832068248e-01
-1.000000000000000000e+00
3.781796103014748445e-01
7.254806673212738088e-01
-5.471953358301930859e-01
5.097904724501407525e-01
-5.480087123493933010e-01
3.926405346970562871e-01
-1.000000000000000000e+00
9.019600152409286142e-01
3.703897774384704578e-01
6.113598215150430892e-01
-1.000000000000000000e+00
1.000000000000000000e+00
-1.000000000000000000e+00
1.000000000000000000e+00
1.000000000000000000e+00
-2.075483888897798890e-01
-4.410966196228343073e-01
1.000000000000000000e+00
1.000000000000000000e+00
9.398986114622055466e-01
-1.000000000000000000e+00
-6.027411747468212067e-01
-1.000000000000000000e+00
-3.793811746222617853e-01
4.651070014201412750e-01
-3.428379467670157332e-01
1.582100342988135289e-01
8.065599267815430906e-01
1.492840999439066785e-01
2.004466198629043516e-01
-8.699205772172097229e-01
4.844356186293780064e-01
-8.952586971897746881e-01
1.000000000000000000e+00
9.376240983118580008e-01
-1.000000000000000000e+00
-4.066390775304727923e-01
-1.469389458757107692e-01
6.876280762830413451e-01
6.659457957771386383e-01
7.339806745205801342e-02
1.000000000000000000e+00
-1.000000000000000000e+00
5.824832287296261013e-01
2.102569513678429480e-01
-8.195070916112310311e-01
5.419259595256697981e-02
7.305879790999442180e-01
1.000000000000000000e+00
4.155439791381668746e-01
-7.600394495563057573e-01
-1.000000000000000000e+00
-1.000000000000000000e+00
-8.237623652155156018e-01
-7.097911261397071847e-02
3.337660086956084626e-01
1.073716337385678954e-01
1.000000000000000000e+00
2.478627178407545040e-01
1.000000000000000000e+00
6.252999294643607486e-01
-1.000000000000000000e+00
-1.000000000000000000e+00
3.574152955244482843e-01
1.000000000000000000e+00
-6.643929386130861259e-01
-1.000000000000000000e+00
-1.000000000000000000e+00
1.000000000000000000e+00
1.000000000000000000e+00
-1.000000000000000000e+00
1.185601151394117814e-01
-8.659675641955454362e-01
1.000000000000000000e+00
1.000000000000000000e+00
4.103602614296195661e-01
-1.000000000000000000e+00
-5.391806445656526225e-01
-7.811996956287137195e-02
-3.068034629322495821e-01
1.000000000000000000e+00
-1.000000000000000000e+00
1.000000000000000000e+00
6.307390497895879466e-01
1.000000000000000000e+00
-1.000000000000000000e+00
1.000000000000000000e+00
9.905121591110699342e-01
1.000000000000000000e+00
-1.547529105354267798e-01
9.024472184713179246e-01
1.000000000000000000e+00
-2.597176444414734386e-01
-1.754291007001246294e-01
8.110138572941125723e-01
-1.000000000000000000e+00
-1.366641248121778229e-01
-9.045834207734525512e-01
-6.256235251575622547e-01
1.000000000000000000e+00
2.505170229166699958e-01
-2.584400749152807597e-01
8.282646147644174839e-01
-8.908372467218157453e-01
-1.062390246324540488e-02
-1.000000000000000000e+00
7.928581939450659588e-01
8.265140849747046881e-01
-1.000000000000000000e+00
1.488849969632590753e-01
-1.000000000000000000e+00
-1.000000000000000000e+00
3.657591258824516300e-01
-1.000000000000000000e+00
1.134091958276181034e-01
-1.000000000000000000e+00
-1.000000000000000000e+00
1.000000000000000000e+00
-3.458106791324783158e-01
-7.136651800957991565e-01
-4.752802326177248959e-01
1.000000000000000000e+00
-1.000000000000000000e+00
-5.574546344085739014e-01
-6.206063576812802518e-01
-2.946357246382200756e-01
-1.000000000000000000e+00
2.955244388149231849e-01
-4.506226028103353931e-01
1.374915805500439292e-01
1.000000000000000000e+00
1.000000000000000000e+00
-2.100878635138070938e-01
5.654738867763985377e-01
1.000000000000000000e+00
-1.112949247368072436e-01
1.000000000000000000e+00
-5.697546253365843860e-01
-1.000000000000000000e+00
8.572134373962206899e-01
4.986152711163294171e-02
-7.729164038306426399e-01
2.859095539399595376e-01
-1.671526986954264826e-01
-1.000000000000000000e+00
8.278415284963855925e-01
1.633063488083095205e-01
-1.000000000000000000e+00
1.000000000000000000e+00
6.859136485492722812e-02
-1.491288705559734584e-02
1.000000000000000000e+00
-1.000000000000000000e+00
1.286976698393382801e-02
8.025523043891072961e-01
-1.000000000000000000e+00
8.766873898869520509e-02
1.000000000000000000e+00
-5.902162168078335380e-01
6.869455560589600163e-01
-1.000000000000000000e+00
4.244844027529629527e-01
6.139712073209657728e-02
1.000000000000000000e+00
7.351047579218350503e-01
-1.945402095228075945e-01
1.000000000000000000e+00
-1.000000000000000000e+00
-1.000000000000000000e+00
-8.009469036484819782e-01
7.231200977866560908e-01
5.112784656218904988e-01
3.439659695725265087e-01
-1.000000000000000000e+00
-9.456362978809251807e-01
7.517758343084852690e-01
2.517916340103859563e-01
-5.131757049522183145e-01
-1.493034435930686299e-01
-1.705307981146850782e-01
-9.179514243684919750e-01
1.000000000000000000e+00
1.000000000000000000e+00
4.388615780628664642e-01
1.000000000000000000e+00
-1.000000000000000000e+00
1.000000000000000000e+00
-1.000000000000000000e+00
-6.031130802863798879e-01
-1.000000000000000000e+00
-1.000000000000000000e+00
-1.000000000000000000e+00
-1.000000000000000000e+00
2.210628016555726272e-01
1.000000000000000000e+00
-1.000000000000000000e+00
1.000000000000000000e+00
3.026699157228049941e-01
1.000000000000000000e+00
2.441623733943114605e-01
2.546909704920941042e-01
1.000000000000000000e+00
-9.398098012004462154e-01
-2.950015420871155425e-01
1.000000000000000000e+00
-1.710455300491913189e-01
6.363525742524918094e-01
7.983681175353313231e-01
-1.000000000000000000e+00
-1.000000000000000000e+00
-2.052351334198351251e-01
5.883110204394861320e-01
-1.000000000000000000e+00
5.317270516458683094e-01
9.494537724679796842e-01
2.735442497620307334e-01
6.490652877120171027e-01
3.989036168981215935e-01
-1.127539801468196989e-01
1.000000000000000000e+00
5.579243754208804695e-01
1.000000000000000000e+00
1.000000000000000000e+00
2.237587916668170029e-01
-9.329600811964136597e-02
-5.296637123763761057e-01
1.904719926986819800e-02
-1.000000000000000000e+00
-1.000000000000000000e+00
1.000000000000000000e+00
1.000000000000000000e+00
1.000000000000000000e+00
1.000000000000000000e+00
1.000000000000000000e+00
8.361905595640399813e-01
-1.000000000000000000e+00
-8.011177098811537167e-01
6.018878053403676764e-01
2.827525430266657480e-01
-6.403603417880081583e-01
-4.943571898329875425e-01
-7.193636568904953066e-01
6.222452089410462905e-01
-1.000000000000000000e+00
-1.614361586836271234e-01
-1.000000000000000000e+00
1.000000000000000000e+00
1.000000000000000000e+00
-7.901002433869950270e-01
6.237265303727559385e-01
8.246838640891567263e-01
-9.719758670233560327e-01
1.000000000000000000e+00
