-1.000000000000000000e+00
1.127129540255511486e-03
-7.766308117746955064e-01
5.037738979972249120e-03
-8.473952647551081796e-01
-3.671103068407772785e-01
-6.200130846273250729e-01
1.967825415975742731e-01
6.490584187097948599e-01
5.248005565047203502e-01
3.888598831535011735e-01
-1.000000000000000000e+00
9.473376262656466595e-01
1.000000000000000000e+00
1.000000000000000000e+00
1.000000000000000000e+00
-1.000000000000000000e+00
-5.440060880817854105e-02
1.083093075522550408e-01
1.607505454592255689e-01
1.000000000000000000e+00
1.000000000000000000e+00
-8.958897842989141935e-01
-1.212835866546164709e-01
2.362897036693293873e-01
-6.541713489623586231e-01
-2.671351144939111411e-01
-1.000000000000000000e+00
-8.389477722280891392e-01
-1.000000000000000000e+00
-1.000000000000000000e+00
3.685799706060348679e-01
1.541421948795727581e-01
1.000000000000000000e+00
1.000000000000000000e+00
1.887926524511730486e-01
9.571300509468696482e-01
-1.000000000000000000e+00
7.621429924688616353e-03
6.411359804797194251e-01
3.463063942994986100e-01
-2.171315020406220375e-01
1.000000000000000000e+00
1.000000000000000000e+00
-4.242453216650247105e-01
9.218938071338478313e-01
8.925951101988166547e-01
-8.719809999571647152e-01
-3.385887079385636877e-02
-1.000000000000000000e+00
1.000000000000000000e+00
-9.532592408316986621e-01
-1.254247648948147997e-02
-1.670821550270553679e-01
7.636326329711600192e-01
9.316735459413552078e-01
8.284580818929350166e-01
4.094425474964875633e-01
-3.597824523371786487e-01
-6.457997650185242494e-03
3.376611537717135736e-01
-1.000000000000000000e+00
4.412082322690029645e-01
6.816578982306231715e-02
-1.000000000000000000e+00
-2.607666500459070447e-01
1.000000000000000000e+00
7.099570814055076173e-01
-1.000000000000000000e+00
5.983321244885302370e-01
4.788775263979921926e-01
5.562957942863619998e-01
1.000000000000000000e+00
-1.000000000000000000e+00
1.000000000000000000e+00
1.000000000000000000e+00
-8.583051260284507711e-01
1.000000000000000000e+00
1.269825482016123108e-01
1.000000000000000000e+00
-1.000000000000000000e+00
-1.000000000000000000e+00
-6.994517961699187047e-02
1.000000000000000000e+00
9.332183592889042867e-01
9.473306314004521500e-01
9.930804258705759890e-01
6.696509042127384292e-01
-6.068794196662710139e-01
3.611433192172892603e-01
1.000000000000000000e+00
-4.430538379374132640e-01
9.305634954064579967e-01
-1.000000000000000000e+00
1.000000000000000000e+00
-1.000000000000000000e+00
1.399049951738522424e-01
2.559130940961702461e-01
1.000000000000000000e+00
-3.899830551020897484e-01
4.582996723153511809e-01
-1.000000000000000000e+00
1.000000000000000000e+00
4.759686271080487696e-01
-1.000000000000000000e+00
-1.000000000000000000e+00
-1.000000000000000000e+00
-4.057170809992184379e-01
5.416733984874679830e-01
7.448438418082414803e-01
6.823593235155567260e-01
-1.000000000000000000e+00
1.000000000000000000e+00
9.502170125756959074e-02
-1.641504937627108474e-01
5.030505550410626636e-01
-7.751732874949679442e-01
-3.639604354269732611e-01
-1.000000000000000000e+00
7.119253554756745928e-01
1.000000000000000000e+00
-4.519657677829131970e-01
-1.000000000000000000e+00
1.000000000000000000e+00
-2.721298165710779593e-02
1.000000000000000000e+00
3.499314378139994908e-03
-2.398348502292989015e-01
3.562441394693915964e-02
2.108892591833808061e-01
1.000000000000000000e+00
1.000000000000000000e+00
-1.000000000000000000e+00
4.888693761655737990e-02
-1.000000000000000000e+00
1.600212456110239323e-01
3.673049239146675138e-01
1.000000000000000000e+00
-3.901984917401699615e-01
-4.174530749448662759e-01
-2.227386650233329490e-01
-1.000000000000000000e+00
1.000000000000000000e+00
1.941939907122072206e-01
-9.679554163808627987e-01
9.972437955044480828e-01
1.000000000000000000e+00
-2.058796584379227745e-01
-1.000000000000000000e+00
-2.557048056569117822e-01
2.773386814331131323e-01
1.000000000000000000e+00
-1.416259024194990168e-01
-8.624448000484552512e-01
-7.930719258643474934e-01
-1.000000000000000000e+00
-1.000000000000000000e+00
1.000000000000000000e+00
-1.000000000000000000e+00
1.000000000000000000e+00
-5.685694214760633747e-01
-1.000000000000000000e+00
1.000000000000000000e+00
7.440239691990615523e-01
-7.158615388957351167e-01
-5.809023566498614510e-01
9.044745618473740700e-01
-6.202509545614933728e-01
-1.000000000000000000e+00
8.400041575242014336e-01
1.000000000000000000e+00
1.614815195978025475e-01
2.728431185210303811e-01
-2.115221876391617517e-01
-1.839659554530994057e-01
8.187018037466293752e-01
1.000000000000000000e+00
1.000000000000000000e+00
8.747415941224153668e-01
-2.058515267855738351e-01
7.063253858293231380e-01
7.292769566670205261e-01
-1.000000000000000000e+00
-5.489572821680633874e-01
-1.000000000000000000e+00
-1.000000000000000000e+00
-1.000000000000000000e+00
-1.000000000000000000e+00
-7.475043139733796860e-01
-9.942756583303797857e-01
2.436481634769334104e-01
9.921512673582540964e-01
6.505817391916726145e-01
8.046577177000699965e-01
3.529104325875903614e-01
-6.542523981726902083e-01
-3.211346666526199156e-01
-1.000000000000000000e+00
-7.611111346301124847e-01
1.000000000000000000e+00
1.000000000000000000e+00
1.000000000000000000e+00
-1.000000000000000000e+00
-4.599605918530387250e-01
-3.094218648549503792e-01
-5.166656866518191116e-01
-2.993570620356018619e-01
4.954012193712775680e-02
-1.000000000000000000e+00
1.000000000000000000e+00
-1.000000000000000000e+00
7.620443250427595405e-01
6.360060039518772301e-01
9.541938194257491013e-01
5.589390240451672653e-01
4.573066119098707083e-01
3.456226548916544461e-01
-1.000000000000000000e+00
1.000000000000000000e+00
-4.417048505941491010e-01
1.000000000000000000e+00
-1.000000000000000000e+00
2.157722603230362024e-01
4.288673963490148289e-01
8.527586175361129284e-02
1.026427216284424571e-01
1.000000000000000000e+00
-8.585213996191040087e-01
-3.235508277512210151e-01
-1.759658849459582175e-01
-7.900614266007297548e-01
-1.000000000000000000e+00
1.000000000000000000e+00
-2.795007911734384010e-01
-9.612154534891235169e-01
1.404518919045567582e-01
9.198079123175542104e-01
-1.000000000000000000e+00
-4.681450994280875744e-01
1.000000000000000000e+00
-9.528391258794531860e-01
-4.343785640884468280e-01
1.000000000000000000e+00
1.000000000000000000e+00
1.000000000000000000e+00
2.475604167071695019e-02
9.594737171629960093e-01
1.000000000000000000e+00
-8.511617508043717306e-01
1.000000000000000000e+00
-9.377616663794510199e-01
4.506454383631869343e-01
-2.734835690832446153e-01
4.846847143798435620e-01
1.000000000000000000e+00
1.000000000000000000e+00
-7.165713464565371948e-01
6.756795002669095940e-01
-2.946928943713389426e-01
-1.000000000000000000e+00
-5.821911185925799925e-01
-1.000000000000000000e+00
-1.000000000000000000e+00
8.724651310094275747e-01
-8.942121737957002825e-01
