-1.000000000000000000e+00
1.000000000000000000e+00
1.000000000000000000e+00
-3.892911228185718109e-01
1.000000000000000000e+00
7.590693341367145131e-01
6.187574161150641849e-01
-1.000000000000000000e+00
-1.000000000000000000e+00
-9.526676429842965144e-01
9.885830813022729036e-01
1.000000000000000000e+00
7.938945747537672348e-01
-2.612108926473196702e-01
-1.000000000000000000e+00
-1.000000000000000000e+00
1.000000000000000000e+00
4.309124797403578455e-01
3.030354964584032196e-01
-9.907711904926119750e-03
2.926081452676147499e-01
-1.000000000000000000e+00
-3.026148967710489135e-01
2.933512328489613075e-01
-6.871978013653987638e-01
-7.013634439769537154e-01
1.000000000000000000e+00
-1.000000000000000000e+00
1.000000000000000000e+00
-1.000000000000000000e+00
-1.000000000000000000e+00
6.200402625431993275e-01
3.097103973155558299e-01
3.223521603623322740e-01
-4.892301334604335361e-01
1.000000000000000000e+00
-1.000000000000000000e+00
1.000000000000000000e+00
-1.704819090138112170e-01
-1.000000000000000000e+00
2.944309562463909291e-01
-1.000000000000000000e+00
1.000000000000000000e+00
-7.157364037263438394e-01
9.283888196370152501e-01
5.669720683799830407e-01
1.000000000000000000e+00
-4.854151587382747879e-01
-9.468216657202014330e-01
-4.719038016974970162e-01
-3.288914479763580534e-01
-2.073996408874135833e-01
-1.000000000000000000e+00
9.862546510327898641e-01
-4.131165629272289808e-01
-3.928567250874712147e-01
-1.000000000000000000e+00
3.175045597689241106e-01
-1.000000000000000000e+00
-1.000000000000000000e+00
-3.623051137757838380e-01
-1.000000000000000000e+00
-4.555483672589366595e-01
1.000000000000000000e+00
-1.000000000000000000e+00
1.000000000000000000e+00
1.959998786236282209e-01
1.000000000000000000e+00
1.000000000000000000e+00
-1.000000000000000000e+00
7.064453551356737471e-01
3.810331477793048038e-01
1.000000000000000000e+00
-1.000000000000000000e+00
4.226485359875017389e-01
-9.858810860593258951e-03
4.610450307416412707e-01
6.736262937490784530e-01
-1.000000000000000000e+00
2.435610698295644916e-01
-4.169928709091833552e-01
1.000000000000000000e+00
1.000000000000000000e+00
-1.816088052164386291e-01
-2.549437259525627608e-01
-2.632822285858940070e-01
9.752353532506848888e-01
4.224442163023215402e-01
1.000000000000000000e+00
1.000000000000000000e+00
1.000000000000000000e+00
-4.594615751739801190e-01
9.215976930842832981e-01
2.612876627368558857e-01
-5.070021809456928263e-01
-4.224664902444352776e-01
1.233771946644037776e-01
-5.938313832351422850e-01
6.419409932677112574e-01
1.000000000000000000e+00
1.000000000000000000e+00
-1.000000000000000000e+00
-1.000000000000000000e+00
8.372871206274525857e-01
-8.145958812781476377e-01
2.174177992833257189e-01
1.000000000000000000e+00
-8.861716208958452246e-01
4.007184196045106561e-01
-3.177397159344330646e-01
1.000000000000000000e+00
-1.000000000000000000e+00
-9.675803865467706988e-01
-6.775071633430395091e-01
-9.012503900047784677e-01
-9.470285390618693455e-02
-1.553514471780074180e-01
-1.000000000000000000e+00
-1.000000000000000000e+00
-9.006708291982483683e-01
-1.475524681990944553e-01
-7.881394743434000372e-02
-2.924124156806716668e-01
1.000000000000000000e+00
4.186882050386795950e-01
1.000000000000000000e+00
-7.728658416095295358e-01
-3.632729969598046393e-01
-6.951277157092008441e-01
-1.000000000000000000e+00
3.527321583347381440e-01
-1.000000000000000000e+00
1.000000000000000000e+00
-9.242169535806359359e-01
-9.045965955988316543e-02
8.328395280577809423e-01
-8.011457416689342637e-01
7.117348793493990522e-01
-1.000000000000000000e+00
1.000000000000000000e+00
4.812578708807903061e-01
1.000000000000000000e+00
1.000000000000000000e+00
9.944544605962351014e-01
1.394177783376286395e-01
1.199630994993878819e-01
9.985507352923573832e-01
1.000000000000000000e+00
4.838903216547426611e-01
-9.761187507469577529e-01
1.000000000000000000e+00
1.000000000000000000e+00
-1.000000000000000000e+00
3.181999516542345363e-01
1.000000000000000000e+00
-1.000000000000000000e+00
1.000000000000000000e+00
1.000000000000000000e+00
-1.404457979541184898e-02
4.620426605675044263e-01
1.000000000000000000e+00
-8.917073981068941446e-01
-1.000000000000000000e+00
-1.022333736888218769e-01
-1.000000000000000000e+00
1.458828881939573385e-01
3.183191708080994609e-01
8.879558017574951112e-02
1.000000000000000000e+00
-1.000000000000000000e+00
1.000000000000000000e+00
8.289047237436505400e-01
-7.646378882986382131e-02
-2.862030782945061969e-01
-1.000000000000000000e+00
-4.040617013347310715e-01
-1.000000000000000000e+00
1.000000000000000000e+00
-9.479520772336058609e-01
7.022538339714178290e-01
-1.000000000000000000e+00
1.000000000000000000e+00
3.006408148691417370e-01
-1.000000000000000000e+00
1.000000000000000000e+00
1.000000000000000000e+00
1.933653517887903850e-01
1.000000000000000000e+00
1.000000000000000000e+00
7.044404691916528183e-01
1.755916380957419365e-01
2.468118036969713103e-01
-7.065378663828050243e-01
1.000000000000000000e+00
3.027030191221404820e-01
8.112232376042582960e-02
-1.000000000000000000e+00
1.776316560977326264e-01
1.000000000000000000e+00
1.000000000000000000e+00
-1.000000000000000000e+00
1.500882526107694126e-02
-1.000000000000000000e+00
-6.802667144375995623e-02
7.669234844718909594e-01
4.025343325224023383e-01
-5.864010566608035546e-02
-4.910825560261733447e-02
3.798158686974129061e-02
1.000000000000000000e+00
-1.000000000000000000e+00
2.301552052601659737e-01
1.000000000000000000e+00
1.000000000000000000e+00
1.000000000000000000e+00
-7.563081660213151203e-01
-6.301060313207931252e-01
6.533694165837549139e-01
1.000000000000000000e+00
-1.000000000000000000e+00
8.996688086367057302e-01
-1.000000000000000000e+00
1.000000000000000000e+00
-4.683125609516387566e-01
-1.619939727978358945e-01
9.146894588505812829e-01
1.000000000000000000e+00
-8.165036434942909427e-01
1.000000000000000000e+00
-6.658886405755684024e-01
3.168174108969146197e-02
1.000000000000000000e+00
-1.000000000000000000e+00
7.884048502231488786e-01
-9.361173544704073368e-01
1.000000000000000000e+00
1.000000000000000000e+00
-3.438327827094986300e-01
8.150791547867137776e-01
1.000000000000000000e+00
1.000000000000000000e+00
-1.000000000000000000e+00
-5.057619968635187480e-01
1.000000000000000000e+00
-9.311206000856804277e-01
-1.000000000000000000e+00
1.000000000000000000e+00
6.569309275978351126e-01
4.732391006600047412e-01
6.591293651675222964e-01
-1.000000000000000000e+00
-1.000000000000000000e+00
7.677178745871091614e-01
-1.000000000000000000e+00
-5.929467604295166616e-01
1.000000000000000000e+00
1.000000000000000000e+00
-1.000000000000000000e+00
-1.000000000000000000e+00
-1.000000000000000000e+00
-2.750327823492756396e-01
-1.000000000000000000e+00
7.297762833146121952e-01
1.000000000000000000e+00
1.000000000000000000e+00
