-1.000000000000000000e+00
-3.473185265955223144e-01
-1.000000000000000000e+00
1.000000000000000000e+00
-4.226622793263412614e-02
-1.000000000000000000e+00
-9.993395541114695746e-01
1.000000000000000000e+00
-1.000000000000000000e+00
-1.644220327440614748e-01
-1.000000000000000000e+00
6.526235473593627878e-01
-1.000000000000000000e+00
-1.000000000000000000e+00
1.000000000000000000e+00
5.653050430305622820e-01
1.000000000000000000e+00
1.000000000000000000e+00
5.181035953003219063e-01
6.822340281021612718e-01
1.000000000000000000e+00
1.000000000000000000e+00
1.000000000000000000e+00
1.000000000000000000e+00
-1.330119173752508654e-01
-1.000000000000000000e+00
-9.913360632604679701e-01
4.299349097900570515e-01
7.429934059612741670e-01
1.000000000000000000e+00
8.881675948199176940e-01
1.000000000000000000e+00
-3.526021097916898217e-01
6.050916510013619742e-01
-3.800509496825470457e-01
2.130372327593812454e-01
-5.371190206269649270e-02
1.000000000000000000e+00
1.000000000000000000e+00
1.000000000000000000e+00
-9.362154085345159027e-01
-5.298943758947223248e-01
-6.345786416292964471e-01
-7.130180468838431818e-01
5.178056304780427332e-01
9.257358974834034582e-01
-1.000000000000000000e+00
1.072174808831658499e-01
-1.000000000000000000e+00
7.490535088789980200e-01
5.497657170659729919e-01
-1.000000000000000000e+00
1.000000000000000000e+00
-1.000000000000000000e+00
-1.000000000000000000e+00
-1.000000000000000000e+00
8.688935148839465050e-01
-3.632548757037286080e-01
5.299619122282495098e-02
-5.130272133307467453e-01
-1.000000000000000000e+00
-6.382535167906546736e-01
1.000000000000000000e+00
-1.000000000000000000e+00
1.000000000000000000e+00
7.817041505827111436e-01
1.000000000000000000e+00
9.661369433415203378e-01
-1.317697695164259386e-01
-2.623939336303207082e-01
-1.000000000000000000e+00
-7.491465121888301049e-01
1.000000000000000000e+00
4.339538904032431144e-01
-5.893101825094311241e-01
1.000000000000000000e+00
-1.000000000000000000e+00
1.000000000000000000e+00
1.304878184868459301e-01
2.830380259125675479e-01
-1.000000000000000000e+00
1.000000000000000000e+00
-5.409586926349261304e-01
1.000000000000000000e+00
-1.000000000000000000e+00
-1.000000000000000000e+00
2.050663154003551369e-01
9.912105436281675175e-01
1.000000000000000000e+00
1.000000000000000000e+00
1.000000000000000000e+00
-1.000000000000000000e+00
7.068968270254848418e-01
2.496258800994688443e-04
4.752280226994337609e-01
-9.263779521911841286e-02
1.000000000000000000e+00
3.361298700716881527e-01
-1.000000000000000000e+00
-1.000000000000000000e+00
-1.000000000000000000e+00
-1.000000000000000000e+00
1.000000000000000000e+00
1.000000000000000000e+00
-7.560458399482957725e-01
-1.000000000000000000e+00
1.000000000000000000e+00
-2.012337750768284916e-01
5.302914095237925007e-01
-6.331929174869581622e-01
1.000000000000000000e+00
1.000000000000000000e+00
-2.001354556354686398e-01
-5.091437040650023116e-01
-2.450664033602094616e-01
4.664459301068926145e-01
-3.073864997959924183e-01
-1.000000000000000000e+00
2.589119886586260799e-01
-5.884297681330085128e-01
-1.000000000000000000e+00
8.491633296700796807e-01
-5.654438808388826398e-01
1.000000000000000000e+00
-1.000000000000000000e+00
-1.000000000000000000e+00
1.000000000000000000e+00
-4.864833436466313721e-01
-1.000000000000000000e+00
1.000000000000000000e+00
1.272177011603249364e-01
3.516404505642268807e-01
-1.000000000000000000e+00
-1.000000000000000000e+00
6.313315578020701757e-01
-6.815678421668339704e-01
-1.000000000000000000e+00
1.742965991101147472e-01
-1.732586970613401167e-01
-1.000000000000000000e+00
-9.800211945054488893e-01
3.440960447119500998e-02
1.907111029000729263e-01
-1.000000000000000000e+00
-4.271868383217410359e-01
-8.250162037074222354e-01
-1.000000000000000000e+00
9.845127234943304995e-01
-7.907513157038981166e-01
-9.528045910247173733e-01
-7.122487147142156916e-01
1.000000000000000000e+00
-1.000000000000000000e+00
5.348603806027758534e-01
3.682335734406008143e-01
2.285402555517681566e-01
-1.000000000000000000e+00
-1.000000000000000000e+00
1.000000000000000000e+00
-8.902239856427444087e-01
-1.000000000000000000e+00
-1.718907981188502188e-01
1.000000000000000000e+00
8.348537222579702766e-01
9.892401977168675531e-01
7.816672023894758459e-01
9.373278604789658797e-02
-4.892784365158724391e-01
-1.000000000000000000e+00
4.509379556708913439e-01
9.833921542347870970e-01
-5.093864778715678776e-01
-8.026190936305890311e-01
1.000000000000000000e+00
8.156416695906558711e-01
1.000000000000000000e+00
1.000000000000000000e+00
1.000000000000000000e+00
-1.000000000000000000e+00
-1.000000000000000000e+00
1.000000000000000000e+00
-1.000000000000000000e+00
5.529571228462699661e-01
4.530371036107243565e-01
5.365278202292080856e-01
2.752366077931479582e-01
8.927352317184692465e-01
4.174303782459967693e-02
9.218813360513564703e-01
1.000000000000000000e+00
2.123421702578315862e-01
-1.000000000000000000e+00
4.044845974407800249e-01
1.000000000000000000e+00
-3.313873564726319554e-01
4.708442161295198769e-01
-9.172608973000264676e-01
-5.797153495734481687e-01
7.930625394755512758e-01
-1.000000000000000000e+00
-6.797062328118719243e-02
-6.287493020835327462e-01
-5.157046153021391799e-01
1.000000000000000000e+00
-1.000000000000000000e+00
8.228533676982373590e-01
5.833403553929694674e-02
1.000000000000000000e+00
-5.443424161130034911e-01
6.629216778985864700e-01
4.135858968183451778e-01
-1.947130938305069725e-01
-3.826486421606926092e-01
5.469012549114379285e-01
-4.942708704571743272e-01
-5.496030708821800781e-01
-1.000000000000000000e+00
-1.000000000000000000e+00
1.000000000000000000e+00
2.672887439473318194e-01
1.000000000000000000e+00
-5.753525536759419579e-01
2.838569200120310554e-01
1.000000000000000000e+00
1.000000000000000000e+00
2.626979500864852213e-01
-7.933178665316142908e-01
7.315530742663176600e-01
9.635667969682557565e-01
-4.214454523874672232e-01
4.806769696720255558e-01
-5.744049370983997926e-01
7.171878690309780868e-01
-4.320574215829551257e-01
-1.000000000000000000e+00
-2.085035345460998779e-01
-1.000000000000000000e+00
-4.842744965677959756e-01
2.451517871043289443e-01
-7.200561482311514938e-01
-8.698130120506764040e-01
-1.000000000000000000e+00
1.000000000000000000e+00
2.965692182201491445e-01
-7.843857200068173885e-01
-1.000000000000000000e+00
-1.000000000000000000e+00
7.009818093007774698e-01
-1.000000000000000000e+00
-3.616670852484469290e-01
-1.000000000000000000e+00
1.000000000000000000e+00
9.605773200401573897e-02
-1.029510266761707316e-01
-6.151314023721323743e-01
1.000000000000000000e+00
8.026217446644119402e-01
1.000000000000000000e+00
1.000000000000000000e+00
-4.382177498733230703e-02
-1.000000000000000000e+00
3.346193922867113923e-01
4.716563040571598586e-01
-1.000000000000000000e+00
1.000000000000000000e+00
