1.000000000000000000e+00
1.000000000000000000e+00
1.298456910665869435e-01
-1.000000000000000000e+00
3.707474536445872770e-01
1.000000000000000000e+00
-6.723865904172284802e-01
3.597564891660921527e-01
2.600831112451904570e-01
1.000000000000000000e+00
-1.000000000000000000e+00
1.000000000000000000e+00
-1.000000000000000000e+00
-3.889050938965055715e-01
-1.000000000000000000e+00
5.801725611217971590e-01
1.533585672991688575e-02
4.526177915108078320e-01
-9.911808451285029076e-01
-5.063832163294046396e-01
-3.992142751600378237e-01
3.084598203257322702e-01
-1.000000000000000000e+00
1.000000000000000000e+00
-9.684175748506324011e-01
-1.000000000000000000e+00
-6.111061384846958600e-01
-7.256545419924950724e-02
1.000000000000000000e+00
-9.179333208912042741e-01
-7.664837985609008753e-01
-1.000000000000000000e+00
-5.832798466111248636e-01
3.934079426397157908e-01
-1.000000000000000000e+00
-1.000000000000000000e+00
1.000000000000000000e+00
-5.621161770546310166e-01
1.000000000000000000e+00
-5.596851143885142044e-01
7.997502367442439475e-01
-6.023756495839655001e-01
1.000000000000000000e+00
1.000000000000000000e+00
4.467500358735695953e-01
1.000000000000000000e+00
2.700401333840445339e-01
7.797655456615303349e-01
1.000000000000000000e+00
1.000000000000000000e+00
-6.427906304745876209e-01
-1.000000000000000000e+00
4.557982809695746429e-01
1.000000000000000000e+00
-6.779442483679559706e-01
1.000000000000000000e+00
5.702843438607363424e-01
-1.000000000000000000e+00
1.000000000000000000e+00
-1.000000000000000000e+00
-1.000000000000000000e+00
-1.000000000000000000e+00
-3.533553285449406722e-01
1.000000000000000000e+00
-1.000000000000000000e+00
-1.000000000000000000e+00
-5.122190447577807948e-01
1.000000000000000000e+00
-3.002575408263904455e-01
-1.000000000000000000e+00
6.664793720198736171e-03
-5.426436273304819924e-01
1.000000000000000000e+00
2.702224817182783956e-01
8.918270714207794381e-01
1.000000000000000000e+00
9.274961634046009484e-01
-1.000000000000000000e+00
-1.000000000000000000e+00
1.000000000000000000e+00
7.774903666077922493e-01
6.935558281301503758e-01
-5.746059269723998719e-01
8.895589129470592438e-01
-2.543321275013865623e-01
-1.632982130450284508e-01
1.000000000000000000e+00
5.642117948825506879e-01
1.000000000000000000e+00
1.000000000000000000e+00
6.427359921535161780e-01
-1.000000000000000000e+00
-7.072818742603769193e-01
-4.560030326234150166e-01
-4.488892393544996473e-02
4.762758531043098653e-02
1.000000000000000000e+00
8.114849722873617166e-01
1.000000000000000000e+00
7.110979981458194210e-01
-1.135704406822136830e-01
-6.384374754440134137e-01
1.000000000000000000e+00
2.081349179163127783e-02
1.000000000000000000e+00
1.000000000000000000e+00
-1.000000000000000000e+00
-6.260854619637807872e-01
1.000000000000000000e+00
2.994228806471308513e-01
-2.783863574094084248e-01
8.428669664356625013e-02
-6.968262073278197466e-01
1.000000000000000000e+00
-1.000000000000000000e+00
-1.000000000000000000e+00
-1.000000000000000000e+00
7.385501181284569450e-01
-3.851769432322904030e-01
6.539164033053200820e-01
-9.798277117032421213e-01
-1.000000000000000000e+00
1.000000000000000000e+00
-1.928195261606600042e-01
4.428944678123631906e-01
6.291091331376968965e-02
-1.000000000000000000e+00
1.000000000000000000e+00
-1.000000000000000000e+00
1.000000000000000000e+00
-1.838123515596445934e-01
-5.592591746895394511e-01
1.705456156922244837e-01
1.000000000000000000e+00
2.489105515025931692e-01
-1.000000000000000000e+00
-1.000000000000000000e+00
-8.980281801870313441e-01
6.955142455144081026e-01
4.569187031205532712e-01
1.000000000000000000e+00
-1.000000000000000000e+00
-1.000000000000000000e+00
-9.934646597636613841e-01
1.000000000000000000e+00
-1.978625930013536705e-01
-1.000000000000000000e+00
-4.202839503229378604e-01
-1.323184458417412945e-01
-1.000000000000000000e+00
-1.000000000000000000e+00
-1.000000000000000000e+00
1.000000000000000000e+00
1.768145384384517405e-01
2.394451043048773653e-01
8.309133123495222595e-01
9.497945111028538445e-02
1.000000000000000000e+00
2.553899953682633450e-01
1.651589839267642024e-01
-8.549607246195023436e-03
-1.000000000000000000e+00
-1.000000000000000000e+00
-1.000000000000000000e+00
8.416415415356834906e-01
1.000000000000000000e+00
1.000000000000000000e+00
1.000000000000000000e+00
7.590909540910705244e-01
-2.340894177437724544e-01
3.713519031446466112e-02
-1.000000000000000000e+00
-1.000000000000000000e+00
-1.000000000000000000e+00
4.858362596150205270e-01
-6.377654427191611353e-01
8.552118592910868955e-01
5.218802276041811794e-01
-7.907503175039790055e-02
-2.376483732571611496e-01
9.175085989083004989e-01
-2.285059597604055526e-02
-3.047053322784812890e-01
-1.000000000000000000e+00
1.000000000000000000e+00
-1.000000000000000000e+00
1.000000000000000000e+00
-6.962684153609112192e-01
-3.810397497717141202e-01
6.677801423589463381e-01
-9.563654778242405285e-01
-5.932064279454174471e-01
1.000000000000000000e+00
1.377510823337995127e-01
-5.745122490414458216e-01
-1.000000000000000000e+00
9.241916540998520446e-01
-7.211094888444291584e-03
-1.000000000000000000e+00
3.888469221443081603e-01
4.946052048776998777e-01
-2.637186270856612946e-01
-1.000000000000000000e+00
1.000000000000000000e+00
4.521711982048410849e-01
1.000000000000000000e+00
-7.031404511365876298e-01
-3.146619173733568586e-01
-1.000000000000000000e+00
-2.419935163230147734e-01
6.439897326133692257e-01
3.586313914504761780e-01
8.483424660200440393e-01
2.896714123021384424e-01
-6.155633409123651978e-01
7.868510146745326672e-01
-2.836864387178888447e-01
-2.613015109942702363e-01
6.788106952545551742e-01
-1.000000000000000000e+00
6.242838872522270544e-01
9.894389242424370123e-02
-2.741020045085443835e-01
-1.319101109692408791e-01
2.307113211028455346e-01
1.000000000000000000e+00
1.000000000000000000e+00
1.000000000000000000e+00
-1.000000000000000000e+00
-8.465493346325524415e-01
-1.000000000000000000e+00
-1.438261192462486626e-01
-3.386222481982231192e-01
-8.759671920285162505e-01
3.415589676811736641e-02
-9.555885548843249255e-01
-1.000000000000000000e+00
1.119223476520673222e-01
1.402728715601015974e-01
1.000000000000000000e+00
-3.949846321992375175e-01
-1.000000000000000000e+00
1.000000000000000000e+00
-7.707992539241376173e-02
3.493252694229971866e-01
-1.000000000000000000e+00
-8.530777427297602244e-01
1.000000000000000000e+00
1.000000000000000000e+00
-1.000000000000000000e+00
-1.000000000000000000e+00
-1.000000000000000000e+00
-1.000000000000000000e+00
-1.000000000000000000e+00
1.000000000000000000e+00
-1.000000000000000000e+00
-3.646094606867255061e-01
2.707885899806250496e-02
9.777870164403990039e-02
-9.365618737136939265e-01
2.791448872069332010e-01
1.000000000000000000e+00
-1.000000000000000000e+00
1.000000000000000000e+00
-7.705547552042635306e-01
