1.697551734471232088e-01
1.000000000000000000e+00
-3.835343622487370485e-01
-1.000000000000000000e+00
1.000000000000000000e+00
1.000000000000000000e+00
1.000000000000000000e+00
-1.000000000000000000e+00
8.562749876184756470e-01
-7.803099710710752479e-01
-1.000000000000000000e+00
-2.297770013873162709e-01
-1.000000000000000000e+00
2.176226405345423887e-01
4.291291687148851564e-01
-2.310099353603192185e-01
-3.828093524240398504e-01
-1.000000000000000000e+00
-8.497628851717292653e-02
-1.000000000000000000e+00
-4.255155205043911204e-01
-3.808572410305363087e-01
-5.747364333273901060e-01
1.000000000000000000e+00
-1.000000000000000000e+00
-1.000000000000000000e+00
4.051716047138460564e-01
-7.821317400713068135e-01
1.573692316076626407e-01
1.000000000000000000e+00
8.453155132707766972e-01
1.431602111895421414e-01
3.011503746817018601e-01
1.000000000000000000e+00
-6.851100778187579898e-02
-1.000000000000000000e+00
-7.760388111546755452e-01
-3.222439943976979082e-01
1.000000000000000000e+00
1.000000000000000000e+00
-5.425458461977565872e-01
1.000000000000000000e+00
-9.911803246693315916e-01
-1.000000000000000000e+00
4.356905637530373299e-01
1.000000000000000000e+00
-6.489232291620139481e-01
4.256759687379817469e-01
5.569945133622310474e-01
1.000000000000000000e+00
4.432452075574003225e-01
-1.000000000000000000e+00
-1.000000000000000000e+00
-1.000000000000000000e+00
1.000000000000000000e+00
-3.828387095570613408e-01
-6.153813359430767571e-01
1.000000000000000000e+00
2.298671681215880280e-01
-2.166381902888134814e-01
1.840012202496810190e-01
1.000000000000000000e+00
-1.000000000000000000e+00
-8.467811059519436689e-03
2.308982745397272218e-01
1.174856682488804038e-01
4.204742641510215151e-01
-9.379865693954143879e-02
-1.000000000000000000e+00
1.517832233163851630e-01
-4.593918243234709209e-01
-3.730199070778970616e-01
6.214773926749477262e-01
-1.000000000000000000e+00
6.024069026299205820e-03
7.796862105595978587e-01
5.323534179766127306e-01
3.961957951724026650e-01
1.000000000000000000e+00
-9.289892828988777218e-02
3.168014723223223084e-01
-1.000000000000000000e+00
1.000000000000000000e+00
-1.000000000000000000e+00
3.181319916124830116e-01
-1.000000000000000000e+00
-1.000000000000000000e+00
1.000000000000000000e+00
-1.000000000000000000e+00
1.972811334224604529e-01
-1.000000000000000000e+00
1.000000000000000000e+00
6.528569304133460260e-01
-1.000000000000000000e+00
5.639985567720826598e-01
1.000000000000000000e+00
2.353072362415107310e-01
-1.000000000000000000e+00
4.634435690899766369e-01
7.022156320761651083e-01
6.268259022406890146e-01
-6.247176956660946967e-01
-3.218497703239566188e-01
1.000000000000000000e+00
1.000000000000000000e+00
-8.392484416511913903e-03
-1.833760619319264595e-01
-1.000000000000000000e+00
-2.544834071826522770e-01
1.000000000000000000e+00
-1.000000000000000000e+00
-4.895199026373380224e-01
9.847068914408849127e-02
-1.000000000000000000e+00
4.601590794468828349e-01
1.864334011421461268e-01
-8.170477287703239444e-01
-2.396070342683885857e-01
1.000000000000000000e+00
-8.140470496401948086e-01
-9.864350113843616263e-01
-2.286820466559302822e-02
-1.000000000000000000e+00
1.000000000000000000e+00
1.000000000000000000e+00
6.817314507102616439e-01
1.000000000000000000e+00
9.135392684395545748e-01
7.814106287546462859e-01
-1.000000000000000000e+00
4.280027255490552740e-01
1.000000000000000000e+00
4.867961069400417173e-02
-1.000000000000000000e+00
-1.000000000000000000e+00
2.790763248642472855e-02
3.203551961230739487e-01
-1.000000000000000000e+00
4.834733258802241807e-01
-1.000000000000000000e+00
6.753753339858956650e-01
-1.000000000000000000e+00
-1.546144581766301096e-01
1.000000000000000000e+00
-9.052514735672990698e-01
1.000000000000000000e+00
-1.000000000000000000e+00
1.000000000000000000e+00
-4.520766744696822492e-01
4.188238774179643409e-01
4.171543325894448428e-01
1.000000000000000000e+00
-1.000000000000000000e+00
1.565643068375983660e-01
5.085936314780146184e-01
1.944304450460720979e-02
-5.344546860854915149e-01
-5.168645444826739377e-01
1.000000000000000000e+00
-1.000000000000000000e+00
1.000000000000000000e+00
-8.838654811154829094e-01
4.719209128695701638e-01
1.000000000000000000e+00
-1.000000000000000000e+00
9.892398941234172849e-01
1.484263940478298127e-01
-9.052682251782351308e-01
4.577135488779660033e-01
-6.226083303257552437e-01
1.000000000000000000e+00
9.385237848573837471e-01
1.000000000000000000e+00
-3.096856326965360395e-01
7.653018372486397602e-01
1.000000000000000000e+00
7.764187030978060289e-01
2.116147650634853106e-01
-1.000000000000000000e+00
-9.667198623980670646e-01
7.018583657991673830e-01
-7.877858897156233553e-01
-1.063781727426837964e-01
1.671605264136959423e-01
1.000000000000000000e+00
-2.209922969515157321e-01
-8.126286176272646822e-01
1.000000000000000000e+00
-5.826763163538556389e-01
1.000000000000000000e+00
7.276386785040311889e-02
-1.000000000000000000e+00
-1.000000000000000000e+00
1.708844358114879336e-01
-1.000000000000000000e+00
-7.789744671942519516e-02
4.090747154139660058e-01
1.000000000000000000e+00
1.000000000000000000e+00
2.152294813983594013e-01
-7.238672951868438954e-01
-8.765218122364697440e-01
-1.000000000000000000e+00
-9.362748786042102145e-01
-5.441368484032621522e-01
-2.296207474114342340e-02
1.103478520601952617e-02
-2.098583231000383797e-02
1.000000000000000000e+00
4.730516011087684269e-01
1.000000000000000000e+00
-4.688578312969269302e-01
5.614786385915021549e-02
9.469636555243066134e-01
7.092912692307630218e-01
-1.146142503330094820e-01
2.804756980579526937e-01
5.962502549848600619e-01
7.405120308375764404e-01
-1.512854763474251740e-01
-1.000000000000000000e+00
5.776844510349190553e-01
-1.000000000000000000e+00
-1.000000000000000000e+00
-8.979665142767834229e-02
-9.805297320784784887e-01
-1.000000000000000000e+00
-7.011446389223033870e-01
1.000000000000000000e+00
-1.623954461042929065e-01
1.000000000000000000e+00
-1.000000000000000000e+00
-4.933021080943955639e-04
-1.935338023760488912e-01
-1.000000000000000000e+00
5.153461739533868879e-01
4.524024956678167619e-01
-4.200935201921672801e-01
1.000000000000000000e+00
2.424456519378332953e-01
-1.000000000000000000e+00
9.003372132956077856e-01
8.095958018593081285e-01
1.000000000000000000e+00
-1.000000000000000000e+00
-3.434373268852428662e-01
1.000000000000000000e+00
-3.996521712788890790e-01
6.506868722868169863e-01
1.000000000000000000e+00
1.166024206656500750e-01
1.000000000000000000e+00
1.000000000000000000e+00
-8.088794370054326333e-01
7.493489587450350431e-01
-1.000000000000000000e+00
-2.417571340737787455e-01
1.885982486912493039e-01
-5.581640612038620830e-01
-1.842726628469444350e-01
1.628337337015082209e-01
3.243007291636512690e-02
-1.000000000000000000e+00
-2.953519803495260887e-01
2.233737612245675630e-01
