4.633751218699888597e-01
1.000000000000000000e+00
3.210327270600128458e-01
-7.489300193159948993e-01
6.063688773194785275e-01
-1.000000000000000000e+00
5.519633503155721987e-01
-5.639722744623438810e-01
-1.802939196091647434e-01
-2.842277360851315215e-01
-1.000000000000000000e+00
-1.000000000000000000e+00
-7.508613316925628611e-01
-1.000000000000000000e+00
5.272357082201779566e-01
-1.000000000000000000e+00
-1.000000000000000000e+00
2.522216028397096244e-01
-2.139529051821721373e-01
-5.121086783126806985e-01
5.155290355843346051e-01
1.000000000000000000e+00
7.737919924724812049e-02
-6.934794526073055909e-01
1.000000000000000000e+00
5.919415166951942364e-01
8.098814919683255953e-01
2.284959665014660857e-01
1.780315932344217200e-01
1.000000000000000000e+00
-2.340230330804116132e-01
-3.513710349700066571e-01
-5.437718372705899750e-01
-1.000000000000000000e+00
4.820608117337203957e-01
-1.000000000000000000e+00
-1.000000000000000000e+00
-1.238269157418647737e-01
-8.198703777766673806e-01
1.000000000000000000e+00
4.172359148390736849e-01
9.156686695213266391e-01
-1.000000000000000000e+00
3.028291977437228555e-01
-6.857679701701359098e-01
1.000000000000000000e+00
1.000000000000000000e+00
-2.177733020801096986e-01
-1.000000000000000000e+00
4.716230192863000159e-01
4.257108842945174221e-01
1.000000000000000000e+00
1.000000000000000000e+00
-1.000000000000000000e+00
-6.683237378636008863e-01
1.102075965933716484e-01
3.012098998417459539e-01
-6.548265356731430842e-01
8.898788193192372908e-01
-3.650364634283539411e-01
1.000000000000000000e+00
-1.000000000000000000e+00
-9.005752190128801793e-01
6.376109099441814587e-01
-7.790290318091231958e-01
4.955925083086759608e-01
1.000000000000000000e+00
4.151218275253870660e-01
-3.102412142661723493e-01
-1.000000000000000000e+00
-1.011120408802125281e-01
-1.000000000000000000e+00
1.000000000000000000e+00
1.000000000000000000e+00
-7.052475859737584729e-01
-4.970514723503245413e-01
1.000000000000000000e+00
-7.029938921579871325e-01
-7.360635700199700260e-01
-4.635083060352970241e-01
-1.000000000000000000e+00
3.548018304175730719e-01
-5.902279939260812736e-01
-7.051547254666765685e-01
-9.308080446953387321e-01
1.000000000000000000e+00
-8.858257461358509666e-02
-1.000000000000000000e+00
-1.000000000000000000e+00
1.000000000000000000e+00
-5.274244733464366064e-01
-1.000000000000000000e+00
1.000000000000000000e+00
-7.541671814456349932e-01
1.000000000000000000e+00
-9.068043764873494617e-01
-4.410770774370250114e-01
-1.000000000000000000e+00
8.657935164867180955e-01
-1.000000000000000000e+00
-4.257416472616866177e-01
1.000000000000000000e+00
-1.000000000000000000e+00
-1.000000000000000000e+00
-1.332907747312863656e-01
6.287103389229871109e-01
-6.407873469943318190e-01
1.000000000000000000e+00
1.000000000000000000e+00
1.802891957879368401e-01
-4.059168377042605691e-01
1.267645234205101445e-01
3.252992550003368510e-01
1.784365321416234162e-01
-6.647942231770684884e-01
7.820711055069812234e-01
-1.000000000000000000e+00
-1.000000000000000000e+00
-3.867786294018474846e-01
9.544134213157726698e-01
-1.000000000000000000e+00
1.000000000000000000e+00
1.000000000000000000e+00
6.465971634738112983e-02
9.531980752175042149e-01
-1.278404657114090015e-01
7.328158856430941892e-01
-1.000000000000000000e+00
5.160871835163737265e-01
5.163260598351044894e-01
-1.000000000000000000e+00
-9.112519755463253102e-01
-9.837460036203932168e-01
-1.000000000000000000e+00
-1.000000000000000000e+00
-1.000000000000000000e+00
-9.811881179320500745e-01
-7.021637654914811844e-01
-1.000000000000000000e+00
-7.876681847194060282e-01
1.000000000000000000e+00
1.000000000000000000e+00
-4.242089705068606831e-01
-1.230993399182978010e-01
7.325825564644665722e-01
9.688300530714741843e-01
-8.579261520982777167e-01
-1.882917900568266134e-01
4.752912939785192137e-03
8.276900504117732371e-01
-3.946454697372236975e-02
-4.683366481486761490e-01
1.000000000000000000e+00
-1.000000000000000000e+00
-8.545200083266258906e-01
6.198785795201470217e-01
-6.899153368211980997e-01
-7.997843386543599387e-01
-1.557072519790523302e-01
5.592292971570044235e-01
6.055765939690178623e-01
1.000000000000000000e+00
9.227458972998123787e-01
1.000000000000000000e+00
9.659329923741828416e-01
9.592782949921629942e-01
7.493501409804592672e-02
1.000000000000000000e+00
-2.184409328952372498e-01
-2.531294586418781911e-01
4.419313646957835351e-01
1.000000000000000000e+00
1.000000000000000000e+00
-1.000000000000000000e+00
4.619264522599497713e-02
6.273194920512755735e-01
3.088175346365569507e-02
-7.125828603779866821e-01
-6.051768940825156262e-01
7.779250623316336100e-01
1.000000000000000000e+00
-2.318192983258237638e-01
5.966789349323484704e-01
-8.496452494055153348e-01
-1.000000000000000000e+00
1.000000000000000000e+00
5.808526123325394863e-01
-1.000000000000000000e+00
-8.401277357992025241e-01
-1.000000000000000000e+00
-5.390637861194722547e-01
-1.000000000000000000e+00
-1.000000000000000000e+00
-1.000000000000000000e+00
-1.000000000000000000e+00
7.020552477031136718e-01
-6.337676722637564097e-02
-1.000000000000000000e+00
1.000000000000000000e+00
-1.000000000000000000e+00
1.547813868529344661e-01
1.712079757872020380e-03
-9.369504220481501555e-01
-1.000000000000000000e+00
1.000000000000000000e+00
-1.000000000000000000e+00
-1.000000000000000000e+00
-9.760606721095743676e-03
1.000000000000000000e+00
-1.000000000000000000e+00
-1.000000000000000000e+00
-1.000000000000000000e+00
-9.430248780028738231e-02
-1.000000000000000000e+00
-5.882427111581141066e-01
-1.000000000000000000e+00
-1.000000000000000000e+00
7.168252135086652377e-01
-1.000000000000000000e+00
-3.141821920827670978e-01
1.000000000000000000e+00
5.794741574983210963e-01
-6.842750493083546992e-01
8.955924505572278038e-01
-6.883683619404284970e-01
1.000000000000000000e+00
-7.907940338982303308e-01
-1.000000000000000000e+00
1.000000000000000000e+00
6.621346343664855638e-01
-4.132487824832434820e-01
5.644084240037758882e-01
1.000000000000000000e+00
1.000000000000000000e+00
1.000000000000000000e+00
-1.000000000000000000e+00
-1.000000000000000000e+00
7.017908576182030345e-02
2.637719782367149435e-01
-1.000000000000000000e+00
-3.989752467564025018e-01
9.626539110980223413e-01
3.602351781793471375e-01
5.758507296238430939e-01
1.000000000000000000e+00
-1.000000000000000000e+00
3.130236609884278209e-01
5.624430251089478361e-01
5.994315598933112055e-01
2.052535168766898011e-01
1.460832622197914543e-01
9.950931958054771709e-01
-2.266192360586363752e-01
-1.000000000000000000e+00
-2.988357150450310362e-01
1.000000000000000000e+00
-2.888110518773068236e-02
1.000000000000000000e+00
-1.000000000000000000e+00
-1.000000000000000000e+00
-6.329911464582971270e-02
8.293857601799013990e-01
5.823071975635838449e-01
1.000000000000000000e+00
1.000000000000000000e+00
