-9.901818402110744710e-01
-9.904285012798408339e-02
-8.401367542303506131e-01
9.373516835479384079e-01
-4.593845465501278369e-01
6.021624220208954270e-02
1.000000000000000000e+00
-4.511192771162895743e-01
-5.586548333480954032e-01
1.000000000000000000e+00
6.777709630253930806e-01
1.067980696599648560e-01
-6.701484063840766892e-01
7.058612052888171284e-01
-6.305775577401857568e-01
1.000000000000000000e+00
8.085739887245404489e-01
7.196474958867904448e-02
3.579289207723245214e-01
-6.586837686862094809e-01
-7.283450834835506482e-01
-1.000000000000000000e+00
1.567454147020417021e-01
-1.000000000000000000e+00
-7.123261464682185684e-01
-2.735046794272138482e-01
-3.655976812368022522e-01
-2.475602424706685734e-01
-6.570443549657953852e-01
-3.410598780307172451e-01
1.513741707429776540e-01
-1.402712022435604333e-01
-9.068778847224412409e-01
-1.000000000000000000e+00
-1.000000000000000000e+00
1.000000000000000000e+00
5.240684543797289319e-01
5.657800747109145711e-02
5.183069575286894937e-01
9.926406052022820337e-01
8.901171172281590049e-01
3.094594660134953878e-01
1.000000000000000000e+00
-1.000000000000000000e+00
1.000000000000000000e+00
9.687857765329133120e-01
5.294404746977490195e-01
-1.000000000000000000e+00
-2.597075938857056343e-01
2.699019101066155724e-01
-6.131060711316276279e-01
-3.172073436256776513e-01
-2.500045982302601111e-01
-1.000000000000000000e+00
-4.621146402906513018e-01
1.000000000000000000e+00
1.250388441668988659e-01
4.712441103392930319e-01
1.000000000000000000e+00
3.019590663245239615e-01
6.681221280555369457e-01
5.265230594866013858e-01
-9.105037594527132239e-02
-2.725474522261190913e-01
1.000000000000000000e+00
5.609882151067405731e-01
3.684653320314613123e-01
1.807967710109086301e-01
-2.990881702376895768e-01
-7.167952996545923217e-01
8.444249031635043812e-01
-9.005817850495206889e-02
-9.898728516875832106e-02
1.934000683911816232e-01
9.110202890319625268e-01
-6.280540045510371039e-01
-7.972566823556226367e-02
6.809485162268729130e-01
-1.000000000000000000e+00
5.015605224014274555e-01
-5.029299511800320310e-01
9.477539835173197647e-01
-3.707972603546949575e-01
1.291164303879722697e-01
1.000000000000000000e+00
1.000000000000000000e+00
-1.000000000000000000e+00
-1.000000000000000000e+00
5.945497555176146864e-01
8.303820140330564481e-01
-2.101496912683134544e-02
7.158370429844636007e-01
1.000000000000000000e+00
-7.748147631587737338e-01
-1.000000000000000000e+00
-1.163672071724897172e-02
9.386286261956300336e-02
7.966599569541071846e-02
3.861960484070354749e-01
7.155944455303728802e-01
-4.663899670401112085e-01
-5.469105184078371096e-02
-5.415134202796350049e-01
-1.533439854797798985e-01
-2.443122837887133914e-01
-5.166233866476810377e-01
1.068195466789592096e-01
-9.052213553396498691e-02
-1.000000000000000000e+00
-3.569096776822131556e-01
9.225437011154968836e-02
4.021060302313312906e-01
-3.143427161026923766e-01
6.045856416142656453e-01
-1.000000000000000000e+00
-1.000000000000000000e+00
1.000000000000000000e+00
8.491401261848500193e-01
1.000000000000000000e+00
-1.747782071310044483e-01
2.434211901197273487e-01
-7.751190176456268510e-02
9.285256230089822260e-02
1.000000000000000000e+00
5.960689923827503511e-01
3.217852981976452309e-01
3.843292983739021174e-01
-1.000000000000000000e+00
1.000000000000000000e+00
1.435740333773835031e-01
-9.865329508755038557e-01
-1.000000000000000000e+00
-7.146277501842601687e-03
-1.319981977523589922e-01
1.000000000000000000e+00
-1.768206076223397538e-01
9.456260842026318336e-01
-8.472863973182257480e-01
8.738125656649522455e-01
1.000000000000000000e+00
8.788531033355490019e-02
4.196908282059390594e-01
1.140851388903745267e-01
3.486981479400739214e-01
3.928758242457530692e-03
1.000000000000000000e+00
-9.751701419269689364e-01
-8.437622536055553457e-01
-7.600657892871225396e-01
-3.816888665087927457e-01
1.000000000000000000e+00
-7.387320286278461490e-01
-6.552327675134488327e-01
1.860453358518658895e-01
3.048748717825605636e-01
1.300758358226035138e-01
1.412825350219781839e-01
2.112675472416786909e-02
9.239418828153770358e-01
1.976290014825630159e-01
1.000000000000000000e+00
3.514244242821335518e-01
7.572709257235916702e-01
-1.000000000000000000e+00
6.530189823642196245e-01
-2.030032221761928213e-01
1.678881647472911798e-01
-3.840356773939558876e-01
-1.000000000000000000e+00
-1.000000000000000000e+00
-1.000000000000000000e+00
-1.000000000000000000e+00
-3.599248226486022606e-01
1.000000000000000000e+00
-1.000000000000000000e+00
7.770304203420492772e-01
-1.000000000000000000e+00
-9.477057238567473396e-01
7.251573615918698312e-01
-6.882148302321877686e-01
3.148576721561111569e-01
1.000000000000000000e+00
4.032427052917540999e-01
7.210209200788317840e-01
-6.323576983941858742e-02
-1.000000000000000000e+00
5.989308235893482379e-01
4.430714261481805138e-02
-2.627353373049752250e-01
1.000000000000000000e+00
1.000000000000000000e+00
3.044573419937953163e-01
-3.495243320483301108e-01
-6.294085546485439497e-01
3.107912719649186251e-02
-4.195824259405986911e-01
5.352729552402530899e-01
-6.012098209382062963e-01
5.743444984490841954e-01
1.000000000000000000e+00
8.295897411656352194e-01
1.000000000000000000e+00
8.956113784529168287e-01
1.000000000000000000e+00
1.000000000000000000e+00
5.010061719946952152e-01
1.000000000000000000e+00
6.073886335539030457e-01
-7.211559374978596115e-02
8.894345331840264324e-01
8.239757776880229923e-01
-1.661308653659050449e-01
1.000000000000000000e+00
1.000000000000000000e+00
7.792833421824466589e-01
-1.000000000000000000e+00
-5.834373267731522983e-01
-1.000000000000000000e+00
1.000000000000000000e+00
-4.133098267374767376e-01
1.000000000000000000e+00
1.000000000000000000e+00
-4.803522005989850352e-01
1.000000000000000000e+00
-1.000000000000000000e+00
-2.669139066765655599e-01
-3.598027159637396943e-01
-4.355169677004003814e-01
-4.290591428804133578e-01
1.000000000000000000e+00
5.092668855722988219e-01
1.899983215614715615e-01
1.000000000000000000e+00
-4.064644056655564164e-02
4.196443345650759937e-01
1.917187796595068994e-01
-1.000000000000000000e+00
-3.058590390189653285e-01
-1.000000000000000000e+00
1.000000000000000000e+00
-6.368558599391576092e-01
-1.966655732661554690e-01
-1.000000000000000000e+00
1.000000000000000000e+00
2.358824732481873410e-01
-9.975668855770379873e-01
1.000000000000000000e+00
9.167347783855106513e-01
8.723631758360282928e-01
-1.000000000000000000e+00
4.080061156728892469e-01
2.231755891964206651e-01
5.582325331543379621e-01
-9.368843252817714573e-01
1.000000000000000000e+00
-7.186818225691454787e-01
6.809578783606966279e-02
1.000000000000000000e+00
-4.670335677835416588e-01
-1.000000000000000000e+00
1.000000000000000000e+00
4.369307784662290195e-01
2.982996112426511415e-02
1.000000000000000000e+00
-4.577312808646987197e-01
