-7.875694046318326702e-01
3.743483570968615393e-01
3.698661594306678069e-01
-4.736104582514528705e-01
1.437317344693680443e-01
-7.442579539446154691e-01
-9.691026906006594555e-01
-9.041689082809589717e-01
1.222912886347011785e-01
-8.591254701057613463e-01
8.104701850458555512e-01
1.317817308867315074e-01
-6.136814535301977624e-01
8.085382715243645269e-01
-7.167021133626352292e-01
7.523249315586819641e-01
3.982347436702353694e-01
8.362086816001979006e-01
-3.365818205617721048e-01
2.171113368977513058e-01
-9.651121224489207506e-01
-2.736232689268347507e-01
9.942771408774147002e-01
-2.145192406461187140e-01
-1.603025631376091553e-01
-7.213057640710707208e-01
-2.168556465023394608e-01
5.253618188360831276e-01
9.678639431021769379e-01
5.271068190432126599e-01
1.785811377982371440e-01
-8.790201669502808457e-01
-6.130128639147651715e-01
-3.093993024037544615e-02
8.191112579045345399e-01
-1.976769090184522515e-01
8.616246043880426697e-02
4.232572724095811090e-01
8.908304719624628998e-01
5.179430584989419550e-02
-4.204571241230743439e-01
-7.055879190555747194e-02
-4.270945897819784509e-01
8.363667773987364384e-01
-1.217380339107190235e-01
5.942480393818849738e-01
-6.627970305477703938e-02
4.556293552998906815e-01
9.364412545712952340e-01
6.015713449276700597e-01
7.386179546843312238e-01
-2.007208515703748919e-01
-6.508505277576299708e-01
-2.711679270795830377e-02
-4.700012652672738156e-01
-7.194460564078359877e-01
3.787809204646757077e-01
-6.036187770369088046e-01
-5.490764183898702022e-01
3.725938628995575375e-01
-4.513484264843334870e-01
1.369082766886102753e-01
7.723290869062915398e-02
-3.224692829588837739e-01
2.458327498014645229e-01
-8.884250193778617799e-01
-3.139570539993983278e-01
9.624836404672436618e-01
-7.489410111080714305e-01
-8.105272911828782512e-01
-3.559256855011407872e-01
3.497772704658421716e-01
-4.264890081754009188e-01
-2.965035782799119168e-01
-2.697091562152245103e-01
-4.864943138046238236e-01
-4.334449828772759528e-01
-2.745432104888818614e-01
-4.824017829787325962e-01
5.924159766225487456e-01
2.916871625559966930e-01
-9.943248297408320280e-01
-4.094779929209337865e-01
-6.555594544204588203e-01
-3.967877822439733748e-01
-2.408226016861214624e-02
-7.214813331519738249e-01
-1.264301157231189077e-01
8.504321703988384495e-01
-5.302682565811456250e-02
8.969128927569205434e-01
2.376227256528615772e-01
4.783510991135659918e-01
-4.803557574811001540e-01
-8.591741827507763940e-01
-5.952165267549316408e-01
-7.673321111553343954e-01
8.171357836988641932e-01
3.903039097993854512e-02
-9.021932857743875100e-01
-4.880862566492860655e-01
2.657991708377460682e-02
6.989166667453234894e-01
-9.203326522546302346e-01
5.010397510432187396e-01
-8.839068452532830023e-01
-5.999928806225724998e-01
-8.037421866354672595e-01
-9.953056840714080700e-01
8.344649749184982479e-01
2.885329957100994935e-01
7.848154768057382658e-01
8.628717904724114707e-01
1.949182746234634500e-01
1.273587268100593306e-01
-7.908680226297069016e-01
9.572499903978815006e-02
3.353049812508535066e-01
-5.823115176467201781e-01
-3.328769950951233625e-01
6.739290890174203241e-01
3.893682809381471266e-01
-5.319434350969274305e-01
7.560728025109575423e-01
7.059708941713149777e-01
6.476565304451566973e-01
-9.653879364498616500e-01
-5.986605820646535570e-01
9.172951086925729136e-02
-8.939545163397002447e-01
8.524138698767833588e-01
-9.386961131322177909e-01
-1.228027085176657263e-01
9.772848264485838321e-01
-8.191147934154743293e-01
-8.648271172321966294e-01
-1.450972189580408411e-01
-4.132530527657420905e-01
3.380647957332283404e-02
9.821456477816663533e-01
-4.088995340082655083e-01
6.806462586236512458e-01
-3.384360847422460683e-01
1.348198744299620166e-01
6.859536453926877719e-01
-3.177181690495716193e-01
4.722817765119160516e-01
7.218047292196163589e-01
-7.046038003022674356e-01
-2.317761073277178063e-01
-2.269558851705439917e-01
1.028100970988399254e-01
7.836016291895433472e-01
4.387030733344645661e-01
-7.839537601369785946e-01
2.940010211421724140e-01
-9.293262785495859379e-01
1.270710838108572993e-01
3.693006536825740316e-01
8.720445597369259616e-01
5.849610210377569341e-01
-7.570370153921646139e-01
9.561387980143631893e-02
-3.600825760556103372e-01
8.654403144608766585e-01
-4.109429669763398074e-01
9.678392419671819624e-01
5.646827889270238376e-01
-3.508226864411729817e-01
-2.293931529039654471e-01
6.417808095436854376e-01
6.229237875080122500e-01
6.330339078885049986e-02
8.750293123991550459e-01
2.596042779151732649e-01
1.780316854622270295e-01
1.419851185384608527e-01
-6.271865486964869341e-01
-5.060351510560323618e-01
8.305191039925339247e-01
1.104605668426510423e-01
-1.948927289413737718e-01
-4.572791529054192061e-01
-7.983917586560560498e-01
-9.803361624476278902e-01
4.214467703846376256e-01
3.602533062954005327e-01
-9.619857143759418250e-01
-5.276425663947441613e-01
-1.477632202653651472e-01
3.226501653284021831e-01
-9.974949403054624852e-01
9.696919461168032051e-01
-7.900426554390655998e-01
6.010248231430566079e-01
-7.956422428002980496e-01
-7.199514306952123910e-01
1.223799390844191315e-01
6.707173309559677499e-02
-5.261048002469692619e-02
-8.055466601759437850e-01
6.846512747983202196e-01
9.028720384184585335e-02
-1.334463659356504017e-01
-2.756942497746541765e-01
1.791601670052791473e-01
4.114861534714517877e-01
-4.263353897491799493e-01
-1.926864079348018510e-01
-5.152068297807503860e-01
4.327780252393065297e-02
-7.340246622255626185e-01
3.618913483113841423e-01
4.006302422666749852e-01
-3.542166631547072342e-01
-5.053799788297976825e-01
1.453284168404507248e-01
4.935704888455716421e-02
-2.922557047540914610e-01
-2.184171700261083870e-01
-2.480972229001239260e-01
8.025229844585917149e-01
4.111624242539468899e-01
3.479314800645030292e-01
-2.356493289992998008e-01
-2.995170714963530934e-01
-6.853132254569878068e-01
2.332434666494662689e-01
8.399481147273266668e-01
1.939872709803283080e-01
1.775778290832605855e-01
-6.343607932254775594e-01
-1.649646922009302408e-01
3.214250886226237558e-01
-8.259746346145591112e-02
-8.174036143974368063e-01
3.031007713306530515e-01
2.164431002692279726e-02
4.338351643042877015e-01
4.349997699771406268e-01
-7.250429371318860561e-01
2.818652951785554084e-01
4.114920024414716604e-01
9.637087224910954042e-01
-1.875406900429630319e-01
-9.276279318542217656e-01
7.107857197039135766e-01
3.516414668855234460e-01
-8.085275909083882162e-01
-2.850444040747759367e-01
-6.440168201525364733e-01
-5.992324701576396961e-01
-7.339397062624530843e-01
-1.088651588122540037e-01
8.284077413261912159e-01
1.070948396391506741e-01
3.599843237117430483e-01
-8.569762283403856706e-01
-8.675473974959835299e-01
-9.458640032330056790e-01
-8.573581969974397587e-01
-6.839365562727026671e-01
9.057637129911315643e-01
-6.321468969064560905e-01
7.358443285616846907e-01
