-9.249146577934286295e-01
1.753581539156280344e-01
-1.750127292665604184e-03
-1.000000000000000000e+00
3.553738144237014729e-01
-4.007219741086831544e-01
-3.603768294212741918e-01
1.000000000000000000e+00
-1.985677593739668678e-01
1.000000000000000000e+00
-1.000000000000000000e+00
-8.055700984148265187e-01
-1.000000000000000000e+00
6.495881842507525983e-01
-1.000000000000000000e+00
1.000000000000000000e+00
9.657590967358643530e-01
2.042206032264525239e-01
1.000000000000000000e+00
5.807992767262214473e-01
6.819744864888972469e-01
1.000000000000000000e+00
-4.270783975435417101e-01
7.635400043561721972e-01
-1.000000000000000000e+00
1.000000000000000000e+00
1.000000000000000000e+00
-7.067053762245684156e-02
6.741835307356514040e-02
1.000000000000000000e+00
2.158898210162050191e-01
-7.074921072291188162e-01
1.525116470423326653e-02
-1.000000000000000000e+00
-9.029991924503516509e-01
3.366777319921867573e-01
-5.517981689517095223e-01
1.868985900703748482e-01
1.000000000000000000e+00
1.000000000000000000e+00
8.956180004758382829e-01
4.105652408164566225e-01
-1.000000000000000000e+00
-4.538344867892289969e-01
5.314310420975707494e-01
-1.486481942972817105e-01
3.079653406630310508e-01
1.000000000000000000e+00
-1.000000000000000000e+00
1.000000000000000000e+00
-7.517143875729539459e-01
-4.200151896112320760e-01
-5.145911574572701319e-01
1.000000000000000000e+00
-4.263615959227862184e-03
1.000000000000000000e+00
-9.744477951974500618e-02
-1.000000000000000000e+00
5.851450143913325963e-01
5.309413728585916648e-01
5.019927121147074178e-01
-1.000000000000000000e+00
-1.000000000000000000e+00
2.824613958002383796e-01
-1.000000000000000000e+00
-1.741570031917024086e-01
-1.000000000000000000e+00
-1.336548930457039930e-01
-8.217675820490651928e-01
1.000000000000000000e+00
-8.637772823096661057e-01
1.000000000000000000e+00
1.000000000000000000e+00
-1.000000000000000000e+00
9.483269230172350905e-01
-4.189853446899588496e-01
-1.000000000000000000e+00
-1.000000000000000000e+00
-1.000000000000000000e+00
1.000000000000000000e+00
-8.757257104035862660e-01
-1.000000000000000000e+00
1.000000000000000000e+00
-9.232898842250536475e-03
1.000000000000000000e+00
6.120698223779963421e-02
1.000000000000000000e+00
2.274436571620046532e-01
1.000000000000000000e+00
-1.000000000000000000e+00
-1.000000000000000000e+00
9.702719049616328473e-01
-8.235821777745917505e-01
-2.768470227963363284e-01
-1.000000000000000000e+00
1.000000000000000000e+00
-1.000000000000000000e+00
6.347935050962869585e-01
-1.000000000000000000e+00
1.595191368892756589e-01
-8.155961021774682518e-01
1.000000000000000000e+00
-8.244614404880600267e-01
1.000000000000000000e+00
-9.329815303490429645e-01
1.726325981841366763e-01
1.000000000000000000e+00
-1.000000000000000000e+00
8.036349978180946652e-01
-5.122280984545803939e-01
-1.000000000000000000e+00
-8.715244537542863323e-01
-1.653067915818873246e-01
6.298781884531245989e-01
-1.000000000000000000e+00
-8.479677609266438321e-01
9.119612251653486101e-02
1.000000000000000000e+00
-1.000000000000000000e+00
-1.000000000000000000e+00
1.000000000000000000e+00
-8.408316216546434241e-01
7.827485168003833760e-01
8.878020722519248675e-01
8.917797836579408610e-01
-1.000000000000000000e+00
1.000000000000000000e+00
7.897899733651064791e-01
-6.673658355088566418e-01
2.532688331920573965e-02
-1.000000000000000000e+00
-1.000000000000000000e+00
8.632562714489984135e-01
2.160530854508130316e-01
-1.000000000000000000e+00
8.304423071218363095e-01
1.000000000000000000e+00
-9.556293887722611125e-02
-6.793730475540457059e-01
-5.235320116468079599e-01
8.247817698411503695e-01
4.323551413555695166e-01
4.412942904028102076e-01
3.680176523002988698e-01
6.132259800546453476e-01
5.579936008033475892e-01
-5.616924298198600063e-02
1.000000000000000000e+00
-2.970154984578468049e-01
-1.000000000000000000e+00
4.537131801009029464e-01
-1.000000000000000000e+00
-3.051573078800610128e-01
-9.388925312944917945e-01
-1.000000000000000000e+00
-5.757356060345151239e-01
-1.000000000000000000e+00
-1.000000000000000000e+00
-1.000000000000000000e+00
1.000000000000000000e+00
-7.576207264372297745e-02
-1.000000000000000000e+00
-4.936070935343076505e-01
-2.842024942499610241e-02
-3.607054827782348316e-01
3.379975915317493529e-01
-1.000000000000000000e+00
-1.000000000000000000e+00
1.000000000000000000e+00
1.000000000000000000e+00
-8.106493970505688207e-01
-1.000000000000000000e+00
1.000000000000000000e+00
-6.841179898050439023e-01
1.000000000000000000e+00
3.743343178153817896e-01
2.835199011360883259e-01
-1.838522680828011957e-01
-1.235161803659765578e-01
1.000000000000000000e+00
-1.000000000000000000e+00
-3.106179381356898306e-01
-1.000000000000000000e+00
-1.000000000000000000e+00
-1.000000000000000000e+00
1.000000000000000000e+00
-8.582144863679608271e-01
1.000000000000000000e+00
8.144606259576593343e-01
3.053674619048566408e-01
-1.800826763295243493e-02
1.589608663935407062e-01
-1.298163212697737157e-01
-6.230169141493487883e-01
6.649724659323250631e-01
-1.000000000000000000e+00
-1.000000000000000000e+00
1.000000000000000000e+00
-7.373970575198728339e-01
6.623325818977416901e-01
-1.000000000000000000e+00
-8.382615398428199249e-01
-7.493021725836501723e-01
-1.109803527578649973e-01
5.004922373713691641e-01
1.000000000000000000e+00
1.000000000000000000e+00
5.084479902427421205e-01
-1.000000000000000000e+00
-1.000000000000000000e+00
-6.562408294367794159e-01
1.000000000000000000e+00
3.588320033008578491e-01
-1.000000000000000000e+00
1.000000000000000000e+00
6.357645068826451862e-01
-3.008013802168232331e-01
-3.354813818191150210e-01
1.000000000000000000e+00
1.000000000000000000e+00
6.226109532312696926e-01
-1.000000000000000000e+00
-1.000000000000000000e+00
-1.000000000000000000e+00
-1.000000000000000000e+00
-1.000000000000000000e+00
1.000000000000000000e+00
1.000000000000000000e+00
-8.883273074821198545e-01
7.594358882437978187e-01
-4.230828247289220023e-02
1.007526520186318164e-01
7.186363857768567343e-01
-1.617814757124091951e-02
-1.000000000000000000e+00
1.000000000000000000e+00
-5.741133729060241553e-01
6.288311269190421937e-01
-1.000000000000000000e+00
6.773754328222310050e-01
-2.251806761782788602e-01
-4.683028940988480660e-01
4.169925994909347011e-01
3.929721881378023252e-02
-7.385762354535916341e-01
8.956014894723529629e-01
-6.462634525137467278e-02
-1.000000000000000000e+00
1.000000000000000000e+00
4.606721494051453369e-01
-7.131014608563124302e-02
1.000000000000000000e+00
1.000000000000000000e+00
8.123463571800988436e-01
1.000000000000000000e+00
2.041952969750481239e-01
-1.000000000000000000e+00
7.955028160051181851e-01
-8.819638714084310216e-01
1.000000000000000000e+00
8.645851202728427332e-03
9.917867874451173904e-01
1.000000000000000000e+00
1.000000000000000000e+00
2.200399837261997615e-01
