1.805549326731237247e-01
9.443951968212753734e-01
-1.000000000000000000e+00
-1.000000000000000000e+00
-1.000000000000000000e+00
1.000000000000000000e+00
7.441676409640536338e-01
-1.000000000000000000e+00
3.946882815144392431e-02
-8.297434813082829042e-01
-7.108526743262763015e-01
-5.144199725345244278e-02
-1.000000000000000000e+00
-7.525615511889927056e-01
-9.778497838915560791e-01
3.032506709136612577e-01
1.000000000000000000e+00
-2.182132985453988372e-01
2.819365677336294063e-02
4.067746082562855303e-01
-1.000000000000000000e+00
2.426958668430279076e-02
-1.000000000000000000e+00
-4.443455009619997620e-01
9.123482761040939693e-01
-4.663574039244402503e-01
3.049293122791634225e-01
-8.450019311345353668e-01
5.458594640394209829e-01
1.000000000000000000e+00
-2.898636192740893236e-01
-2.820167576682706123e-01
-1.000000000000000000e+00
-4.509935916627372254e-01
-7.001153131108717176e-02
1.890020486763195340e-01
-1.000000000000000000e+00
1.000000000000000000e+00
-1.000000000000000000e+00
-4.395295078558991708e-02
1.986871654804874820e-01
4.704217579853118281e-01
1.607141231286659533e-01
1.000000000000000000e+00
-3.458209417562566612e-01
1.000000000000000000e+00
-1.000000000000000000e+00
-1.000000000000000000e+00
4.075700667707702340e-01
-5.317287726490815825e-01
-1.000000000000000000e+00
-4.908542014021919364e-01
7.289278322664578535e-01
7.773569283674219843e-01
6.749201602751605522e-01
-3.222488925502398072e-01
1.000000000000000000e+00
-1.587499422169442731e-01
8.122290399457258170e-01
7.280394301079584629e-01
-1.000000000000000000e+00
7.817243543668186412e-01
5.822341540668596327e-01
-1.000000000000000000e+00
-1.000000000000000000e+00
1.801355898789797072e-01
4.438996462385773056e-01
-1.000000000000000000e+00
-5.387033037523092371e-01
2.868627676451838138e-01
-4.452187251771807519e-01
9.720077880156900996e-01
1.000000000000000000e+00
-6.586980048097863527e-01
-2.951511588984293555e-01
1.000000000000000000e+00
8.489773274981825546e-01
4.054546657638740115e-01
2.935532510339098899e-01
-1.000000000000000000e+00
-1.000000000000000000e+00
-1.000000000000000000e+00
-2.364490834781443063e-01
5.651763676671364145e-01
-5.113648906900141178e-01
-2.294665628480085928e-01
2.778468553076837155e-01
-1.000000000000000000e+00
-1.000000000000000000e+00
-2.380248018697320722e-01
-1.000000000000000000e+00
6.884388637646169373e-01
-2.423899052639866269e-01
1.000000000000000000e+00
1.678914244468407979e-01
1.000000000000000000e+00
4.354348057091419477e-01
1.520836662088407287e-01
4.057567990958274584e-01
9.162353331449208937e-01
-1.346754648569592483e-03
1.000000000000000000e+00
4.857978281621091465e-01
3.130648532845542453e-01
-4.711294742224458876e-01
-5.988539162944956917e-01
2.164323662627660738e-01
-5.215206832434452489e-01
7.354902871261271846e-01
3.645345959896160726e-01
-1.356583843212646467e-01
3.655607074079639252e-01
-8.412904402165928275e-01
8.248785003714835806e-01
-6.022559061349519460e-01
-1.000000000000000000e+00
-7.839416191849045701e-01
4.645643381521126214e-01
1.000000000000000000e+00
7.655608676722944761e-01
-7.492142277320554822e-01
1.000000000000000000e+00
7.544406277224745550e-01
9.194698964432508337e-01
-1.809879708369785956e-01
-6.431961589608736762e-03
-9.820060967802022311e-01
1.000000000000000000e+00
7.446466578945238890e-01
-1.356293165663269851e-01
-1.241926533034302116e-01
-1.334862973673049957e-01
5.109511307061713747e-01
5.642037296387774070e-01
9.413707247270317602e-01
-1.033615637803919629e-02
-4.676113230979250801e-01
1.000000000000000000e+00
6.954515089751049928e-01
-6.583728481996320436e-01
-6.361343726829664647e-01
7.863904252474601675e-01
4.933985435897823013e-01
3.660952971423103719e-03
7.138989777594324515e-01
5.473458767217449505e-01
1.595176158587314763e-01
3.621438724391760622e-01
1.000000000000000000e+00
-1.000000000000000000e+00
3.403082427327075443e-02
1.000000000000000000e+00
-4.186784907141269940e-01
-1.230900043936744570e-01
-1.000000000000000000e+00
3.280095039731714679e-01
2.987785085670602303e-01
1.000000000000000000e+00
3.502960300209950750e-01
5.724467211619678197e-01
-4.582441511094881292e-02
-5.627979953447885819e-01
-2.634177532124852839e-01
-1.000000000000000000e+00
2.609612120170299310e-01
-4.405866580400555899e-01
-1.000000000000000000e+00
1.133738170653001420e-01
-1.432749311463739628e-01
4.462297412726380363e-01
3.652746677735861924e-01
-3.665778426583414795e-01
-1.000000000000000000e+00
-1.000000000000000000e+00
9.489988027789091340e-01
3.062902635055827494e-01
-3.030669905929683772e-01
-7.258327762051783871e-01
-4.077149818053806829e-01
-1.000000000000000000e+00
9.873393735955453554e-01
-9.405093755707145675e-01
1.000000000000000000e+00
-4.221279708229619398e-01
-1.000000000000000000e+00
1.462081794195635442e-01
-1.000000000000000000e+00
-3.085844666481416532e-01
-1.000000000000000000e+00
-1.000000000000000000e+00
-5.347001214252549151e-01
3.114774406054435785e-01
-6.414265850892280074e-01
8.287327325058492233e-01
2.691799319109960398e-01
-1.000000000000000000e+00
-1.000000000000000000e+00
6.444778703229697703e-01
-3.348869042304238874e-01
-5.624295921152281386e-01
-7.224290798297383631e-01
-5.036086250508086115e-01
3.003440684248853687e-01
1.000000000000000000e+00
-1.791888187837334945e-01
1.000000000000000000e+00
1.000000000000000000e+00
8.454855339666998981e-01
-7.738340884892155880e-02
-1.000000000000000000e+00
-2.515466138308739552e-01
8.361826671470915517e-01
1.521564631436975734e-01
1.000000000000000000e+00
1.000000000000000000e+00
1.000000000000000000e+00
-1.000000000000000000e+00
3.890252113358334540e-01
-1.000000000000000000e+00
2.758704469734143960e-02
-1.000000000000000000e+00
-1.000000000000000000e+00
5.318982277178423423e-01
1.000000000000000000e+00
-1.000000000000000000e+00
-1.000000000000000000e+00
8.044802082112669783e-01
4.892021668652969391e-01
1.000000000000000000e+00
-1.000000000000000000e+00
1.000000000000000000e+00
-3.021466715359516497e-01
1.000000000000000000e+00
1.000000000000000000e+00
5.177846952071258890e-01
-9.616905480444598586e-01
1.000000000000000000e+00
3.996741572956449273e-01
-6.972113987303187876e-01
-1.000000000000000000e+00
-1.000000000000000000e+00
-1.864127350045803877e-01
3.682849510218066946e-01
-3.254845439406648389e-01
3.353834457469805908e-01
-6.734073477699462629e-01
1.000000000000000000e+00
-1.000000000000000000e+00
-9.649409836100895088e-01
-8.217776444873265973e-01
-6.056613041534830710e-01
-1.000000000000000000e+00
-1.897892347061670426e-01
-1.000000000000000000e+00
1.071754697066636952e-01
-1.000000000000000000e+00
-1.000000000000000000e+00
-1.000000000000000000e+00
2.959353599556945325e-01
-4.337007459831876410e-02
8.203553223613291312e-01
-6.342756955922941309e-01
4.656238344894297887e-01
2.687292780050785090e-01
-1.000000000000000000e+00
