3.000552773617233271e-01
-4.503706577921813281e-01
5.240630791338003469e-01
7.179204351594274947e-01
-2.001762360423171572e-01
-1.192239329723077113e-01
-7.356649471109981686e-01
1.811412971205383915e-01
-5.914064538585117603e-02
-8.840972265669901908e-01
9.876771898958243145e-01
-7.071053484649334475e-01
-2.237674601218435644e-01
-1.239672907871258722e-02
-2.148677151960405318e-01
1.411663213960909768e-01
2.724580851813218629e-01
-6.869620141692227566e-01
-6.060123161463519814e-01
6.414999000438337262e-01
-9.434597163997282543e-01
4.807685656148654729e-01
-7.476232972070169236e-01
8.458057181763336541e-01
-5.452438679039037783e-01
2.822262282900813712e-01
-7.043271362858884999e-01
4.223473051128885380e-01
-1.023915528903096561e-01
-7.272360681501033319e-01
-6.824506941496584211e-01
-6.880392410134825720e-01
-6.083210811418919839e-01
-3.022766662592912823e-01
-3.376060157008275997e-01
-2.391587097263436767e-01
-8.943949950125249515e-01
8.567584717585765564e-01
-4.188003962881712283e-01
6.020973292806672816e-01
-1.263314304503411201e-01
-5.470129394973555215e-01
-3.788927822232492915e-01
-9.526551174040198688e-02
-4.936481535205128335e-01
3.982441770055844543e-02
3.137364123965700191e-01
8.516334125919007292e-01
-8.180201528844264214e-01
-4.007946019748935829e-01
8.014324360070532727e-01
8.163808080717085414e-01
-3.877669952602122994e-01
-3.030930800690265770e-01
-4.575562634181995492e-02
-5.910963785542575621e-01
5.597522403681718384e-01
4.811452627907537583e-01
-9.341721167254528613e-01
-9.771458473447625082e-03
-5.930478020052134536e-01
6.285570798048953911e-01
3.456506809919399625e-01
6.964704751679584582e-02
8.874342368253318458e-01
-8.311833604064655656e-01
-6.490375495124194316e-01
-9.601120079595513168e-01
-3.467208175201288434e-01
6.788921867062569504e-01
-8.201235073356938354e-01
9.637295642327627920e-01
1.468992572583758260e-01
-2.299524269886463745e-01
8.679288681768158042e-01
-4.132893619214041969e-01
-4.056120566062424437e-01
2.332556239045446844e-02
-5.859852168003998329e-02
-9.628480706140405410e-01
9.227732721492265533e-01
5.639128964915265385e-01
9.038586930347074500e-01
4.878270872871899311e-01
-9.615050851051147873e-01
-3.775947046602257107e-01
6.253944686577157519e-01
1.800984949625383802e-01
-8.242647721068985245e-01
-7.458214749774438879e-01
-8.884775234056643267e-01
5.450764241381529374e-01
-7.279876389888604304e-01
4.676692603514176483e-02
1.989246969472358018e-02
3.116418406239944705e-01
-3.593273174822571026e-01
-4.517571202617158832e-01
5.613360711840942319e-01
6.585292963657363163e-01
2.216594523677857254e-01
8.696772365910816482e-01
4.324430100416407630e-01
-6.502804746539172509e-01
-6.219950267962464086e-01
9.923548789566905004e-01
-8.878893101519642617e-01
7.246886415185072039e-01
5.736824508814730716e-01
-1.986088134457888454e-01
-6.700639381527251359e-02
5.383471271845521322e-01
-1.971344606142828582e-01
7.022017674016001187e-01
5.334866356798910747e-01
-2.435001759371322461e-01
-7.347996487404424570e-01
-6.934836799754180436e-01
-1.977499526340258384e-01
8.350814947373896846e-01
5.003762048472040203e-01
7.466898952109257692e-01
-5.688217222544365015e-01
2.177134655130712471e-01
-9.016618610183375626e-01
4.812930083670887704e-01
-5.590235515536148281e-01
5.007296984108664528e-01
1.004960818775133546e-01
-2.015895937483913603e-01
-2.456354994071086040e-02
-1.933670365247230905e-02
8.634318796179230038e-01
-9.990503268369301804e-01
-5.262226107260772334e-01
-2.909285831782477683e-01
-6.442502476724953908e-02
5.116809888154072450e-01
-4.266422265051561524e-02
-1.119144384264163516e-01
-3.557352828064817007e-01
5.088444889040855124e-02
-6.637361299486286281e-01
-7.767958361278624047e-01
2.232308812777787921e-01
3.473166422613789273e-01
2.930903803933466722e-01
-3.702943270967373746e-01
-8.668858899112690253e-01
7.821372644514053007e-01
-6.097403416392555009e-02
9.937727795638064965e-01
4.561828022128118221e-01
7.104458894905851807e-02
-7.625093100481949993e-01
6.650942826236188044e-01
-1.306250949217986346e-01
-7.683397992596792125e-01
-9.933032085894188956e-01
6.887164247363484204e-01
-2.112190335849817302e-02
1.790888012571658638e-01
-5.700521470612396335e-02
-2.428639380431931727e-01
4.117949213754963367e-01
-1.826141976485178287e-01
4.170441731677045905e-01
-9.379662342497883110e-01
-5.737009796701320052e-01
-5.891107766199392692e-01
9.013907550790043466e-01
-9.731678299896788786e-01
4.281301248282562977e-01
5.844279941673526935e-01
-3.383816865890902914e-01
-4.246439687387422168e-01
-1.630166274462514497e-01
-1.496024383236254085e-01
8.070252384720866257e-01
5.121396381149585508e-01
9.566632155420269346e-01
5.676713525738417143e-01
6.188547892858924371e-01
3.077512762796190682e-01
-3.715334652389321590e-01
8.116077055489476777e-01
1.539616105824763714e-01
-3.730194519801632858e-01
1.312203855615257098e-01
-3.608911074953358167e-02
-3.015179409706849611e-01
-6.657967702619520534e-01
1.756493181881486620e-01
5.645831091453430428e-01
-5.273185443775350034e-01
-4.042174052681679619e-02
4.100062458504274421e-01
5.298032318960419484e-01
4.224280368155997056e-01
-2.480332939174649809e-01
9.825065084143131955e-01
6.688630520918437128e-01
-2.575236929261708330e-01
-3.372514534325106172e-01
-3.602504949399820688e-01
-6.577652523015113939e-01
-2.429629772607437843e-01
-7.875864104682961386e-01
-6.239913957803400191e-01
-3.383158445748510879e-01
2.173223703235667159e-01
3.386439155323694994e-01
6.953093668446501674e-01
9.677541812616810013e-01
-4.025642349982216928e-01
7.294642663560173546e-01
7.692726297907503952e-01
-2.478595537407088933e-01
3.770562079296719826e-01
-2.959118259355086877e-01
-5.052829907940095122e-01
1.131677796476573405e-01
6.934534754504690923e-01
2.752960170379514793e-02
-2.533631661889490516e-02
-6.291164590108484500e-01
1.226694260375751355e-01
2.299705791242465658e-01
2.399296452217198894e-01
1.586397512674362353e-01
-1.692806416006149561e-01
1.541493443555461695e-01
-6.867715129452498513e-01
7.347390361338976827e-01
7.251570373185438623e-01
-6.530838403291847616e-01
-7.064922544247542735e-01
7.312668735098217798e-01
8.215973473800495253e-01
-1.017054656682094826e-01
5.202577880507595065e-01
-6.453775195933910691e-01
-2.329801568149334479e-01
5.526853179988309162e-01
-2.445858389172688163e-01
4.802341553975755239e-01
-6.970333403350115198e-01
-3.005136243186079525e-02
-2.195325444438211981e-02
5.146326014199875676e-01
-9.221860574469640248e-01
-2.222111669386053201e-01
-2.118884011874240247e-01
-5.564743306641053433e-01
-5.491814996669899251e-01
5.436014003299760589e-02
-4.062907601223386678e-02
4.712949246441249240e-01
-5.307194165165696198e-02
6.069648336316968429e-01
3.639195982479916935e-01
1.138811695157637693e-02
6.523313458465143100e-01
5.887792939278153614e-01
1.302489751751365610e-01
