3.569748973705408335e-01
-1.000000000000000000e+00
-6.628634538667905751e-01
4.411581157132682396e-01
-5.714171190114768484e-01
-1.000000000000000000e+00
-6.005432816597131573e-01
-3.919318776507132451e-01
7.079887461712905949e-01
8.489038414740543992e-01
-3.856506748109271854e-01
9.481459115601443832e-01
-5.573788137423459910e-01
9.275668688223115410e-01
-9.726736341453805501e-01
-2.644212356236006478e-01
-1.000000000000000000e+00
-1.000000000000000000e+00
1.000000000000000000e+00
3.447274497870284060e-01
-1.000000000000000000e+00
-1.160920252611694070e-01
-1.000000000000000000e+00
1.195661257297377378e-01
-1.000000000000000000e+00
1.000000000000000000e+00
-7.511081526838893074e-01
-2.437533066925816616e-01
9.293558136009218984e-01
-7.146730207253069178e-01
2.885973994204671378e-01
1.350810186203963426e-01
-4.596539853502170092e-01
-6.365414263118025495e-01
1.000000000000000000e+00
-1.000000000000000000e+00
3.100939910966580837e-01
1.000000000000000000e+00
1.000000000000000000e+00
8.423242970527136109e-01
1.000000000000000000e+00
8.963822916798993568e-01
-1.000000000000000000e+00
-8.786189602943378363e-01
-1.000000000000000000e+00
9.843945744979966106e-01
1.572566454299932914e-01
-1.000000000000000000e+00
-1.000000000000000000e+00
-6.833814555773588539e-01
-9.580674126032084903e-01
-1.000000000000000000e+00
5.132423842276722104e-01
-1.000000000000000000e+00
7.422869814469734706e-01
3.800341505152423638e-01
-1.266688279549836871e-01
-2.264003205997567880e-01
-1.000000000000000000e+00
1.000000000000000000e+00
-3.171761192415468722e-01
5.671094985819258305e-02
1.000000000000000000e+00
-6.449506524504591276e-01
-1.000000000000000000e+00
-8.591401159209203220e-01
-2.170234445905388221e-01
-6.830767734306614214e-01
7.770904312469544273e-01
1.000000000000000000e+00
1.000000000000000000e+00
5.534890300735495483e-02
-1.000000000000000000e+00
-1.000000000000000000e+00
1.000000000000000000e+00
1.000000000000000000e+00
-7.541301647590612500e-01
-1.453923900583853346e-01
9.699045223509472624e-01
3.564425794732039021e-01
-1.000000000000000000e+00
-2.824524856499049941e-01
6.821843571761747604e-01
-1.000000000000000000e+00
8.739374565076347690e-01
-1.215758188296472975e-01
1.000000000000000000e+00
-7.614150450770345024e-01
1.000000000000000000e+00
-1.000000000000000000e+00
1.000000000000000000e+00
1.000000000000000000e+00
-2.335363693128693074e-01
1.000000000000000000e+00
-1.000000000000000000e+00
1.485572045740338742e-01
-5.934413275983112523e-01
1.000000000000000000e+00
7.414607985951117142e-01
-1.000000000000000000e+00
-1.000000000000000000e+00
-4.411671770963454531e-02
-8.561802510525574617e-01
1.000000000000000000e+00
-1.000000000000000000e+00
-6.106458787344882788e-01
-2.176069373104905225e-02
-4.629213554132663444e-01
1.000000000000000000e+00
1.259698484086632098e-01
4.208802212603065529e-01
-1.000000000000000000e+00
1.000000000000000000e+00
7.982003094558762779e-01
7.054378021942923072e-01
-6.495519656307753298e-01
-3.232436178154253215e-01
-1.182430372242999905e-01
1.000000000000000000e+00
-1.000000000000000000e+00
-9.163733584953062117e-01
-3.670383898543072565e-01
3.077265976989524976e-01
-6.110598203185994004e-01
-7.623834324370377669e-01
-8.916659504220506571e-01
1.620217554563597728e-01
-1.567923927710599408e-01
-7.030293506289659877e-01
1.000000000000000000e+00
-1.000000000000000000e+00
1.000000000000000000e+00
6.083226224264811632e-01
-9.961617323606676289e-01
7.345992429759657938e-01
1.000000000000000000e+00
-2.013003149803702652e-01
8.960420284960688431e-01
-2.210166960115252932e-01
-1.000000000000000000e+00
-1.000000000000000000e+00
1.000000000000000000e+00
1.000000000000000000e+00
-2.175301523472812359e-01
-1.000000000000000000e+00
1.732286430721099446e-01
-6.146876063658498479e-01
-1.000000000000000000e+00
2.576860970717939070e-01
9.412151908367167863e-01
-1.000000000000000000e+00
1.463172806679736704e-01
-1.000000000000000000e+00
1.000000000000000000e+00
-1.126618922144598800e-01
-7.740802428964803639e-01
1.898858395997614079e-01
-1.000000000000000000e+00
5.785721751209756958e-01
1.992893247152869307e-01
8.865628371215986681e-01
-2.075025529818372572e-01
1.000000000000000000e+00
-1.000000000000000000e+00
-9.172694619056155352e-01
-1.000000000000000000e+00
-6.961610201161050338e-01
1.000000000000000000e+00
1.000000000000000000e+00
1.707226161815866838e-01
1.000000000000000000e+00
8.797261357897070422e-01
1.000000000000000000e+00
-1.072785081818575514e-01
-1.000000000000000000e+00
-1.000000000000000000e+00
1.000000000000000000e+00
-7.863862024541810047e-01
-1.000000000000000000e+00
1.000000000000000000e+00
-1.000000000000000000e+00
1.000000000000000000e+00
-1.000000000000000000e+00
-2.415936587328748608e-03
1.000000000000000000e+00
1.000000000000000000e+00
-7.189391430670835081e-01
-8.728270041271906088e-01
9.397589505311598757e-02
8.000950849796407693e-01
-9.438514068602188445e-03
-1.000000000000000000e+00
1.000000000000000000e+00
-8.624097024971721925e-02
-2.109678479232275361e-01
5.849823586271609699e-01
1.000000000000000000e+00
1.000000000000000000e+00
6.063276019202379352e-02
1.372011292918886571e-01
1.000000000000000000e+00
-1.031083124686313912e-01
2.629544972765958111e-01
-1.000000000000000000e+00
-5.759471734291545797e-01
-2.932694671791136187e-01
-2.453513412485210932e-01
1.000000000000000000e+00
-1.000000000000000000e+00
-1.000000000000000000e+00
2.634948788318765001e-01
1.000000000000000000e+00
-1.000000000000000000e+00
1.000000000000000000e+00
-8.883432847800918353e-01
-7.053189305182678837e-01
-7.588071708006611793e-01
1.000000000000000000e+00
1.000000000000000000e+00
3.517752944854780628e-01
5.788403793247949292e-01
4.692036656527507898e-01
-7.617045657601817510e-02
4.765515399933138996e-01
-1.000000000000000000e+00
-1.000000000000000000e+00
4.276240788857652020e-01
9.546564976446643147e-01
5.494484722812433830e-01
1.000000000000000000e+00
1.000000000000000000e+00
-3.272508609567226778e-01
7.588798622711172559e-01
1.000000000000000000e+00
2.993793547123388965e-01
-1.000000000000000000e+00
1.000000000000000000e+00
9.080409695386901792e-01
9.446047564772707128e-01
7.980717127896068686e-01
-1.000000000000000000e+00
1.000000000000000000e+00
-1.000000000000000000e+00
-8.309933421781030560e-01
-3.084226372816871731e-01
2.456438373588698543e-01
-4.903589735130167160e-01
7.308960081592186242e-02
3.062128622855087023e-01
2.144184940119999716e-01
-1.000000000000000000e+00
1.000000000000000000e+00
-1.000000000000000000e+00
8.838452576924802351e-01
-5.759099605531643462e-01
9.339145269034908603e-01
1.000000000000000000e+00
1.000000000000000000e+00
8.797893146933077890e-02
6.427783714417989458e-02
-6.648346671057963064e-01
-1.000000000000000000e+00
1.000000000000000000e+00
2.454856064128604354e-01
-6.555451596392036784e-01
