9.512539171963357854e-01
-1.000000000000000000e+00
3.940697756102267135e-01
5.388896091502510810e-01
9.364294156590811102e-01
-3.770032867164425650e-01
5.174914815426465697e-01
1.662410056767887889e-01
-8.632439427614682081e-01
2.679973000499867863e-01
-1.000000000000000000e+00
-5.464365607071708375e-02
1.882345458923297965e-01
-5.002728503150288830e-01
1.000000000000000000e+00
1.000000000000000000e+00
1.000000000000000000e+00
-1.000000000000000000e+00
-2.860128384438807014e-01
-2.496714283845192783e-01
-4.219276789334683309e-01
1.389402999579543718e-01
7.997610352902821962e-01
1.000000000000000000e+00
-3.726885418222338764e-01
4.914232393496970053e-01
9.668865406966320464e-02
-4.195079012243146943e-01
-1.000000000000000000e+00
-1.105512703778239736e-01
1.000000000000000000e+00
-4.970700474914312439e-01
-1.000000000000000000e+00
4.484843103351627835e-01
-1.000000000000000000e+00
1.000000000000000000e+00
-1.000000000000000000e+00
-6.702114424347188626e-02
3.783784565685295309e-01
-1.000000000000000000e+00
-1.000000000000000000e+00
-1.000000000000000000e+00
6.427069435015453358e-02
1.000000000000000000e+00
-1.000000000000000000e+00
-1.000000000000000000e+00
-1.000000000000000000e+00
1.000000000000000000e+00
-1.000000000000000000e+00
-1.000000000000000000e+00
8.868661580939195543e-01
6.840638253414748071e-01
-5.298133714397711413e-01
1.000000000000000000e+00
1.000000000000000000e+00
4.824222300224845217e-01
-1.000000000000000000e+00
-3.782255882794214319e-01
1.000000000000000000e+00
3.874608892146896855e-01
1.000000000000000000e+00
6.793212606551675137e-01
-1.175388444171820979e-01
8.322711180903030748e-02
-8.133643647528616683e-01
-1.000000000000000000e+00
-1.000000000000000000e+00
-1.000000000000000000e+00
1.000000000000000000e+00
-3.918712496868942963e-01
-1.000000000000000000e+00
3.639188610878910657e-01
1.000000000000000000e+00
-1.000000000000000000e+00
5.406535280761403106e-01
1.000000000000000000e+00
-2.271606562051532163e-01
-2.745695926689396549e-01
1.000000000000000000e+00
5.154072570750014570e-01
1.000000000000000000e+00
4.657759659207661995e-01
-2.460879512665044011e-01
9.459843181819778124e-01
1.000000000000000000e+00
1.000000000000000000e+00
1.000000000000000000e+00
4.352983589455827751e-01
1.802911417414154727e-01
-7.762181831307082280e-01
-6.841576636418527091e-01
-1.360995231539488537e-01
1.000000000000000000e+00
1.102677121222077616e-01
2.170348132377044603e-01
1.000000000000000000e+00
6.390328251434892470e-01
-3.427015436696547734e-01
-3.669401486730972106e-01
-4.746919080580326300e-01
-3.764878989548764432e-01
3.085907848668767994e-01
1.000000000000000000e+00
2.096649162386856613e-01
-1.000000000000000000e+00
1.000000000000000000e+00
-4.176811468521167692e-01
1.000000000000000000e+00
4.746340333090381947e-02
-3.847549194127213301e-01
6.504051962985568647e-01
1.483776665984772314e-01
6.246013049033196651e-01
3.580813279245722014e-01
1.000000000000000000e+00
-1.120618901331325024e-01
1.000000000000000000e+00
-4.975267554181708185e-01
-1.000000000000000000e+00
1.000000000000000000e+00
2.019409204379485345e-02
-6.207151123243249691e-01
-4.463769109015837122e-01
-9.785018380571006702e-01
1.000000000000000000e+00
-3.950109473392530157e-01
1.000000000000000000e+00
-1.000000000000000000e+00
-3.336487741435719689e-01
7.791422577411184491e-01
-8.343278555692454912e-01
1.000000000000000000e+00
6.387722854677252426e-01
5.038497311628635789e-01
-1.000000000000000000e+00
-4.573182558203557901e-01
1.787635461425410022e-01
-3.201215091042143857e-01
4.381097005406244804e-01
1.000000000000000000e+00
6.880525189355012339e-01
4.524068509851553177e-01
-3.691789987037165099e-01
5.805823834975125664e-01
1.000000000000000000e+00
-1.000000000000000000e+00
-7.500134796370097057e-01
-2.334825000263548445e-01
-1.000000000000000000e+00
1.000000000000000000e+00
-1.000000000000000000e+00
1.070934417412984507e-01
-1.000000000000000000e+00
-3.962609506213946586e-01
7.161987906138260751e-01
-5.625562709666218630e-01
9.577833836869151796e-01
7.409788322527799398e-01
3.250374188728710201e-01
1.000000000000000000e+00
-7.373657898172412128e-01
-1.000000000000000000e+00
3.457155589205778146e-01
-7.373185009072140694e-01
-9.761080981044619742e-01
-1.000000000000000000e+00
5.963045366064627650e-01
-1.253273199702111818e-01
8.682469395570766579e-01
-1.090612214163284577e-01
-8.869269233414727172e-01
-1.000000000000000000e+00
1.000000000000000000e+00
-1.000000000000000000e+00
1.000000000000000000e+00
1.000000000000000000e+00
1.000000000000000000e+00
1.000000000000000000e+00
-1.000000000000000000e+00
1.010406002309634371e-01
1.000000000000000000e+00
3.534922991450258900e-01
1.000000000000000000e+00
-9.259988871497465412e-01
2.867125407049730401e-01
3.995052421728830239e-01
-1.000000000000000000e+00
9.872002236076271586e-01
-2.133527266169616965e-01
-1.562917773696881341e-03
1.000000000000000000e+00
6.385287363080931478e-01
-1.056326248818255653e-01
1.000000000000000000e+00
4.254942613180954236e-01
1.000000000000000000e+00
3.018798100842303711e-01
8.398628150081410837e-03
-7.385686718913725413e-01
-3.885355274928399272e-01
-1.000000000000000000e+00
1.000000000000000000e+00
6.296216082302887873e-01
-9.505495221797207739e-01
1.000000000000000000e+00
-6.362326040044226083e-01
1.000000000000000000e+00
8.872863369861438976e-01
-1.000000000000000000e+00
-1.000000000000000000e+00
-8.798906114688886948e-02
4.520637062242748305e-01
-7.603828342178128308e-01
7.355188400720640285e-01
9.817444649700790560e-02
-1.447378403913119893e-01
-8.773315585027539054e-01
1.000000000000000000e+00
9.103371443354557613e-01
-9.004804892755764456e-01
-8.463064367853692094e-01
-8.404835474566022535e-01
9.617809710361817643e-01
5.516647549252918781e-01
6.724737355408514361e-01
-1.000000000000000000e+00
4.036068347390159849e-01
-1.763652674492801609e-01
-1.386567112579433214e-01
-1.000000000000000000e+00
-1.000000000000000000e+00
-7.394190872329133857e-01
6.881722169916613119e-01
-1.734688623868833046e-01
-3.711546464148148816e-01
1.000000000000000000e+00
8.146106220517365104e-01
6.450253463421243838e-01
-1.000000000000000000e+00
1.000000000000000000e+00
1.000000000000000000e+00
-1.000000000000000000e+00
1.000000000000000000e+00
6.033309407984110972e-01
-1.310326550316561756e-01
-5.974924081611854287e-01
-1.000000000000000000e+00
-2.479198969655482809e-03
-7.289355667494321622e-01
5.893564475567658612e-02
4.431524451181608759e-01
4.468506325507639598e-01
-2.393670347832220213e-01
1.000000000000000000e+00
-3.188029359663533402e-01
1.000000000000000000e+00
-1.000000000000000000e+00
-5.141494111728821537e-01
2.209172105914124495e-01
-1.000000000000000000e+00
-1.000000000000000000e+00
4.297685169577433184e-01
-6.929638720521158479e-01
1.000000000000000000e+00
1.000000000000000000e+00
