1.000000000000000000e+00
1.000000000000000000e+00
1.000000000000000000e+00
2.495430755438968751e-01
1.000000000000000000e+00
2.801987703189683376e-01
-1.000000000000000000e+00
1.000000000000000000e+00
-8.179426836100822662e-01
-1.000000000000000000e+00
9.667472780586849890e-02
4.279931762743772738e-01
-1.000000000000000000e+00
-4.498976982517277623e-01
1.484885033320615388e-02
2.399104917434226047e-01
-1.000000000000000000e+00
-1.000000000000000000e+00
1.000000000000000000e+00
1.937992665156640371e-02
3.313334861676787702e-01
-5.569335465719538192e-01
-9.160258420574741711e-01
1.000000000000000000e+00
-5.372489660511414744e-02
-2.913846002254203427e-01
-8.264910388220542137e-01
1.000000000000000000e+00
-1.000000000000000000e+00
1.000000000000000000e+00
1.000000000000000000e+00
9.758323318110364575e-01
7.400395867885940504e-01
-8.410890828562072041e-01
8.954893558421226363e-01
8.026336893009337059e-01
5.628705071531980852e-01
1.000000000000000000e+00
-1.000000000000000000e+00
-8.231087963602955471e-01
-4.210854868811341745e-01
-9.594798960690591461e-01
8.359946827426201210e-02
1.000000000000000000e+00
1.000000000000000000e+00
1.000000000000000000e+00
3.926015965960198972e-01
-4.015074355464356426e-01
-4.520721114485945491e-01
2.268467377263394535e-01
5.850068143173126067e-01
1.000000000000000000e+00
-3.201776460867974405e-01
-1.000000000000000000e+00
-1.000000000000000000e+00
1.000000000000000000e+00
1.000000000000000000e+00
1.000000000000000000e+00
-1.000000000000000000e+00
3.474937121102429916e-01
1.000000000000000000e+00
8.269903154332283179e-01
-1.360143731763983066e-01
-1.000000000000000000e+00
1.814472845673375523e-01
-6.466377714201585469e-01
4.085953318377487098e-01
-2.119383538765391983e-01
5.709153218366391780e-02
6.278555843090850574e-01
-1.000000000000000000e+00
-1.000000000000000000e+00
-3.928192292102923311e-01
-1.000000000000000000e+00
1.901988548158408676e-01
1.000000000000000000e+00
-1.000000000000000000e+00
-1.000000000000000000e+00
7.079983330916940210e-01
-1.000000000000000000e+00
1.000000000000000000e+00
5.005861649456748719e-01
1.000000000000000000e+00
-6.421104108382482689e-01
-3.154563073959151254e-01
1.000000000000000000e+00
7.306845424317096604e-01
3.441922058103388249e-01
-1.000000000000000000e+00
6.092211546662917865e-01
6.357427087162785817e-01
-4.017779914644010741e-01
9.970151613261928336e-01
4.301806989426011363e-01
-5.555371316305979246e-02
1.000000000000000000e+00
-1.000000000000000000e+00
-3.974996969456525697e-01
-1.000000000000000000e+00
9.464474212443292345e-01
8.076168999183399588e-01
-2.622992444920270172e-01
4.352818537561862766e-01
-1.000000000000000000e+00
3.369179625172740722e-01
-1.000000000000000000e+00
-6.723354855909861039e-01
9.721466247455604615e-01
7.251301172000410578e-01
1.000000000000000000e+00
-1.000000000000000000e+00
-5.224411011416489892e-01
-9.869947095471922616e-01
1.000000000000000000e+00
-9.544961157552478426e-01
3.235668133977674943e-01
-7.915026488478322797e-01
1.000000000000000000e+00
1.000000000000000000e+00
1.000000000000000000e+00
1.000000000000000000e+00
-1.000000000000000000e+00
1.000000000000000000e+00
5.123032226547568069e-01
-1.000000000000000000e+00
7.376273058650415493e-01
1.288760797818978010e-01
-1.000000000000000000e+00
-1.000000000000000000e+00
6.623447838833282919e-01
-5.709322908541527575e-01
-3.023820268675989631e-01
1.000000000000000000e+00
-6.860136524825793947e-01
1.000000000000000000e+00
-9.775610977537173563e-01
-7.304539933300173704e-01
7.236682392847419987e-01
-6.668488189392585141e-02
-1.000000000000000000e+00
-1.000000000000000000e+00
-8.824699501026462833e-01
-1.000000000000000000e+00
1.000000000000000000e+00
1.000000000000000000e+00
-1.000000000000000000e+00
5.732865551429766615e-01
-7.323926503568716218e-01
-6.622765121224022389e-01
9.833162074199964797e-01
-4.691916350018802140e-01
1.795267813810232926e-01
1.000000000000000000e+00
7.161775600812887443e-01
-3.740497654804652572e-01
1.000000000000000000e+00
1.000000000000000000e+00
8.048445400515322756e-01
4.289419059155871738e-01
-5.990718684665845561e-01
1.000000000000000000e+00
-1.000000000000000000e+00
8.338824462401736026e-01
1.000000000000000000e+00
1.000000000000000000e+00
2.498886921811200867e-01
1.000000000000000000e+00
6.650516888974949969e-01
-3.960080315474127088e-01
-2.810994494422339729e-01
1.000000000000000000e+00
-1.000000000000000000e+00
6.396514637344981047e-01
-1.000000000000000000e+00
1.356994524832433324e-01
-1.000000000000000000e+00
1.000000000000000000e+00
-9.712884424222246738e-01
1.000000000000000000e+00
1.000000000000000000e+00
1.379684855345009176e-02
-1.000000000000000000e+00
6.324274065814373680e-01
1.271618960720796165e-01
-1.000000000000000000e+00
-1.000000000000000000e+00
1.000000000000000000e+00
1.000000000000000000e+00
-1.424797313861140280e-01
1.000000000000000000e+00
5.796653217323758378e-01
-2.074411174394836799e-01
5.792435035608217708e-01
1.789270818501710603e-01
7.079632023834108168e-01
2.070110686999369343e-01
-1.000000000000000000e+00
-1.000000000000000000e+00
3.103494200028480421e-01
8.511462459883092357e-01
-9.427305063348089265e-01
-9.168261317529755594e-01
-1.000000000000000000e+00
-9.886789403000986187e-01
-1.000000000000000000e+00
2.899377075205933352e-03
8.256073791664386707e-02
-1.000000000000000000e+00
1.000000000000000000e+00
6.131997220597982245e-01
4.683048444745445682e-01
-3.711011903288233826e-01
-3.341340208982707116e-01
3.063337280697100429e-01
7.313020625010684395e-01
-1.000000000000000000e+00
-1.000000000000000000e+00
-6.027620078757940369e-01
9.776686158679228633e-01
-4.190408559685901424e-02
2.986924579411085467e-01
-1.000000000000000000e+00
2.093090947606032204e-01
-1.000000000000000000e+00
1.000000000000000000e+00
-2.546772129492702597e-01
1.000000000000000000e+00
1.000000000000000000e+00
1.000000000000000000e+00
4.195924604984406781e-01
-5.928463609958366520e-01
-1.000000000000000000e+00
1.000000000000000000e+00
-7.423528038584786826e-01
-8.793288977255147021e-01
-9.711448781079666803e-01
-5.655493675719558411e-01
1.000000000000000000e+00
1.000000000000000000e+00
-3.121213638632057696e-01
-1.189763229449622983e-01
5.335351664710857866e-01
1.000000000000000000e+00
-4.515893398005945691e-01
-1.000000000000000000e+00
3.418783405956203891e-01
-5.618896881350148309e-01
-1.000000000000000000e+00
6.764936552692055738e-01
2.267234465287127909e-01
2.002349515750448949e-01
-6.007629214054069910e-01
4.352439234584237759e-01
1.000000000000000000e+00
3.804847232467620799e-01
-1.000000000000000000e+00
-5.193180886115932315e-01
-1.000000000000000000e+00
4.087943089174670419e-01
1.000000000000000000e+00
8.526043282213900953e-01
-1.000000000000000000e+00
1.000000000000000000e+00
4.388881323438231785e-01
-3.999195249040363720e-01
