5.733236686780323055e-01
1.000000000000000000e+00
2.698985129518093884e-01
3.896058757778377846e-01
-3.095775132954048381e-01
2.101554285757561980e-01
-1.000000000000000000e+00
4.359463297593889619e-01
-1.000000000000000000e+00
1.000000000000000000e+00
-4.809668324735026923e-01
-2.500376589554131335e-01
2.039279539795006979e-01
-1.460507746014330088e-01
1.000000000000000000e+00
-6.731579619611016696e-03
-1.000000000000000000e+00
-9.458801825874448843e-01
-4.802495362155952963e-01
-1.000000000000000000e+00
2.472945124147083451e-01
9.041143987019872874e-02
1.000000000000000000e+00
-1.000000000000000000e+00
-6.532153630514105913e-01
-1.000000000000000000e+00
1.000000000000000000e+00
3.248284781198016447e-01
4.825579485244879674e-02
3.777267218720887776e-01
-3.669719461335143040e-01
-3.691892932698379592e-01
1.000000000000000000e+00
1.000000000000000000e+00
9.592073010639943220e-01
4.727362754363826358e-01
-1.000000000000000000e+00
-1.000000000000000000e+00
-8.023612082519904209e-01
1.000000000000000000e+00
-2.359982567511372531e-01
1.655912066850779296e-01
3.839460581553229557e-01
1.000000000000000000e+00
-1.000000000000000000e+00
1.000000000000000000e+00
2.084473747085413553e-01
1.000000000000000000e+00
3.457301720567690917e-01
8.374850134622767728e-01
-7.284676029703283096e-01
1.000000000000000000e+00
-9.738312776022337580e-01
-1.084500105891318678e-01
-5.962822920059626108e-01
1.000000000000000000e+00
-1.000000000000000000e+00
-8.532631427729444606e-01
-9.018477768710919662e-01
5.157065220039276365e-01
6.597576753252347714e-01
1.000000000000000000e+00
5.149875084088590960e-01
2.365115462173460747e-01
1.000000000000000000e+00
-1.617431428567736029e-01
6.779664256528541433e-01
-1.000000000000000000e+00
-1.000000000000000000e+00
-1.000000000000000000e+00
1.429324991346808682e-01
-1.894139053451222576e-01
-1.000000000000000000e+00
5.825924878481663072e-01
1.000000000000000000e+00
-1.000000000000000000e+00
2.091698973642766024e-01
-1.000000000000000000e+00
-1.000000000000000000e+00
-2.629712921973954565e-01
-9.528170964448012814e-01
5.496713927818270840e-01
1.000000000000000000e+00
1.431095705259529671e-01
8.633286337204461036e-01
3.339968431212813060e-01
-9.993377672448909843e-01
-8.252367269334359712e-02
-1.917964080146263850e-01
9.918454382334018771e-01
7.901878043079684222e-01
1.000000000000000000e+00
-1.000000000000000000e+00
1.220673947149899519e-01
2.416293798215144173e-01
-1.000000000000000000e+00
1.000000000000000000e+00
-1.000000000000000000e+00
-1.000000000000000000e+00
-8.074938537134364047e-01
1.000000000000000000e+00
1.000000000000000000e+00
-1.728669463238999560e-01
-8.551327243670534539e-01
2.799258758621144261e-01
9.179944725314774789e-01
1.592393835718530770e-02
1.000000000000000000e+00
-8.918501868055077331e-02
1.000000000000000000e+00
-9.573395083799879357e-01
1.000000000000000000e+00
6.294047607397446065e-01
2.705302310950721267e-01
-1.570078587559972372e-01
-1.203993177764555167e-01
1.000000000000000000e+00
1.000000000000000000e+00
6.302192349496826829e-01
6.491134041176080949e-01
-1.000000000000000000e+00
-6.177305628897233891e-01
1.000000000000000000e+00
-3.255199377718795972e-01
-8.769649223737416843e-01
9.882314051942387573e-03
2.619586505224981710e-01
-1.000000000000000000e+00
-1.000000000000000000e+00
-2.399016147090036188e-01
3.048373943026205790e-01
7.072014746979697897e-01
7.798404836066575863e-01
7.003007347224809997e-01
-2.172346132299189936e-01
-5.093804539043047530e-01
1.644476429674431861e-01
5.263976993196937126e-01
1.000000000000000000e+00
-6.137872098302568080e-01
1.000000000000000000e+00
2.179919244584153093e-01
-1.257335571649299544e-01
5.166051711139516556e-01
1.000000000000000000e+00
-5.917049306398289854e-01
-1.000000000000000000e+00
-8.743639518122603427e-01
-7.073156403246956270e-01
-5.541827188108424673e-01
3.423501209934324274e-01
-1.129778406287612613e-01
-5.274219182209670675e-01
5.632310789810400786e-01
4.104583689958143933e-01
-6.229956490641582745e-01
6.363269132290200192e-01
1.000000000000000000e+00
1.000000000000000000e+00
-1.000000000000000000e+00
-8.399859592809308939e-01
8.515933476429025095e-01
7.739564553300892769e-01
-8.840377826459002719e-01
9.387819995438189125e-01
8.634685848572860589e-01
5.744781222621675454e-01
2.842297867516736520e-01
4.659755789774224777e-01
1.000000000000000000e+00
1.000000000000000000e+00
-1.935683731602544366e-02
-1.000000000000000000e+00
-7.407658373606198499e-01
-6.547412728083442657e-01
3.893541729268671370e-01
1.000000000000000000e+00
-1.000000000000000000e+00
-3.011965856594145396e-01
-1.000000000000000000e+00
-1.000000000000000000e+00
-8.078092767893907400e-01
1.000000000000000000e+00
-6.822543094929560681e-01
-4.450603816110749178e-01
3.396694983052321870e-01
-1.000000000000000000e+00
7.193047564667554017e-01
-6.077449685252679368e-01
-3.250602479041730941e-02
1.000000000000000000e+00
1.000000000000000000e+00
1.000000000000000000e+00
1.871520269707507289e-01
-1.000000000000000000e+00
-3.970835283203659749e-01
-2.287852616050369825e-01
-1.000000000000000000e+00
-1.000000000000000000e+00
-1.000000000000000000e+00
-9.813917369263993606e-01
-6.882929605888998825e-01
3.912278280112930773e-01
-1.000000000000000000e+00
-1.000000000000000000e+00
8.985548215006856632e-01
-1.000000000000000000e+00
6.629453381149907898e-02
1.836572219241179305e-01
1.000000000000000000e+00
1.808767829289819051e-01
1.323779469776005246e-01
5.993153553220523788e-01
-9.062514671424880541e-01
-9.427396129918316214e-01
-3.105056605140579240e-01
-2.032276921882322229e-01
4.733834432361820332e-01
-7.828353329655440840e-01
1.000000000000000000e+00
-2.518467454875547573e-01
-1.000000000000000000e+00
7.537444811678025713e-01
1.000000000000000000e+00
1.000000000000000000e+00
-3.690335283709229586e-01
4.633349530919060322e-01
4.866876294715016815e-02
-1.000000000000000000e+00
-2.935400956780274129e-01
-7.317501597716185024e-01
-7.626880836169847022e-01
-4.816014597495863470e-01
-1.736802164908188284e-01
9.357822120797631982e-01
3.351300472599885172e-01
-5.224159305612874338e-01
2.610113518530707277e-01
4.920449901601008369e-01
-1.000000000000000000e+00
-9.471747531938241593e-01
6.860687177887385690e-01
-2.144774448124935340e-01
1.000000000000000000e+00
-5.326481811702671321e-01
-1.000000000000000000e+00
1.000000000000000000e+00
8.144287159015108912e-01
1.911810492004852868e-01
-3.853429717121823472e-01
1.000000000000000000e+00
1.430708469394519899e-01
-4.495802012502463363e-01
3.721338600444464850e-01
-9.121774554475559071e-01
9.661907012987663856e-01
4.151670933615878578e-01
-5.382892025022832927e-01
-4.552877308215215191e-01
5.637311886967861785e-01
1.000000000000000000e+00
-1.000000000000000000e+00
-1.000000000000000000e+00
4.670202299120723155e-01
-1.000000000000000000e+00
