-4.004217490956185621e-02
-5.513803484611865535e-01
2.099610797252433603e-01
5.723907979826494685e-01
-4.049842360468518532e-01
8.461892170261033908e-01
7.784958619508963729e-01
-8.993234158403604628e-01
3.706516197987175243e-01
-3.184802517346025930e-01
-4.379685222029416902e-01
-1.126361668086108825e-01
-3.087639480819075466e-01
-2.990689638128884997e-01
-7.187831797347186136e-01
9.240591145124223971e-01
-5.236087598122800557e-01
8.119812876765588605e-01
9.991069795183722402e-01
1.789063173689189323e-01
-5.340319420672310358e-01
4.650878698137195233e-01
7.498573057328923319e-01
-5.505897161187385258e-01
-8.573239114546722384e-01
7.422058662406729734e-01
-8.084042345354096604e-01
5.344325031486032440e-01
-4.430299691313752675e-01
-4.896062468427644365e-01
-5.071462305346046140e-01
-5.426107634426180493e-01
-7.424334672576862193e-01
8.771879290763144876e-01
4.663290246411779805e-01
7.376381448305546762e-01
-7.493589892675429631e-01
-8.974668767762092880e-01
-3.778982692104455587e-01
9.814438313449251883e-01
-4.796831060919080070e-01
6.977190066947351887e-01
-3.322903472921987511e-01
-3.516893018717188735e-01
-2.299629578929112128e-01
-2.772354263237162275e-01
1.788627926485883979e-01
-4.375877381080173212e-01
-5.866138869466075434e-01
-7.982767246588131638e-01
3.286302873060811258e-01
-8.216144877666717861e-01
-2.116961468597919893e-01
3.717367039087891012e-01
6.905739224241065344e-01
-9.029636422648712468e-02
7.239474478858534123e-01
-6.197613580915886100e-01
4.779415774698749786e-01
-9.443320707566424943e-01
-2.743672796421725568e-01
-8.371130382821236893e-01
-5.638898985636722205e-01
-1.320464579968172458e-01
7.608411643968260307e-01
-8.068111858816893189e-01
2.178429765773404192e-01
6.804926270485396333e-01
-9.938597563892197506e-01
9.941856992584054975e-01
2.880392431964549083e-01
6.242844238860167927e-02
-3.372720638506900848e-01
-5.045131147353194567e-01
7.198239193451105855e-02
7.258595572290877929e-01
3.916391734399065072e-01
2.010199660958815748e-01
-7.413239883413345055e-01
-6.885513138994447946e-01
-8.200463714382946190e-01
-3.977919053098972757e-01
-9.587897868535151247e-01
8.786357735550369696e-01
-4.476158167687049882e-02
-1.910863520134931104e-01
-4.819395584631596119e-01
6.598014038810766646e-01
8.589583433286316350e-01
-9.060307541558747513e-01
7.131653797851384979e-01
-9.866812422409119154e-01
-9.269637629582951899e-01
2.778496980843883080e-01
1.313048138553258859e-01
3.716850010119545633e-01
-4.615578028655258347e-01
5.239103676152390143e-02
2.913886389090882822e-01
3.315135027450901717e-01
-4.448376658395534200e-01
4.294736651284893902e-01
6.627766937836079286e-01
7.715966848568458492e-01
5.877825086127670406e-01
5.593488106410293703e-01
2.578078424521081935e-01
8.195292638471327606e-01
-7.333881679953080379e-02
7.578156848584722827e-01
6.740074858097422350e-01
-1.702689330282893820e-01
-3.592369829080439558e-01
-2.365186476937477522e-01
-1.781745172860040860e-01
-7.640316867293759362e-01
3.116715410202932635e-01
7.745106944593829201e-01
1.730183215275107322e-01
-8.762493469949528269e-01
1.124229858469021348e-01
8.595949251138050862e-01
-7.520159532425187976e-01
2.910151585566977950e-02
8.529073584431674515e-01
-2.410639749387915032e-01
-4.250935527353456589e-01
-4.697094850599636828e-01
7.704728044282691535e-01
-7.958812640495138702e-02
3.124039918065313337e-01
-1.941100132875670514e-01
6.057054279678470987e-01
-6.824103827578056336e-01
6.650093630327114091e-01
1.604573453239881431e-01
1.910023775069049634e-01
8.574964242150495686e-02
3.969298961824909711e-01
3.765037550633214547e-01
1.400573549568313592e-01
-8.931124852136802517e-01
6.705109590078148774e-01
6.135935551877116367e-01
-2.900136774062340717e-01
4.911181177418861843e-01
8.621615497577794773e-01
-9.200189013610244881e-01
-3.324091901606920363e-01
-1.875558975447095822e-01
1.944987328381031499e-01
-5.107083680794597402e-01
9.715249295955183939e-01
5.605834564442191414e-02
9.973232380414873699e-01
4.053288562018944052e-01
-9.335992532079602224e-01
-4.784895048417183716e-01
3.877779513722861005e-01
-6.325356279252345448e-01
-4.214310540489705215e-01
-2.769337472853998783e-01
-7.396707753824092180e-01
6.413657160288628312e-01
-1.202890075315845575e-01
5.505752887336741175e-01
-4.798655139730432229e-01
7.058196088589521189e-01
7.326738278265898519e-01
-4.566833225844963984e-01
1.886840879270303972e-01
-3.501315061188725597e-01
4.093157146074095643e-01
-5.618163398844320255e-01
-2.086788233768408496e-01
1.518390139438594577e-01
3.379866335889269990e-01
-4.368879827501384039e-01
4.795224194574105869e-01
-7.588283479805113529e-01
2.890275334634666571e-01
6.742934191992671078e-01
9.180463833201004675e-01
-7.442336251305978756e-01
-3.436822138999560128e-01
3.370697355628207159e-01
5.788890416129766070e-01
-3.896304515527138079e-02
-1.455376770226557426e-03
3.227784099372787985e-02
5.494993243211483414e-01
7.337188154344964630e-02
5.752033523632240630e-01
-9.689363578126881649e-01
-5.004823136679585893e-01
-4.613644412737476497e-01
7.367022739107405016e-01
5.723658467385623894e-01
-8.647532051275621523e-01
-3.498185343751458731e-02
1.744726337461854904e-01
-8.843903437722573369e-01
-7.225249778500282272e-01
1.546990993459746999e-01
1.181129684643444921e-01
-4.408437717495194974e-01
5.816389009017319811e-01
5.693984476266571448e-01
9.200766613501554225e-02
-1.032634352271009082e-01
-9.396064868407465465e-01
4.145835469277070473e-01
2.067014487162184277e-01
6.765920059629360050e-01
-2.240361487075819280e-01
5.800738572235286661e-01
6.583878231975472950e-01
-3.407360834701769203e-01
4.488617289644618591e-01
7.942888821122446874e-01
-9.773437238728959198e-01
-8.203696047385597989e-01
5.872549318411695030e-01
-8.191540071327290118e-01
2.843725867479298675e-01
4.064487258874809328e-01
7.225639129113803349e-01
7.747303842081887382e-03
-3.376202837500055232e-01
-7.650243178815923084e-01
4.729856214281837890e-01
-1.018356697467286409e-01
6.254118198177249788e-01
7.363142382049527868e-01
-3.186617312080355369e-01
5.993070653295951011e-01
-8.628568674581655884e-01
5.712925116392568725e-01
-3.770384893454690189e-01
4.362881109334852958e-01
-1.387609012814565723e-01
-2.704294708729244601e-01
4.102948486100606029e-01
3.730140472194007906e-01
4.874140584782375996e-01
-6.444488044422769235e-01
-3.520690076358281573e-01
-6.073025935993596747e-01
1.514713539997860625e-01
-1.941949219478451560e-01
3.802952492816542573e-01
6.654152674452411542e-01
6.794161126725772881e-02
5.459104759965021092e-01
-9.185259086254167205e-01
-4.451579873107640584e-01
-8.997865363301380537e-01
-5.154266793870623253e-01
3.356020816363363135e-01
6.006286827583395826e-02
8.215710874255457430e-01
5.472386315761961217e-01
1.473057094127663280e-01
9.386429946986509787e-01
2.248669766529227676e-01
