1.000000000000000000e+00
1.000000000000000000e+00
1.000000000000000000e+00
8.293940955357816947e-01
1.000000000000000000e+00
-4.008524573399291357e-01
4.767022182279810338e-01
7.279246055442900598e-01
1.000000000000000000e+00
1.000000000000000000e+00
6.191286125401179730e-01
-1.000000000000000000e+00
7.764287907083429197e-01
-2.957686693930616784e-02
1.000000000000000000e+00
-3.997988826161226195e-01
5.219017165679677994e-01
8.299185797405550513e-01
-2.919742943746812536e-01
1.000000000000000000e+00
-1.000000000000000000e+00
1.000000000000000000e+00
4.054272134175935238e-01
-1.000000000000000000e+00
9.547547053357597902e-01
4.122244062609672910e-01
5.400252448571200015e-01
4.682957611388050001e-01
9.261836752280505625e-02
1.000000000000000000e+00
8.016959656983319027e-03
-2.545014019350975154e-01
-1.000000000000000000e+00
1.000000000000000000e+00
1.000000000000000000e+00
9.380949825652199481e-01
9.155211766233340986e-01
-1.000000000000000000e+00
1.000000000000000000e+00
1.000000000000000000e+00
1.500811715064546137e-01
9.508230757082006823e-01
1.000000000000000000e+00
1.000000000000000000e+00
-1.000000000000000000e+00
4.296752358479664635e-01
1.000000000000000000e+00
1.000000000000000000e+00
-2.036249749080959182e-01
-7.284789782645172407e-01
7.025396200339610875e-01
2.939913378835362634e-01
4.699778740504402252e-01
2.314809168307326859e-01
-1.000000000000000000e+00
-3.696114070216790504e-01
-2.862180615411831219e-01
1.000000000000000000e+00
-1.000000000000000000e+00
2.607683668625886408e-01
1.000000000000000000e+00
1.000000000000000000e+00
-9.075514225045838712e-01
2.036966455294579870e-01
5.669563911845260096e-01
1.000000000000000000e+00
-5.258478685335283842e-01
-3.343580592312542232e-01
7.427089178925333490e-02
1.000000000000000000e+00
-1.000000000000000000e+00
-1.000000000000000000e+00
1.000000000000000000e+00
6.699996436528805610e-01
-1.000000000000000000e+00
-1.000000000000000000e+00
3.976676177410454205e-01
1.000000000000000000e+00
-1.000000000000000000e+00
-1.000000000000000000e+00
6.596224358547065902e-01
-1.000000000000000000e+00
1.000000000000000000e+00
-1.000000000000000000e+00
1.000000000000000000e+00
3.807576270973176968e-01
-1.000000000000000000e+00
3.672378066486345349e-01
-7.656913350192842138e-01
1.000000000000000000e+00
1.000000000000000000e+00
5.014261316429639015e-01
1.000000000000000000e+00
-3.774440771176902354e-01
1.000000000000000000e+00
-4.941708969718574540e-01
1.000000000000000000e+00
-1.000000000000000000e+00
1.000000000000000000e+00
1.000000000000000000e+00
2.593788563201928632e-01
7.603694712903591446e-01
-1.000000000000000000e+00
-8.707845580607291858e-01
4.083220874952812052e-01
4.872583465945470316e-01
-1.000000000000000000e+00
-1.000000000000000000e+00
-1.000000000000000000e+00
-2.481496724148757327e-02
-1.000000000000000000e+00
-1.000000000000000000e+00
-7.596477050054922797e-01
8.348174469295364108e-01
7.574903233229296484e-01
-1.000000000000000000e+00
-1.000000000000000000e+00
3.177608512989706924e-01
8.017582630917685638e-02
-4.916267854415474758e-01
7.312766057405384323e-03
-2.266712777626515019e-01
-1.000000000000000000e+00
-1.000000000000000000e+00
5.417862011088211416e-01
9.999253185497756213e-01
1.000000000000000000e+00
1.000000000000000000e+00
4.485521413230891818e-01
1.000000000000000000e+00
8.876482263474394507e-01
-1.000000000000000000e+00
-7.693305878271925469e-01
1.000000000000000000e+00
9.850223530581359022e-01
1.000000000000000000e+00
-1.000000000000000000e+00
-3.001580492214028784e-02
1.000000000000000000e+00
1.000000000000000000e+00
-1.000000000000000000e+00
1.381635156696661704e-01
1.000000000000000000e+00
1.000000000000000000e+00
7.286740939981841692e-01
-9.867567023967382944e-01
-1.000000000000000000e+00
-1.000000000000000000e+00
5.451848981004439043e-01
-1.000000000000000000e+00
-6.674942750667776092e-01
8.752967846272048380e-01
-2.901793247109001328e-01
-4.548113522182957169e-01
1.000000000000000000e+00
-1.000000000000000000e+00
-1.000000000000000000e+00
-8.733018054867359714e-01
2.127344791870219853e-02
-1.000000000000000000e+00
1.000000000000000000e+00
-8.578946146907509007e-01
1.000000000000000000e+00
9.473758096662486805e-01
1.545114179897054130e-01
-2.465249569528875084e-01
2.855297795291161789e-01
-1.000000000000000000e+00
-1.000000000000000000e+00
-7.048368541677778598e-01
-1.000000000000000000e+00
1.000000000000000000e+00
1.629037881911897800e-01
3.265538017537834570e-01
5.589898107067354793e-01
1.000000000000000000e+00
-1.000000000000000000e+00
3.564702060574108655e-01
-1.428155073948325637e-01
-2.368439412679420597e-01
-1.000000000000000000e+00
-1.000000000000000000e+00
-1.000000000000000000e+00
-9.745056639273329546e-01
1.000000000000000000e+00
-1.000000000000000000e+00
-1.000000000000000000e+00
-1.000000000000000000e+00
-1.000000000000000000e+00
4.263558950202259723e-01
-1.000000000000000000e+00
-8.941127065716161226e-01
1.292544891973268495e-01
-1.000000000000000000e+00
1.000000000000000000e+00
-1.000000000000000000e+00
-1.000000000000000000e+00
-6.557236370405159498e-01
-5.374446551444885811e-01
9.361957332294956746e-01
-1.000000000000000000e+00
8.970315633374426056e-01
-1.000000000000000000e+00
-1.000000000000000000e+00
-1.000000000000000000e+00
-3.734974766909210930e-01
1.559244933586175219e-01
-1.000000000000000000e+00
-2.083492006823466636e-01
1.000000000000000000e+00
-1.000000000000000000e+00
5.366361259488470203e-01
1.000000000000000000e+00
-9.658952192301085704e-01
7.774899197743440071e-01
-6.920211293949913856e-01
-5.535321459577906555e-01
-1.000000000000000000e+00
1.525268193122625293e-02
7.791736869416276967e-01
4.250796440154034350e-01
-6.743457985022731638e-01
-1.000000000000000000e+00
-1.000000000000000000e+00
-1.000000000000000000e+00
-1.000000000000000000e+00
1.210106239351480539e-01
5.316699988500932506e-01
1.000000000000000000e+00
-3.334387167744841118e-01
-5.463542820147505585e-01
1.000000000000000000e+00
8.925909794095774341e-01
1.000000000000000000e+00
-5.069260599838176784e-02
-1.000000000000000000e+00
-8.761731598854085590e-01
1.000000000000000000e+00
1.000000000000000000e+00
-2.199707292002445191e-02
-4.934437505039309668e-01
1.000000000000000000e+00
1.000000000000000000e+00
1.000000000000000000e+00
-3.836262488075136701e-01
-1.000000000000000000e+00
-4.565731963625153655e-01
6.408606948324232500e-01
-8.867266292735471733e-01
-2.193801120420501016e-01
-4.707657959850247709e-01
4.001466886068765216e-01
4.820817791158948928e-01
-3.894303681390909322e-01
8.493170369251235030e-03
-1.000000000000000000e+00
1.000000000000000000e+00
3.453339727360149602e-01
9.278982738631036398e-02
1.000000000000000000e+00
-4.783739830578232488e-01
-1.000000000000000000e+00
-1.000000000000000000e+00
1.000000000000000000e+00
3.745906981257074442e-02
