1.000000000000000000e+00
6.903901286857470065e-01
1.000000000000000000e+00
-1.000000000000000000e+00
-9.581442790772438656e-01
-6.654070384279241468e-01
6.918848303770614994e-01
-5.217068384350065369e-01
1.000000000000000000e+00
3.457837510743455578e-02
1.000000000000000000e+00
-1.000000000000000000e+00
-1.000000000000000000e+00
1.000000000000000000e+00
-9.830335134360830285e-01
2.609762034108324968e-01
-1.000000000000000000e+00
8.526380393803262292e-01
1.000000000000000000e+00
-1.000000000000000000e+00
9.175964472860902443e-01
9.336020203285142482e-01
-1.000000000000000000e+00
9.650185554296562829e-02
3.763259161389749252e-01
1.000000000000000000e+00
-1.000000000000000000e+00
1.000000000000000000e+00
1.501987121922447321e-01
2.862296064609914925e-01
-9.743916874218163660e-01
-1.000000000000000000e+00
8.324904902744846291e-01
1.000000000000000000e+00
3.671046773990561118e-01
-6.171220934705172745e-01
-9.158902149250502944e-02
-1.000000000000000000e+00
-5.127682483297024696e-02
-1.000000000000000000e+00
-7.506252179222717702e-01
-1.000000000000000000e+00
1.000000000000000000e+00
-2.956025380290921989e-01
-1.000000000000000000e+00
-1.000000000000000000e+00
9.824154012822351456e-01
1.000000000000000000e+00
-1.000000000000000000e+00
1.000000000000000000e+00
1.733219948499666874e-01
-7.827274038450391380e-01
1.000000000000000000e+00
1.000000000000000000e+00
3.480270192233549942e-01
1.558313846351444543e-01
7.455525573633258185e-01
2.717639289939650649e-01
4.186153513074754029e-01
-9.597958197526694768e-01
-7.747900084234241591e-01
1.000000000000000000e+00
-8.289454648699258188e-01
3.271999531462856936e-01
-7.284286478382426822e-01
-5.564192292629969172e-01
2.042027787860458687e-01
5.176165968867029177e-01
-8.625086018375975883e-01
2.487300500370676071e-02
-8.536658464754742770e-02
1.000000000000000000e+00
-1.000000000000000000e+00
-4.378498431779175304e-01
-4.753403529271273964e-01
1.000000000000000000e+00
1.000000000000000000e+00
-1.000000000000000000e+00
2.264210556087038473e-01
7.665089224087081599e-01
-1.000000000000000000e+00
-5.800225202489366350e-01
-2.855227271005911227e-01
1.410425673271892277e-01
6.508453723202612951e-01
-9.600564833576099577e-01
-1.000000000000000000e+00
-1.739085390844110623e-01
-4.495214826417177623e-01
9.178864885136561735e-01
4.101055245671403893e-01
1.000000000000000000e+00
-2.302461943360440966e-01
-3.653228378326935921e-01
4.671403472775671473e-01
1.000000000000000000e+00
1.000000000000000000e+00
-1.000000000000000000e+00
1.000000000000000000e+00
-4.757193123193448336e-02
-7.858573156082220290e-01
1.555327358212900690e-01
1.000000000000000000e+00
-2.190092039720071826e-01
-1.000000000000000000e+00
-1.000000000000000000e+00
-1.000000000000000000e+00
1.000000000000000000e+00
-5.021072051799146951e-01
1.000000000000000000e+00
1.000000000000000000e+00
1.000000000000000000e+00
-3.873719451550498016e-01
-2.612479483122582824e-01
-6.119599589205899637e-01
-9.330402146069374236e-01
-1.000000000000000000e+00
5.698977594842169481e-02
-6.986247916629018118e-01
8.863396420756627925e-02
5.324624048746556815e-01
1.000000000000000000e+00
6.865499141250176462e-01
-1.000000000000000000e+00
3.110033855145017956e-01
-2.305121477337166436e-01
9.037090545139814246e-01
-1.000000000000000000e+00
-2.882018285144362091e-01
7.042439082665207239e-01
-1.000000000000000000e+00
1.000000000000000000e+00
-1.000000000000000000e+00
1.000000000000000000e+00
-6.664418115127577202e-01
9.244621498147087557e-03
-5.478781648318629127e-01
-1.000000000000000000e+00
-7.304142615467248412e-01
-1.000000000000000000e+00
6.112716924488369452e-01
-1.000000000000000000e+00
1.000000000000000000e+00
6.216350908991653545e-01
3.436757982416905888e-01
-1.579219498055652315e-01
-7.683495187822897421e-01
-1.000000000000000000e+00
-1.000000000000000000e+00
6.217995220623819819e-01
1.000000000000000000e+00
-6.820930224770560546e-01
-1.000000000000000000e+00
2.008268564007643087e-01
-4.610051070749208724e-01
-7.030202936796295932e-01
-1.000000000000000000e+00
9.048092088789114751e-01
-6.797964543603056686e-01
-3.812925806887836888e-01
2.101437003072245679e-01
8.261211034136379805e-01
1.000000000000000000e+00
1.000000000000000000e+00
1.000000000000000000e+00
6.170957370907479422e-01
6.119219252362945172e-01
-3.122531834926167704e-02
1.000000000000000000e+00
-1.000000000000000000e+00
1.000000000000000000e+00
-3.320358234124548558e-01
-1.000000000000000000e+00
1.000000000000000000e+00
-1.000000000000000000e+00
-6.289462056854346894e-01
-1.000000000000000000e+00
1.000000000000000000e+00
-4.020806657307876009e-01
4.557749010505320331e-01
-4.314890028362071694e-01
2.955833918270409644e-01
4.412639606873313691e-01
1.000000000000000000e+00
-1.000000000000000000e+00
-8.512692526963586692e-01
-6.489279143806367944e-01
-1.000000000000000000e+00
-1.000000000000000000e+00
-9.296348256983273384e-01
-8.615686566297211524e-01
3.944827544253132201e-01
1.000000000000000000e+00
1.000000000000000000e+00
6.277790106591283337e-01
-1.000000000000000000e+00
1.135562515803383299e-01
1.251755156202091213e-01
1.000000000000000000e+00
1.000000000000000000e+00
1.947123532377403876e-02
1.243262118473382749e-01
-2.913419973187518774e-01
4.826011510447311137e-01
1.000000000000000000e+00
-6.164351295821002275e-01
2.183489937040229700e-01
7.629383396273761164e-01
1.000000000000000000e+00
1.254643629453455755e-01
-6.964122036965192386e-01
-8.715670411433846798e-01
1.000000000000000000e+00
1.000000000000000000e+00
-6.153602953159159616e-01
-1.000000000000000000e+00
-3.665378716278759330e-01
-7.983432425223231377e-01
1.105036066116171778e-03
5.810610893552021761e-01
9.990290001420216726e-01
-1.000000000000000000e+00
-1.000000000000000000e+00
1.000000000000000000e+00
-1.000000000000000000e+00
-1.000000000000000000e+00
-3.588967185063379750e-01
-2.912688259116152922e-01
9.530031385189794424e-01
-4.005922356989547461e-01
-2.665035857305917411e-01
8.809892311343826554e-01
1.000000000000000000e+00
1.000000000000000000e+00
-1.416557315286789409e-01
-1.000000000000000000e+00
-1.000000000000000000e+00
-1.000000000000000000e+00
-2.185603302698514994e-01
-7.513365702800329782e-01
-1.000000000000000000e+00
-1.000000000000000000e+00
9.799934226440142337e-01
-7.222558490587138724e-01
6.106426015660155748e-01
-7.345938528425002279e-01
-3.741913146812158031e-01
-4.677956952282681380e-01
-8.572329335509033532e-01
1.000000000000000000e+00
1.000000000000000000e+00
1.558061915305464229e-01
1.000000000000000000e+00
2.578602938810495848e-01
7.420481648799212016e-01
-9.616170546505171668e-01
6.513509232083438683e-01
9.476188359954632601e-01
-1.858704421334649304e-01
-3.144331023435426586e-01
-9.520529211778976375e-01
-2.142744568820229012e-01
-1.027568543991319583e-01
2.479949448910583332e-01
-2.635394899566660953e-01
