-1.000000000000000000e+00
-8.869390998917411340e-01
-3.572079398086359658e-01
-1.000000000000000000e+00
-7.331278960772438236e-01
-7.336198910502005344e-01
1.000000000000000000e+00
-1.000000000000000000e+00
1.000000000000000000e+00
3.625708181527865781e-01
-8.419705902104377415e-01
-6.874811896254396926e-01
2.307600014009951739e-01
2.411590738518447630e-01
-1.000000000000000000e+00
-1.000000000000000000e+00
-1.346952774609754266e-01
-1.000000000000000000e+00
1.317959039061394888e-01
1.000000000000000000e+00
-9.517427621920933056e-01
8.890340075728313529e-01
-5.194074838156446106e-01
4.667322215060860646e-01
-1.000000000000000000e+00
5.930221915058542237e-03
7.193048028492365908e-01
1.000000000000000000e+00
1.817818674021132175e-01
5.715788384588572635e-01
-2.273927270114598498e-01
-1.000000000000000000e+00
-1.000000000000000000e+00
1.000000000000000000e+00
1.000000000000000000e+00
-8.124337443338069953e-03
-9.272414857056889836e-01
-1.000000000000000000e+00
-1.000000000000000000e+00
1.000000000000000000e+00
-1.000000000000000000e+00
-8.292020384568898894e-01
-5.801629428794337073e-01
5.646982408773051354e-01
-1.000000000000000000e+00
-1.000000000000000000e+00
-1.010282742001143985e-01
-2.283718200888833483e-01
3.193044982866899417e-01
9.029099740876582736e-01
-5.518167808951597308e-01
1.000000000000000000e+00
-3.554080369146068730e-01
-9.634105713916946145e-01
7.255538912685777220e-01
-9.356017240081979103e-02
1.000000000000000000e+00
2.088363706673030951e-01
1.000000000000000000e+00
-8.059620500731070614e-01
1.000000000000000000e+00
-1.000000000000000000e+00
7.457954296292155227e-01
-1.000000000000000000e+00
3.324640436475314598e-01
1.000000000000000000e+00
-5.549659777131920047e-01
-8.483617242125346403e-01
1.000000000000000000e+00
-1.000000000000000000e+00
7.443041861482251054e-02
2.229188356676315985e-01
9.446663168853823844e-01
-8.644168675049778150e-01
1.000000000000000000e+00
4.623211759598766513e-02
5.319399807399858293e-01
-5.200669818832743818e-01
1.000000000000000000e+00
-1.000000000000000000e+00
-1.824547709648083327e-02
3.222275363279073490e-01
1.000000000000000000e+00
-9.485919652326120222e-01
1.668581525181724867e-01
-1.000000000000000000e+00
-2.335199229726322434e-01
1.000000000000000000e+00
8.050891883920390235e-01
2.198108327111064630e-01
-5.940359191830217878e-01
-1.000000000000000000e+00
-1.000000000000000000e+00
1.000000000000000000e+00
7.127231869000176523e-02
-1.000000000000000000e+00
-3.631456543094626621e-01
-1.000000000000000000e+00
-1.000000000000000000e+00
-1.640501763794635082e-01
4.338966519341931338e-01
-1.000000000000000000e+00
1.000000000000000000e+00
-5.025336480289188668e-01
-7.343112569649408172e-01
-3.136981115853251789e-01
3.038250821841912419e-01
4.716867155268552603e-01
-3.062624792803333440e-01
-3.586610984345460773e-01
-3.074631354002913541e-01
-9.556120478042418043e-02
1.000000000000000000e+00
-7.900586996327646494e-01
-7.702673037260650002e-01
1.439458601245098279e-01
-4.304978852849399296e-01
1.017292116907377864e-01
2.635414535931321911e-01
1.000000000000000000e+00
-5.414411502722205061e-03
-1.000000000000000000e+00
-1.740670338199092892e-01
-1.000000000000000000e+00
1.000000000000000000e+00
-3.950877911536440079e-01
1.000000000000000000e+00
5.088010217106562205e-01
-8.832112418520713382e-01
2.781623235821100160e-01
1.000000000000000000e+00
-3.807575575230094378e-01
-1.000000000000000000e+00
-3.732919197069117789e-01
1.000000000000000000e+00
-1.000000000000000000e+00
-1.174806585580201457e-01
6.401872047581216307e-01
-1.000000000000000000e+00
1.153552534820128095e-01
-3.424003112380916702e-01
2.180505995950760001e-01
1.000000000000000000e+00
-1.000000000000000000e+00
-6.568099232947877120e-01
-4.111022215656425782e-01
2.645488201956288643e-01
-5.325795360036378323e-01
1.000000000000000000e+00
8.935682677822798237e-01
-1.945711993391264771e-01
9.734000235023205772e-01
3.169905131202770954e-01
5.804179003384062341e-01
-2.382116856543057271e-01
-1.374044061398281003e-01
-1.000000000000000000e+00
1.000000000000000000e+00
4.971072159286523684e-01
5.188413563901241865e-01
1.000000000000000000e+00
7.309748599872711861e-01
-1.000000000000000000e+00
3.965854070402344278e-01
-1.000000000000000000e+00
-1.014949371523395927e-01
-1.131577621195714034e-01
-7.510267928220172307e-01
1.000000000000000000e+00
-9.067591296291749314e-01
4.998953386770432772e-02
-1.000000000000000000e+00
3.443059684529616860e-01
-4.194449194666050040e-01
6.580732647297542481e-01
-4.145522894643816070e-01
2.441205966210731049e-01
-7.070777049549935578e-01
1.000000000000000000e+00
5.257621540985822906e-01
-7.498557104944756357e-01
-3.883372838467666344e-01
-9.774249683493020369e-01
-4.643212916123042877e-01
5.607724332236641018e-01
-4.231727952479318322e-01
-8.693500730135099719e-01
-1.000000000000000000e+00
1.000000000000000000e+00
-3.739587464768224789e-01
5.117270746760353983e-01
-6.718324282181464824e-02
-3.929537381473304225e-01
-4.320690163363930525e-01
4.710984974867709063e-01
-9.104748463061155261e-01
3.060401018561428321e-01
1.000000000000000000e+00
8.878093622090360570e-02
-2.298503181606201817e-01
-1.000000000000000000e+00
-1.000000000000000000e+00
-7.367533503990908450e-02
-5.348938485585985614e-01
2.803496840152117642e-01
1.000000000000000000e+00
1.703622189878867266e-01
4.374452241922783813e-01
-2.339733096460154260e-01
8.134323450588325510e-01
-1.000000000000000000e+00
-3.879854050230173712e-01
2.604333474799250259e-01
-1.000000000000000000e+00
9.772873540168769413e-02
1.000000000000000000e+00
-1.000000000000000000e+00
1.000000000000000000e+00
-1.124342406036765718e-01
-1.000000000000000000e+00
1.000000000000000000e+00
5.152330591105067636e-01
-3.251060110072743203e-01
1.000000000000000000e+00
-1.000000000000000000e+00
-1.000000000000000000e+00
-1.000000000000000000e+00
-6.691849250080441625e-01
-6.087068542379977520e-01
2.372537616358814105e-01
-1.000000000000000000e+00
1.000000000000000000e+00
8.705674065365968106e-01
2.714203656196987335e-01
-1.000000000000000000e+00
4.244303352844900346e-01
-9.495195458441726410e-01
1.000000000000000000e+00
1.000000000000000000e+00
9.806891848701835279e-01
4.578780927535398559e-01
7.644862051249747825e-01
7.348321492530661692e-01
-2.597657892266842516e-01
3.903747135478133901e-01
4.402284487807216484e-01
-1.000000000000000000e+00
-2.096608665348204115e-01
-3.115078302683585987e-01
6.245076231298831715e-01
-5.504632929231517702e-01
-6.423289367700879549e-01
5.492977932393720009e-01
-7.070566813792894534e-01
1.000000000000000000e+00
-1.607967195158936935e-01
3.860884857435830098e-01
2.895782642474833413e-01
1.000000000000000000e+00
-1.000000000000000000e+00
-1.000000000000000000e+00
-4.399088218722921884e-01
3.037885812141383202e-02
4.876514290186058087e-01
-2.898752510606150690e-01
