-7.128472106584875512e-01
5.666074573779058543e-01
-1.000000000000000000e+00
1.000000000000000000e+00
-1.000000000000000000e+00
1.171469328165270773e-01
6.133163039988465126e-01
-1.000000000000000000e+00
3.968457788458068514e-01
5.342779935610475484e-02
-1.000000000000000000e+00
6.799072494501705588e-01
1.000000000000000000e+00
6.873167626403375863e-02
-1.000000000000000000e+00
1.000000000000000000e+00
-1.000000000000000000e+00
-1.130440916912189842e-02
1.138172377256486678e-01
2.322671016668531596e-01
4.089026022296954332e-02
-1.000000000000000000e+00
-8.709886819840428895e-01
6.497527008541155169e-01
1.000000000000000000e+00
1.000000000000000000e+00
-8.556608561461762630e-01
-1.000000000000000000e+00
1.753296790080611511e-01
-1.000000000000000000e+00
1.000000000000000000e+00
-3.720960379913598737e-01
-1.000000000000000000e+00
9.261217671925278672e-02
-2.561984534071771735e-01
-9.744607343405161659e-01
7.115558336751945934e-01
1.000000000000000000e+00
1.000000000000000000e+00
5.524519065200050871e-02
-1.000000000000000000e+00
-4.181608807797435601e-01
-8.930332661654508675e-01
-5.989519110520339362e-01
-1.000000000000000000e+00
-1.000000000000000000e+00
1.000000000000000000e+00
-8.536796896843746874e-01
2.201097854923285135e-01
1.000000000000000000e+00
-7.647992671426930844e-01
-1.000000000000000000e+00
9.828704639583585312e-02
4.269609914592971678e-01
3.075854688661300296e-01
-4.129158632689007291e-01
1.000000000000000000e+00
1.000000000000000000e+00
-6.743248436544337920e-01
1.000000000000000000e+00
8.700927633092669922e-01
-3.020017406209528632e-01
-1.000000000000000000e+00
-1.000000000000000000e+00
3.364586816451063944e-01
8.906488438662093499e-01
-1.000000000000000000e+00
-1.000000000000000000e+00
8.204692695500659383e-01
-1.000000000000000000e+00
3.436165611411914345e-01
1.000000000000000000e+00
-4.525525298211234837e-01
-1.000000000000000000e+00
-1.000000000000000000e+00
8.458118532135304735e-01
2.604576612974189853e-01
-1.000000000000000000e+00
1.000000000000000000e+00
-1.581598479096379961e-02
-4.768609273179280628e-01
6.145020757181731685e-01
-6.740107295988726488e-01
-1.000000000000000000e+00
3.440221222875815554e-01
1.000000000000000000e+00
-1.686829307656266819e-01
-2.472524973227057110e-01
1.000000000000000000e+00
4.114349552079198391e-01
-1.000000000000000000e+00
2.962185320577617187e-01
1.000000000000000000e+00
-1.000000000000000000e+00
-1.771859841308093264e-01
-6.675360928468971888e-01
-5.177514535686058572e-01
5.400719635235402549e-01
-1.503766354165416153e-01
1.000000000000000000e+00
-1.898097138572043541e-01
6.146928529145370135e-01
-1.000000000000000000e+00
4.918441654226424209e-02
1.000000000000000000e+00
-2.907688691497702926e-01
-6.038992270387096850e-01
5.599135163651447478e-01
4.595083683627927407e-01
-1.000000000000000000e+00
-7.355147602465352819e-01
2.264320136565207142e-01
-1.937138758939327410e-02
-1.000000000000000000e+00
4.692395207263642121e-01
3.031324781064478335e-01
-3.333505627438321239e-01
-6.932931923864211754e-01
-1.000000000000000000e+00
1.000000000000000000e+00
1.000000000000000000e+00
1.000000000000000000e+00
5.240516346354451294e-02
9.708253200316330211e-01
1.000000000000000000e+00
-1.000000000000000000e+00
1.711161592544638288e-01
1.000000000000000000e+00
1.000000000000000000e+00
-1.000000000000000000e+00
-4.558832400551309783e-01
3.596743238458131042e-01
5.181420421474408622e-01
1.460896174608879994e-01
1.000000000000000000e+00
-4.936604995463647061e-01
-1.000000000000000000e+00
8.024763921836429725e-01
-3.705746099281582301e-03
-1.000000000000000000e+00
7.484327254232840954e-01
-1.000000000000000000e+00
-4.082585593930991852e-01
4.381586488170665650e-01
7.316974782446131753e-01
3.877357226703602167e-01
1.000000000000000000e+00
7.972824454245830417e-01
7.880337426538351897e-01
5.459135000418859907e-01
3.125668168241032552e-01
4.673534892901720639e-02
9.110218839868622354e-01
2.810734103208498147e-01
-1.000000000000000000e+00
-7.408435214627099308e-01
-9.474513056901586738e-01
3.491474763559621053e-02
-1.135067555298428787e-04
-5.931574943233586250e-02
1.634285572857228086e-01
5.043067797069936686e-01
5.814069876018723715e-01
-8.107178245375266101e-01
6.830802019351422949e-01
2.580339741385123675e-01
8.608667648855337085e-01
3.045590962861774997e-01
8.170926544075476361e-01
-1.000000000000000000e+00
-4.613943041449876103e-01
1.000000000000000000e+00
1.000000000000000000e+00
-1.000000000000000000e+00
1.000000000000000000e+00
-5.453768464283674788e-01
-9.447188564486791451e-01
2.967112548381549697e-01
-1.000000000000000000e+00
-2.264755815186448862e-01
2.805410537704626783e-01
1.000000000000000000e+00
-5.365700070177670256e-01
-3.017633838154029080e-01
-7.340464823531693828e-01
-8.548057363799865804e-02
-1.000000000000000000e+00
-1.000000000000000000e+00
7.767295710185615487e-01
6.629349446752352826e-01
8.851507748848363999e-01
-7.241229537284030737e-01
-1.000000000000000000e+00
-1.980325418030290940e-01
7.847686184961683020e-01
-5.820864902761730963e-01
1.000000000000000000e+00
-1.000000000000000000e+00
1.000000000000000000e+00
-6.886880994008359735e-03
1.000000000000000000e+00
9.332973361568457360e-01
1.000000000000000000e+00
-6.358605122281885125e-01
-1.000000000000000000e+00
2.203461615229875825e-01
9.943042672723734210e-02
-1.000000000000000000e+00
-1.000000000000000000e+00
-6.641766008354935691e-01
9.614341332037232846e-01
4.836709859395303956e-01
-1.000000000000000000e+00
-1.000000000000000000e+00
3.282051672927468466e-01
2.976511856103614129e-02
-1.000000000000000000e+00
5.569635658954650292e-01
-1.000000000000000000e+00
1.000000000000000000e+00
1.000000000000000000e+00
1.000000000000000000e+00
1.000000000000000000e+00
1.000000000000000000e+00
7.270615469461851887e-01
3.124941733392503362e-01
2.536499365984612453e-01
-1.000000000000000000e+00
-4.835963592368325292e-01
-1.000000000000000000e+00
-3.057973731779636273e-01
3.546399894854799228e-01
5.274197185956119860e-03
8.088209043058153247e-01
1.000000000000000000e+00
-3.641594238931022964e-01
1.000000000000000000e+00
1.000000000000000000e+00
1.000000000000000000e+00
5.349029884557705561e-01
4.793472166953747782e-01
-1.000000000000000000e+00
-1.000000000000000000e+00
-2.068577112047825795e-01
-1.000000000000000000e+00
-1.000000000000000000e+00
1.000000000000000000e+00
-7.784082538576793109e-01
2.817141791490618830e-01
-1.000000000000000000e+00
2.362446603013824975e-01
3.259191742082758192e-01
1.000000000000000000e+00
-1.516313516452348353e-01
-1.000000000000000000e+00
-1.000000000000000000e+00
-1.538937724781960781e-02
1.000000000000000000e+00
-1.000000000000000000e+00
-1.000000000000000000e+00
-1.000000000000000000e+00
-1.137614333969647618e-01
-4.192370772454111494e-01
-7.430495821700323633e-01
-1.376090301380447911e-01
