-1.000000000000000000e+00
8.677714765056312451e-01
-3.391213948627562202e-01
2.331823918889011082e-01
-3.548563655524051841e-01
-3.582529327271863906e-01
2.350341360505779909e-01
-4.777293985139126065e-01
1.000000000000000000e+00
-6.357013312644661518e-01
-6.494556145510483880e-01
-1.000000000000000000e+00
1.414394223719797894e-01
1.000000000000000000e+00
6.078686314784620404e-01
-1.000000000000000000e+00
3.748738974130286783e-01
-1.000000000000000000e+00
1.000000000000000000e+00
-2.390566561706471971e-01
-7.955198567453447556e-01
1.000000000000000000e+00
6.377221458553150590e-01
1.000000000000000000e+00
1.807241269335712053e-01
5.826889486386856998e-01
-1.000000000000000000e+00
5.886077602717635360e-01
-5.594174320588780613e-01
9.353005127294170551e-01
-3.985253467861206156e-01
1.000000000000000000e+00
1.000000000000000000e+00
-6.750160562905858086e-01
1.000000000000000000e+00
1.000000000000000000e+00
1.741833137638991724e-01
-8.894932498897707429e-01
1.000000000000000000e+00
-1.000000000000000000e+00
-1.000000000000000000e+00
4.046279210586335440e-01
3.381876056788524210e-02
1.000000000000000000e+00
-1.000000000000000000e+00
3.183657833966857531e-02
-6.386533601189309239e-01
5.620370706409962835e-01
1.000000000000000000e+00
1.820090486722543144e-01
-1.000000000000000000e+00
1.000000000000000000e+00
-1.000000000000000000e+00
-1.970635343069846446e-01
-5.725385149373662941e-02
1.000000000000000000e+00
1.000000000000000000e+00
1.000000000000000000e+00
-9.757616962278771178e-01
-1.000000000000000000e+00
1.941231126710569743e-01
1.000000000000000000e+00
1.000000000000000000e+00
-1.000000000000000000e+00
4.465149386633959772e-02
1.000000000000000000e+00
-1.000000000000000000e+00
-2.860654585378438197e-01
-1.000000000000000000e+00
1.000000000000000000e+00
1.000000000000000000e+00
3.591997965328541653e-02
-1.000000000000000000e+00
1.167349023903317962e-01
1.000000000000000000e+00
1.000000000000000000e+00
-5.774953203650700084e-01
-4.802287651220304987e-02
-9.230296149339555223e-01
-8.785414350792740690e-01
1.000000000000000000e+00
9.670403740573196849e-02
2.178270176448081630e-01
-7.103405752679567975e-01
8.681875437511834548e-01
3.308326986919980506e-01
1.000000000000000000e+00
-1.000000000000000000e+00
1.000000000000000000e+00
-2.846155372927487992e-01
-1.000000000000000000e+00
-7.602742557370882892e-01
-6.925587230234648839e-01
1.000000000000000000e+00
-1.000000000000000000e+00
-1.000000000000000000e+00
-9.487936401544661003e-02
1.000000000000000000e+00
-4.007644919300188402e-01
3.378640095057789949e-01
-3.941173860423849984e-01
5.258703826012645077e-02
5.219451078254833121e-02
7.019667886567957371e-01
-9.381319738888824755e-01
-1.000000000000000000e+00
4.937538097385941738e-01
1.000000000000000000e+00
-1.000000000000000000e+00
2.270789752147635843e-01
-1.800094076272522603e-01
-4.188429092082608385e-01
-1.000000000000000000e+00
-1.000000000000000000e+00
3.047291097097122314e-01
-2.944746024211730151e-01
-1.000000000000000000e+00
-1.000000000000000000e+00
1.000000000000000000e+00
-8.606425573086950997e-01
-1.000000000000000000e+00
-1.000000000000000000e+00
-1.000000000000000000e+00
-9.549026819884087747e-02
8.224355179977043129e-01
1.000000000000000000e+00
-1.000000000000000000e+00
-5.702949342129198795e-01
9.507252509936394702e-01
9.251356087560491659e-01
6.503093726061164315e-01
1.000000000000000000e+00
-2.250430235525588407e-01
-1.497540519538197445e-01
5.342478376380370708e-01
-6.531868037561254781e-01
1.498678265152167954e-01
1.000000000000000000e+00
-1.000000000000000000e+00
3.697849485771443900e-01
-1.000000000000000000e+00
1.000000000000000000e+00
7.638594744596477470e-01
-1.000000000000000000e+00
-1.000000000000000000e+00
-1.000000000000000000e+00
1.000000000000000000e+00
-1.759332261075955417e-01
-1.000000000000000000e+00
1.000000000000000000e+00
1.000000000000000000e+00
1.000000000000000000e+00
-1.000000000000000000e+00
1.000000000000000000e+00
4.291394612547545506e-01
-8.980518135688803083e-02
1.000000000000000000e+00
1.000000000000000000e+00
1.000000000000000000e+00
-9.421553179418202806e-01
7.635034181184725544e-01
-1.000000000000000000e+00
-2.513052902151098333e-01
-1.000000000000000000e+00
1.000000000000000000e+00
1.000000000000000000e+00
1.966849743750433976e-01
-1.000000000000000000e+00
-1.000000000000000000e+00
4.521993844355992054e-01
8.729464193695922747e-01
4.239267878072173201e-01
-1.963702671217049112e-01
-7.906479258468988025e-01
8.634784797118350008e-01
1.000000000000000000e+00
-1.000000000000000000e+00
6.427430243241976093e-01
1.521503887099924235e-01
-1.000000000000000000e+00
-1.000000000000000000e+00
1.000000000000000000e+00
1.000000000000000000e+00
-2.274651472434958688e-01
1.016578606009328478e-01
-1.000000000000000000e+00
-7.463154020827061919e-01
1.000000000000000000e+00
1.000000000000000000e+00
-8.931995189245875988e-01
1.000000000000000000e+00
-9.425226143503400156e-01
8.813217037010856458e-02
1.000000000000000000e+00
-8.336255071982285880e-01
1.000000000000000000e+00
-9.517105160493823934e-01
-1.000000000000000000e+00
-1.000000000000000000e+00
3.426429736345073529e-01
-3.318111768507245873e-01
-9.764798935727759810e-01
3.221122777223248690e-01
-6.409400068125848948e-01
1.000000000000000000e+00
-7.954825886608178909e-01
1.000000000000000000e+00
6.243715161556417925e-02
-1.000000000000000000e+00
3.790094604696189751e-01
1.000000000000000000e+00
1.000000000000000000e+00
9.180981733132240752e-01
-1.000000000000000000e+00
-1.000000000000000000e+00
7.701959844263253085e-01
5.899772575142861464e-02
1.000000000000000000e+00
-9.748466003501915500e-01
-1.000000000000000000e+00
-5.521275356823863723e-01
-9.282517086413046847e-01
-7.690596500075652653e-01
-3.560952515938058394e-01
-1.000000000000000000e+00
3.658746250512736609e-01
-3.280819269710028019e-01
1.000000000000000000e+00
-1.000000000000000000e+00
-1.000000000000000000e+00
8.779902465066491413e-01
-5.571435535857560684e-01
-4.918065837195889634e-01
-2.970113972626098331e-02
-1.000000000000000000e+00
-7.815188477638238540e-01
6.739725899862376579e-01
5.311890557659504353e-01
-1.000000000000000000e+00
-1.904755170529705000e-01
-1.000000000000000000e+00
2.344337241193839017e-01
-1.000000000000000000e+00
1.000000000000000000e+00
1.000000000000000000e+00
-1.000000000000000000e+00
1.696129815865876633e-01
-1.000000000000000000e+00
8.640704661185383273e-02
1.000000000000000000e+00
1.000000000000000000e+00
-9.887277250873651724e-01
-1.000000000000000000e+00
3.312341906528069035e-01
6.005162604299680851e-01
1.471089093988687813e-01
-8.263071122562595239e-01
1.000000000000000000e+00
7.485602867654281845e-01
-2.533716929940478257e-01
-3.064015285572541103e-02
-2.033126206624534804e-01
1.000000000000000000e+00
-8.146355493593553376e-01
1.000000000000000000e+00
