9.081042380026504990e-02
1.000000000000000000e+00
-5.939461935632730505e-01
-1.000000000000000000e+00
-4.937798338508513352e-01
1.000000000000000000e+00
-1.000000000000000000e+00
-1.000000000000000000e+00
1.000000000000000000e+00
3.516917147624196716e-01
-1.000000000000000000e+00
1.000000000000000000e+00
-4.498347449573412149e-01
-1.000000000000000000e+00
8.067737621144085436e-01
2.739717591763306537e-01
2.257068886581025668e-01
1.000000000000000000e+00
1.000000000000000000e+00
-5.735145091009691276e-01
-1.000000000000000000e+00
1.000000000000000000e+00
5.631094985917319828e-01
-1.381065206379210042e-01
-6.308148595915140655e-01
7.895310018560308674e-03
-5.367304255933541546e-01
1.000000000000000000e+00
-1.000000000000000000e+00
-2.823150188725011001e-01
1.000000000000000000e+00
7.373939974963539257e-01
-7.311686864143176479e-01
1.000000000000000000e+00
-1.000000000000000000e+00
-1.000000000000000000e+00
3.902867121252098226e-01
-1.000000000000000000e+00
-1.000000000000000000e+00
1.000000000000000000e+00
-8.304796594123374787e-01
-4.919792260152544561e-01
-1.000000000000000000e+00
-1.000000000000000000e+00
-9.329235912346574011e-01
-8.810060834543158581e-01
-1.000000000000000000e+00
-1.000000000000000000e+00
1.000000000000000000e+00
1.000000000000000000e+00
-1.000000000000000000e+00
-1.000000000000000000e+00
5.039460308791998688e-01
2.053795272648766823e-01
-9.161629076303787200e-02
3.895300542737232252e-01
-1.000000000000000000e+00
2.925846224455941336e-02
3.061558753916358011e-01
-1.000000000000000000e+00
1.000000000000000000e+00
-1.000000000000000000e+00
-8.106073164270887199e-01
-1.000000000000000000e+00
-5.700100221846176041e-01
-1.000000000000000000e+00
-1.000000000000000000e+00
-6.954565145419391303e-01
1.000000000000000000e+00
-6.874615208612294692e-01
1.281404507793009184e-01
-9.548243649412323508e-01
1.000000000000000000e+00
1.000000000000000000e+00
-1.000000000000000000e+00
1.000000000000000000e+00
-7.556627445043363478e-01
-1.000000000000000000e+00
-8.322035404124691893e-02
1.000000000000000000e+00
6.289894107395822553e-01
-1.000000000000000000e+00
1.000000000000000000e+00
1.000000000000000000e+00
5.082294883304945277e-01
7.317177919690123211e-01
-2.701671921128604437e-01
1.000000000000000000e+00
1.000000000000000000e+00
-6.177142367562695746e-01
2.404389657607096109e-01
8.624735602923242483e-01
-1.000000000000000000e+00
1.000000000000000000e+00
-2.364188342418802602e-01
-1.000000000000000000e+00
-1.000000000000000000e+00
-1.000000000000000000e+00
-1.000000000000000000e+00
8.803835353291987742e-01
7.247351433912072594e-01
-5.590761127287857679e-02
-1.000000000000000000e+00
6.792710206769453363e-01
-4.858648079951943810e-02
4.647915753836252550e-01
2.730770989967818974e-01
-1.000000000000000000e+00
-3.526655313272597514e-01
7.907845280216149186e-01
1.000000000000000000e+00
-1.000000000000000000e+00
-1.000000000000000000e+00
-1.092091037346974991e-01
1.000000000000000000e+00
1.000000000000000000e+00
5.777482085829781511e-01
-1.000000000000000000e+00
4.358779562378840011e-01
5.938554042141794831e-01
1.000000000000000000e+00
-5.446015187684649650e-02
5.318830300852031012e-01
5.585865465193802226e-01
-1.000000000000000000e+00
1.000000000000000000e+00
-2.487419230105218926e-01
-1.000000000000000000e+00
-2.121908125470330364e-01
3.215333970016522880e-01
-1.000000000000000000e+00
-6.285636458512514624e-01
5.098497556808885278e-01
-4.680544548488627665e-01
3.732971462717585842e-01
-5.286418938674264378e-02
-2.321001831759597067e-01
2.115636886024425123e-01
1.000000000000000000e+00
1.734785548710616743e-01
-1.000000000000000000e+00
1.000000000000000000e+00
-1.000000000000000000e+00
1.000000000000000000e+00
1.000000000000000000e+00
-1.000000000000000000e+00
-6.943526902720925653e-02
3.321361051348910021e-01
-6.217224479557925676e-02
-1.000000000000000000e+00
9.607794465977752552e-01
-2.806336957572327928e-01
1.000000000000000000e+00
4.470323892525368548e-01
-1.000000000000000000e+00
8.770460999060778473e-01
5.632867725324862684e-01
1.000000000000000000e+00
1.000000000000000000e+00
-8.111863635501603831e-01
1.000000000000000000e+00
4.022864430445088901e-01
9.904617637599950619e-01
1.000000000000000000e+00
7.339580002396867142e-01
-5.215073484281267380e-01
1.000000000000000000e+00
1.582769647934119672e-01
-1.000000000000000000e+00
1.000000000000000000e+00
9.534769368011711821e-01
-1.000000000000000000e+00
2.358421943182130165e-01
8.542865165788684489e-01
-1.000000000000000000e+00
-1.000000000000000000e+00
1.546476207683844528e-02
-1.000000000000000000e+00
1.000000000000000000e+00
9.022453142490344247e-01
2.746063722883979041e-01
1.000000000000000000e+00
-1.567764977245355018e-01
-9.569146235609566897e-01
8.996782635355067281e-01
1.000000000000000000e+00
1.000000000000000000e+00
-1.000000000000000000e+00
-1.000000000000000000e+00
-5.068862445316335563e-01
5.910719903546863829e-01
-9.099986962628328069e-01
1.000000000000000000e+00
-2.318455159608576732e-01
-5.442143024801613382e-01
4.430201014599521869e-02
-7.145111856572041731e-01
1.035998228504823038e-01
6.369500915737631441e-01
1.000000000000000000e+00
2.596440871749807755e-01
-1.000000000000000000e+00
-1.000000000000000000e+00
-1.000000000000000000e+00
-1.000000000000000000e+00
1.000000000000000000e+00
1.000000000000000000e+00
1.000000000000000000e+00
5.515286528134135668e-01
-4.116499270402795840e-01
-8.536340741279713207e-01
1.000000000000000000e+00
-5.939524626337788771e-02
-1.000000000000000000e+00
-1.000000000000000000e+00
-3.537827800028311431e-01
5.503230924508373256e-01
-6.124914023730665402e-01
2.118708359152425835e-01
-8.982542580122020448e-01
1.000000000000000000e+00
-3.470849337753311170e-01
1.000000000000000000e+00
-1.487911408221053167e-01
1.000000000000000000e+00
-6.814151179495833155e-01
-2.273738272471780286e-01
1.000000000000000000e+00
-1.000000000000000000e+00
-4.429773054442319724e-01
-1.000000000000000000e+00
-3.609604619184493268e-01
-1.000000000000000000e+00
1.361860064625582123e-01
-1.000000000000000000e+00
-6.457282261808254820e-01
1.000000000000000000e+00
1.000000000000000000e+00
1.000000000000000000e+00
3.770172446328807769e-01
1.000000000000000000e+00
4.145778364602586974e-01
8.894019219574322843e-02
1.493356180131116817e-01
1.000000000000000000e+00
-6.476620546403435430e-01
-7.314648068119622426e-01
-6.781535059956453892e-01
-1.000000000000000000e+00
-8.309658308407554816e-01
-3.439073157306951067e-01
1.000000000000000000e+00
1.000000000000000000e+00
-6.472410868518656546e-01
1.000000000000000000e+00
6.680680074712075367e-02
1.000000000000000000e+00
8.661461692289832426e-01
-1.000000000000000000e+00
8.837816947404817380e-01
-1.000000000000000000e+00
-5.393597626906153630e-01
3.193527708275334387e-01
2.789182109725130143e-02
-4.308860735365254158e-01
