1.000000000000000000e+00
7.353846935780534722e-01
-1.492038632763270645e-01
1.211899976492480935e-01
-8.709050521256544997e-01
-6.307030906928884351e-01
1.344088857793260816e-01
-1.000000000000000000e+00
1.000000000000000000e+00
-6.298498860700001423e-01
1.000000000000000000e+00
-2.593376990100650925e-01
7.723384661542055385e-01
1.000000000000000000e+00
-1.000000000000000000e+00
-1.000000000000000000e+00
-8.163929272837610052e-01
1.000000000000000000e+00
1.000000000000000000e+00
1.000000000000000000e+00
1.000000000000000000e+00
1.000000000000000000e+00
1.000000000000000000e+00
1.000000000000000000e+00
1.000000000000000000e+00
-4.849952273342215125e-01
8.159383016024732704e-01
8.116136666006193989e-01
-1.699114695045778056e-01
8.727285550069019404e-01
-1.000000000000000000e+00
3.219709635220294186e-01
-1.595702835981024359e-01
-1.893994156405969242e-01
-1.000000000000000000e+00
1.000000000000000000e+00
6.094480245350403225e-01
1.000000000000000000e+00
-1.000000000000000000e+00
-4.904487171285529801e-01
-1.121737432196564521e-01
1.000000000000000000e+00
1.000000000000000000e+00
-1.000000000000000000e+00
-7.375201894335290387e-01
-1.000000000000000000e+00
-2.847205215164754222e-01
9.310499319316838385e-01
-1.000000000000000000e+00
-1.000000000000000000e+00
2.188804134712689642e-01
7.176279836364469755e-01
4.502869394858105556e-01
6.109390634105930085e-01
-9.332275781529341119e-01
-3.657368652187437119e-01
8.586721769528887771e-01
-1.000000000000000000e+00
-3.069234000299410070e-01
-7.985546725584119487e-01
1.000000000000000000e+00
-3.180739725979088162e-01
5.777149385649352764e-01
-1.000000000000000000e+00
3.236818894768905830e-01
-9.005862548430556558e-01
-1.000000000000000000e+00
-1.000000000000000000e+00
3.478300328359200666e-01
3.864531402263123305e-01
-6.625671969847921616e-01
-1.000000000000000000e+00
1.000000000000000000e+00
2.907707240652398495e-01
-1.000000000000000000e+00
1.000000000000000000e+00
5.469750391742831397e-01
1.000000000000000000e+00
-3.622094290399879846e-02
1.000000000000000000e+00
-1.000000000000000000e+00
1.000000000000000000e+00
1.000000000000000000e+00
1.000000000000000000e+00
-3.414471767918339506e-02
1.000000000000000000e+00
-7.521261654477857661e-01
-1.000000000000000000e+00
-5.376174539720313117e-02
-1.000000000000000000e+00
-6.704202360047608611e-01
-8.962079152622253186e-01
-5.952951161650009704e-01
3.435141684671774165e-01
2.549646243724998929e-01
1.000000000000000000e+00
1.000000000000000000e+00
1.000000000000000000e+00
1.000000000000000000e+00
6.639031094817442469e-01
2.356261339960022960e-01
-1.705927948810028738e-01
-1.000000000000000000e+00
-2.939360434135528388e-01
1.000000000000000000e+00
-1.000000000000000000e+00
1.000000000000000000e+00
1.000000000000000000e+00
1.000000000000000000e+00
1.000000000000000000e+00
1.000000000000000000e+00
-3.452622131023621588e-01
-2.635503579536400132e-01
7.528838045243346766e-01
1.000000000000000000e+00
5.793119657337519879e-02
3.729802405058429970e-02
-1.000000000000000000e+00
-1.000000000000000000e+00
4.479200753489078757e-01
-9.560235399595704564e-01
-1.000000000000000000e+00
1.000000000000000000e+00
-7.045807396301735359e-01
-1.000000000000000000e+00
1.649558188001627457e-01
1.670540259771955416e-01
1.000000000000000000e+00
6.888455887845990055e-01
2.546737508430508279e-01
-1.000000000000000000e+00
-7.003372139744974412e-01
3.725301672570509037e-01
2.078159993557499030e-02
1.000000000000000000e+00
5.223074151158932921e-01
-6.033881669899336941e-01
1.000000000000000000e+00
-4.620010522596132985e-01
1.000000000000000000e+00
-1.000000000000000000e+00
1.000000000000000000e+00
-1.000000000000000000e+00
-1.000000000000000000e+00
-1.000000000000000000e+00
1.000000000000000000e+00
-2.516434292838129472e-01
1.000000000000000000e+00
1.000000000000000000e+00
1.000000000000000000e+00
1.000000000000000000e+00
1.000000000000000000e+00
2.798487114393642394e-01
-1.000000000000000000e+00
4.295831018086342379e-01
1.000000000000000000e+00
-6.651018696716890499e-01
-1.000000000000000000e+00
-1.000000000000000000e+00
-3.778806721949243275e-01
-4.497840394169977385e-01
5.532977281081886689e-01
1.997813327726687405e-01
1.000000000000000000e+00
-6.590672773153515296e-01
2.910176186868042025e-01
-2.036647369394731233e-01
1.641014303192115387e-01
1.000000000000000000e+00
-1.000000000000000000e+00
1.224170892752142747e-01
-4.908536667908376394e-01
5.169943148653919351e-01
9.771622416116190202e-01
-8.374481863349741984e-01
-1.229241834951168011e-01
-7.491459102784803203e-01
1.000000000000000000e+00
8.041421730001887536e-01
1.000000000000000000e+00
1.000000000000000000e+00
1.000000000000000000e+00
8.473500556307200782e-02
-2.596906527293524336e-01
7.217244980004197119e-01
1.916851715164089587e-01
-2.552589046942557727e-02
-5.292142324335284975e-01
3.334486667875486421e-01
5.426757190327675673e-01
7.671361557766787076e-02
-2.947767522636652870e-01
-2.918390759099316334e-01
-4.549886215263034828e-01
-1.000000000000000000e+00
-1.000000000000000000e+00
-5.269228878947777028e-01
1.000000000000000000e+00
2.149451673174464783e-01
4.083109734062673191e-02
-1.000000000000000000e+00
-3.339541014601389302e-01
1.000000000000000000e+00
-1.000000000000000000e+00
1.000000000000000000e+00
-1.000000000000000000e+00
4.443134186393501439e-01
1.000000000000000000e+00
1.000000000000000000e+00
-6.641312663986020937e-02
2.676910566958802806e-01
-8.584438868782131582e-01
-4.416992634353817948e-01
6.483306230873557841e-01
1.000000000000000000e+00
-1.000000000000000000e+00
6.835977577292340346e-01
-3.538914688318650081e-01
-1.000000000000000000e+00
9.151984332352158802e-01
1.000000000000000000e+00
2.449096921076360234e-01
1.000000000000000000e+00
6.990868879331462171e-01
8.285818840686972608e-01
-1.000000000000000000e+00
1.000000000000000000e+00
1.000000000000000000e+00
-1.000000000000000000e+00
6.704663017733254460e-01
-5.627856891117697380e-01
-7.009522604079881924e-01
1.000000000000000000e+00
-1.000000000000000000e+00
-4.442288837694158832e-01
5.864521426109149393e-01
1.000000000000000000e+00
1.000000000000000000e+00
8.119395012861990724e-01
-7.256166822939377203e-01
-1.000000000000000000e+00
-4.051636860806477891e-01
-2.770185680526925931e-01
1.000000000000000000e+00
-1.000000000000000000e+00
5.206515091200256684e-01
-1.850989648384260278e-04
1.906812170014595686e-01
-1.305635692697552086e-01
-1.000000000000000000e+00
1.000000000000000000e+00
1.000000000000000000e+00
7.271819346362717873e-01
-1.000000000000000000e+00
-1.000000000000000000e+00
1.000000000000000000e+00
1.000000000000000000e+00
5.379828606125632851e-01
-1.000000000000000000e+00
-6.758641948063464078e-01
-1.000000000000000000e+00
1.000000000000000000e+00
-3.372941924700789684e-01
8.256463173308095649e-02
-9.097205362257431149e-01
