-9.592923465461500321e-02
-4.686654365133572364e-01
-2.827201072902667534e-01
-1.618218014456550558e-01
-1.000000000000000000e+00
-6.082850610764424237e-01
-1.000000000000000000e+00
-7.032104599522452926e-01
7.618576629048691151e-01
1.000000000000000000e+00
8.698135612828100660e-02
3.201180446611180397e-01
1.000000000000000000e+00
-1.898578324087651925e-02
1.000000000000000000e+00
-1.000000000000000000e+00
-6.508236860437556226e-01
-1.000000000000000000e+00
1.000000000000000000e+00
1.620498132926482260e-01
-1.000000000000000000e+00
-1.000000000000000000e+00
-8.055944747085506119e-01
1.000000000000000000e+00
-1.000000000000000000e+00
-1.000000000000000000e+00
-2.127920300936642084e-03
-1.000000000000000000e+00
-1.000000000000000000e+00
-5.468119346861092245e-01
1.000000000000000000e+00
9.663767678084712598e-01
5.682859477236421597e-01
1.010880347307203664e-01
1.000000000000000000e+00
-4.717521963861310841e-01
1.852736515056717104e-01
8.006023043422189067e-01
9.093953272626512652e-01
1.142896820949346193e-01
1.000000000000000000e+00
7.303745170234010597e-01
7.499237346894752632e-01
-1.000000000000000000e+00
2.291021285293448617e-02
2.010560847162395914e-01
1.000000000000000000e+00
8.737687662935977873e-01
-2.240221096017356306e-01
-6.578353780741024170e-01
4.125598275921274483e-01
-7.923311187183372795e-01
2.237856134648381068e-01
1.000000000000000000e+00
1.000000000000000000e+00
-1.000000000000000000e+00
-3.216790245831038786e-01
1.000000000000000000e+00
-4.038516268572122092e-01
-1.000000000000000000e+00
-1.000000000000000000e+00
-1.000000000000000000e+00
-4.264150798111843166e-01
7.460208053558416985e-01
1.000000000000000000e+00
-1.000000000000000000e+00
9.885140548491976320e-01
4.636483845162675532e-01
1.000000000000000000e+00
1.000000000000000000e+00
1.000000000000000000e+00
1.420216458045679975e-01
-8.463965666596735549e-01
4.967182602417102855e-01
-1.972479714319657074e-01
8.958905978055038410e-01
1.000000000000000000e+00
1.540906792601641206e-01
-6.531369282949364141e-01
5.925227840189140061e-01
2.320730899977228034e-01
-1.445210650053407875e-01
4.178699921200024203e-01
1.000000000000000000e+00
1.000000000000000000e+00
-1.000000000000000000e+00
-1.953243682925963620e-01
-1.000000000000000000e+00
-1.000000000000000000e+00
5.581880321500169995e-01
-1.000000000000000000e+00
1.000000000000000000e+00
1.000000000000000000e+00
-1.000000000000000000e+00
-6.716099274232192329e-01
-5.228162558195152965e-01
3.859385393973686629e-01
-5.180271636259867751e-01
-3.353123849810690782e-02
1.000000000000000000e+00
1.000000000000000000e+00
5.474795792619870927e-01
-1.000000000000000000e+00
-1.000000000000000000e+00
-1.000000000000000000e+00
1.000000000000000000e+00
3.988835347825511191e-01
-1.000000000000000000e+00
2.151710441756642389e-01
-7.706380752675809909e-01
6.623109132430297086e-01
-1.189674505371787205e-01
-1.000000000000000000e+00
-1.000000000000000000e+00
1.000000000000000000e+00
-1.000000000000000000e+00
-1.000000000000000000e+00
-1.890645778064001248e-01
-1.000000000000000000e+00
1.153691414396723625e-01
-1.000000000000000000e+00
1.000000000000000000e+00
9.653484248677938195e-01
5.975337066345987047e-01
-9.537827691950937492e-01
-8.425803942724601203e-01
5.013464285762024852e-01
8.993358352849030179e-01
-1.000000000000000000e+00
-4.470997474844564668e-01
-2.563950295139707514e-01
5.182396935406587968e-01
1.000000000000000000e+00
6.501654640067568991e-01
-3.683049374959046496e-02
-1.000000000000000000e+00
1.000000000000000000e+00
-1.000000000000000000e+00
-5.373231150116191124e-01
1.000000000000000000e+00
-1.000000000000000000e+00
3.920768297562628457e-01
5.823666468142991715e-01
-1.000000000000000000e+00
-5.130722754145158326e-01
-5.107267370510630844e-01
2.117501386486109194e-01
1.000000000000000000e+00
9.260508401449177862e-01
3.979610958190453740e-01
2.569300494655262224e-01
-1.789762515526367448e-01
-7.442909859140451889e-01
1.000000000000000000e+00
1.000000000000000000e+00
-3.057282574046287227e-01
1.000000000000000000e+00
5.913142685768073559e-01
3.940628450395826654e-01
-4.193348619018328893e-01
1.229709316781074091e-01
2.934678837541603302e-01
8.552470390009119239e-01
-1.000000000000000000e+00
1.896093722687743899e-01
6.491656839384536415e-01
-2.618013086198217598e-01
-7.804876587281868172e-01
1.890313539441985657e-01
-8.027505746621244054e-01
1.000000000000000000e+00
-6.537048945483705520e-01
-9.917559498384590499e-01
-9.759521041312146927e-01
-1.000000000000000000e+00
1.808428304561666700e-01
-1.485796747993098910e-01
-4.867991858144927741e-01
-3.273488189739994780e-01
4.729800443594958659e-01
-1.000000000000000000e+00
-1.371689478900477710e-01
2.680073806528221469e-01
-8.230080519286864238e-03
-1.604714232629822768e-01
-1.000000000000000000e+00
-1.000000000000000000e+00
-1.000000000000000000e+00
1.000000000000000000e+00
-6.176466013419309453e-01
-9.548855564837421817e-01
-1.000000000000000000e+00
1.858956477764739657e-01
3.003258470938000579e-01
1.000000000000000000e+00
-1.000000000000000000e+00
2.263884116881302866e-01
-1.000000000000000000e+00
-1.000000000000000000e+00
-1.332610364796114055e-01
-9.343575531730837769e-01
-1.000000000000000000e+00
2.956080141003722406e-02
-1.000000000000000000e+00
1.000000000000000000e+00
1.000000000000000000e+00
-1.000000000000000000e+00
8.149572978106389698e-02
4.987284518953383206e-02
8.255176202372924710e-01
-1.000000000000000000e+00
4.306022933014008736e-01
1.000000000000000000e+00
-1.106460883084869895e-01
-1.000000000000000000e+00
-1.000000000000000000e+00
5.689865266005641464e-01
1.000000000000000000e+00
1.000000000000000000e+00
-1.000000000000000000e+00
1.000000000000000000e+00
-1.000000000000000000e+00
1.000000000000000000e+00
1.095267256719014703e-01
-1.000000000000000000e+00
-1.000000000000000000e+00
1.000000000000000000e+00
1.000000000000000000e+00
-1.000000000000000000e+00
7.460697166291405669e-01
5.748176028172431451e-01
1.000000000000000000e+00
8.442576117578926009e-02
9.966067443388469949e-01
1.000000000000000000e+00
1.000000000000000000e+00
1.000000000000000000e+00
1.000000000000000000e+00
-9.658490581651748563e-01
5.177737242254111250e-01
-7.416241724243621825e-01
-1.000000000000000000e+00
-1.000000000000000000e+00
1.000000000000000000e+00
1.000000000000000000e+00
1.000000000000000000e+00
-1.000000000000000000e+00
-1.000000000000000000e+00
-6.216972692049572702e-01
-5.474776474825515660e-02
1.000000000000000000e+00
1.000000000000000000e+00
-1.000000000000000000e+00
4.281338708627215328e-01
-1.000000000000000000e+00
5.302042659330856722e-01
-1.000000000000000000e+00
9.932211303096583066e-02
-1.000000000000000000e+00
-1.000000000000000000e+00
3.657463730367679355e-01
-8.700647691859029198e-01
1.000000000000000000e+00
9.882129269736085186e-01
-9.759216811154556304e-01
