-1.000000000000000000e+00
1.000000000000000000e+00
-1.000000000000000000e+00
-5.071498205488940147e-01
-4.481165774540376567e-01
1.000000000000000000e+00
1.000000000000000000e+00
1.000000000000000000e+00
9.961849755730816103e-01
7.444862223555668290e-01
-1.000000000000000000e+00
-1.000000000000000000e+00
1.000000000000000000e+00
-1.000000000000000000e+00
-9.182286149968260647e-01
-1.000000000000000000e+00
-5.808454751319042098e-01
6.741055583303848797e-01
1.979028239011060286e-02
-1.000000000000000000e+00
-1.000000000000000000e+00
-1.000000000000000000e+00
6.154908233067547529e-01
3.248341305172399718e-01
1.000000000000000000e+00
-1.000000000000000000e+00
1.000000000000000000e+00
7.250264464913755980e-01
-3.574962468559714224e-01
8.011878059142910624e-01
1.000000000000000000e+00
-3.339564087046489327e-01
-1.000000000000000000e+00
-5.369024329843868903e-01
-1.000000000000000000e+00
-3.737238858810508768e-01
1.000000000000000000e+00
8.483571280610563425e-01
1.000000000000000000e+00
-1.000000000000000000e+00
4.613217378788398437e-01
1.000000000000000000e+00
-9.398064803690341362e-01
-4.730350702830921072e-02
-7.979543716650610019e-01
1.000000000000000000e+00
8.074604578283312017e-02
8.025047678879633217e-01
-8.593573126567459752e-01
1.000000000000000000e+00
-1.000000000000000000e+00
9.466280580495243235e-01
-1.000000000000000000e+00
9.726098336473739669e-01
6.663746190784856083e-01
-1.293984740746829676e-01
6.268335525649538775e-01
-1.385378399000603000e-02
1.000000000000000000e+00
-3.459116760734329832e-01
-1.000000000000000000e+00
-1.000000000000000000e+00
5.271952387857525846e-01
1.000000000000000000e+00
-1.000000000000000000e+00
-6.009399427376115321e-01
7.717533409258883204e-01
-3.878041128766478440e-01
1.000000000000000000e+00
9.074055260421716174e-01
1.000000000000000000e+00
1.000000000000000000e+00
-1.000000000000000000e+00
-1.000000000000000000e+00
-5.202034758673784731e-02
1.000000000000000000e+00
-1.000000000000000000e+00
1.000000000000000000e+00
-1.000000000000000000e+00
-9.708592763986068075e-01
-1.000000000000000000e+00
5.760495253252440051e-02
-2.418872815204150539e-01
-1.422808504398644647e-01
3.225784166856260349e-02
-1.000000000000000000e+00
-4.682580137173789625e-01
-1.000000000000000000e+00
-1.000000000000000000e+00
5.498701521661351066e-01
-1.000000000000000000e+00
5.779961819854357863e-01
5.687090267477068473e-01
1.068146145650712420e-01
1.000000000000000000e+00
-1.000000000000000000e+00
-7.750663814118892159e-01
1.000000000000000000e+00
1.000000000000000000e+00
1.000000000000000000e+00
2.365511226702448067e-01
1.000000000000000000e+00
-1.000000000000000000e+00
1.000000000000000000e+00
-7.593335742952311840e-01
5.313421741373463014e-01
1.000000000000000000e+00
9.752763701486144576e-02
-4.765921621156875565e-01
2.243763244539391244e-01
1.000000000000000000e+00
-1.000000000000000000e+00
-1.000000000000000000e+00
-1.000000000000000000e+00
3.107726839683469522e-01
-2.934361295268778091e-01
-1.000000000000000000e+00
-7.363333470827742033e-01
1.000000000000000000e+00
9.661633420943090966e-01
-4.932168835659506145e-01
-7.806676584440476185e-01
-8.588885173735902878e-01
6.946276284248718014e-01
1.000000000000000000e+00
1.000000000000000000e+00
-1.000000000000000000e+00
1.000000000000000000e+00
1.000000000000000000e+00
-1.000000000000000000e+00
4.466088668484805568e-01
-1.000000000000000000e+00
-1.603781743145324401e-01
1.000000000000000000e+00
-1.000000000000000000e+00
-9.652570065023324819e-01
-1.000000000000000000e+00
1.596402416853722750e-01
-7.481600989532295465e-01
1.000000000000000000e+00
3.112697171850956623e-01
1.000000000000000000e+00
-1.000000000000000000e+00
7.289037816189684049e-01
-4.122577051009393978e-01
2.401950525070301046e-02
1.000000000000000000e+00
9.409943804463416495e-01
7.287264708971261662e-01
1.656235462005923864e-01
6.116113948645600651e-01
2.826090611924223506e-01
-1.000000000000000000e+00
-1.000000000000000000e+00
3.578632470379772279e-02
9.840922073877774734e-01
-2.056548735694372354e-01
1.000000000000000000e+00
8.595178885264076474e-02
-1.000000000000000000e+00
-1.000000000000000000e+00
6.782902813659215102e-01
2.410298391493433945e-01
-7.781060387890644803e-01
-5.735126468845135328e-01
6.828623052788769243e-01
1.000000000000000000e+00
1.000000000000000000e+00
7.546917763841716198e-01
1.161355871808089080e-01
1.000000000000000000e+00
8.142905450276471946e-01
-9.317031468364678215e-02
1.000000000000000000e+00
-1.000000000000000000e+00
5.580805128714357854e-01
3.262394932153966920e-03
-1.000000000000000000e+00
1.483241746733639788e-01
-7.399226588550074091e-01
-1.000000000000000000e+00
3.267557409662665835e-01
-1.000000000000000000e+00
-3.594879147471008451e-02
1.000000000000000000e+00
-1.958252104085919099e-01
-1.000000000000000000e+00
7.754111159065593117e-01
-1.000000000000000000e+00
1.000000000000000000e+00
1.000000000000000000e+00
9.016087209662426716e-01
-6.217524262422799985e-01
-1.000000000000000000e+00
-1.000000000000000000e+00
4.928079783833553273e-01
-1.957804159690434975e-02
-9.984302267363572847e-01
-1.000000000000000000e+00
-1.000000000000000000e+00
-1.000000000000000000e+00
5.830243146184663772e-01
-1.000000000000000000e+00
-1.000000000000000000e+00
8.159509460637990319e-01
1.000000000000000000e+00
9.717178456354058635e-02
1.000000000000000000e+00
1.000000000000000000e+00
8.689449751518918408e-01
-7.172251053870367654e-01
1.000000000000000000e+00
8.263835094323547237e-01
-3.389753764512951073e-01
4.708867046042783389e-01
-5.414146945866515903e-01
1.778483921809660417e-01
-6.962551256199082106e-01
1.000000000000000000e+00
4.406518000760525910e-01
1.000000000000000000e+00
1.000000000000000000e+00
1.000000000000000000e+00
-2.711175567234513917e-01
-1.000000000000000000e+00
-2.040821410382653855e-01
-1.000000000000000000e+00
1.000000000000000000e+00
-1.000000000000000000e+00
-8.615772466061347723e-01
1.000000000000000000e+00
7.778393888581832671e-01
3.354835803633654523e-01
-5.042490075862376964e-01
-1.000000000000000000e+00
8.601286735252771098e-01
-3.872520633082543462e-01
1.395066483255040513e-01
-3.900174741610200613e-01
1.000000000000000000e+00
-6.534018551849616330e-01
-9.374432010434641249e-02
1.000000000000000000e+00
-1.000000000000000000e+00
-1.000000000000000000e+00
1.860155768670289644e-01
-1.000000000000000000e+00
-6.909846726547438367e-01
1.000000000000000000e+00
-1.000000000000000000e+00
1.000000000000000000e+00
2.845008858115734007e-01
1.000000000000000000e+00
-1.000000000000000000e+00
-1.000000000000000000e+00
1.000000000000000000e+00
1.000000000000000000e+00
-1.000000000000000000e+00
1.000000000000000000e+00
7.156837764178455297e-01
1.000000000000000000e+00
-1.000000000000000000e+00
2.194882441237187010e-01
-1.000000000000000000e+00
-1.871721214611873629e-01
