4.167493856414743458e-01
-1.000000000000000000e+00
-1.000000000000000000e+00
4.985923413204175203e-01
-5.743654156783377651e-01
-5.694895991006455604e-01
1.000000000000000000e+00
-1.000000000000000000e+00
-4.362669423858309692e-01
8.558075289840615385e-01
1.000000000000000000e+00
7.457903599909853076e-01
-2.475717781997699429e-01
1.000000000000000000e+00
-4.724162800436990661e-01
-1.000000000000000000e+00
1.000000000000000000e+00
4.651529802509029032e-01
1.000000000000000000e+00
-4.551863669419822234e-01
-6.203217012064138336e-01
-1.000000000000000000e+00
-4.074191413452132871e-02
1.363568915352255662e-01
-1.000000000000000000e+00
-1.000000000000000000e+00
3.851823055614946867e-01
1.000000000000000000e+00
4.884139693382500425e-01
-1.000000000000000000e+00
-1.000000000000000000e+00
4.097963891304933215e-01
-9.558664390949757061e-01
5.676550641866457969e-01
1.000000000000000000e+00
-5.119498623872211773e-01
5.335685296671004441e-01
1.000000000000000000e+00
3.604812970877990796e-01
-8.772876281662791431e-01
-1.000000000000000000e+00
-7.625925637889070519e-01
-4.334189486480094500e-01
1.000000000000000000e+00
-2.537682816048060230e-01
-1.000000000000000000e+00
9.424180173324645526e-01
-6.916134514041305525e-01
-1.000000000000000000e+00
8.476204808414270486e-01
1.000000000000000000e+00
-1.000000000000000000e+00
3.956731724697213348e-01
1.000000000000000000e+00
-4.697483834948978920e-02
-1.000000000000000000e+00
-1.000000000000000000e+00
1.911781718666423213e-01
-1.000000000000000000e+00
-1.000000000000000000e+00
-1.000000000000000000e+00
2.070456553249788723e-01
1.000000000000000000e+00
1.000000000000000000e+00
1.000000000000000000e+00
-7.662858621458771280e-01
2.658754071015623222e-01
1.000000000000000000e+00
1.000000000000000000e+00
2.827320407551522363e-01
-3.424267252977760689e-01
1.000000000000000000e+00
9.969623716933384561e-03
-1.000000000000000000e+00
1.000000000000000000e+00
-1.000000000000000000e+00
1.000000000000000000e+00
-3.067282813800192298e-01
8.792394246453187900e-01
-1.000000000000000000e+00
1.000000000000000000e+00
4.971840860777443361e-01
-1.000000000000000000e+00
-1.000000000000000000e+00
-5.207319563850281163e-01
3.075065308912608986e-01
-5.589646198071573924e-01
1.000000000000000000e+00
-1.601877523954593485e-01
7.787981525651269665e-01
-9.650382279117717399e-01
7.333220599894196834e-01
-2.742745121438401878e-01
-1.000000000000000000e+00
-1.000000000000000000e+00
1.000000000000000000e+00
-4.278061235064747336e-01
-4.117900578846354076e-01
-7.773325772181282067e-01
-2.416350383355425624e-01
2.538261726684190034e-01
-1.000000000000000000e+00
-1.000000000000000000e+00
-1.441587496122693768e-01
1.000000000000000000e+00
-1.000000000000000000e+00
6.082015470763573184e-01
-3.052276981332619488e-01
-4.400135908701449106e-01
-1.000000000000000000e+00
-9.122906703385136318e-02
-1.000000000000000000e+00
1.000000000000000000e+00
-5.214190853589086849e-01
-4.913944037265929321e-01
1.000000000000000000e+00
-1.000000000000000000e+00
-3.965309054616496520e-01
1.000000000000000000e+00
-1.000000000000000000e+00
-1.000000000000000000e+00
-1.000000000000000000e+00
1.000000000000000000e+00
-1.000000000000000000e+00
1.000000000000000000e+00
-1.000000000000000000e+00
1.000000000000000000e+00
1.000000000000000000e+00
-1.375863339288874998e-01
-4.986315732367186948e-01
6.641317917508051671e-01
9.211099623592204910e-01
-5.009139673526992187e-01
-1.000000000000000000e+00
8.583547061546820123e-01
-7.834265337287665831e-01
-4.000373049675565174e-01
-1.764040328763037957e-01
-3.905961029924155392e-01
1.000000000000000000e+00
-5.062029213033898412e-01
-1.000000000000000000e+00
4.326685017624266605e-01
-2.203908039364560478e-01
-8.312152033052835343e-01
-1.000000000000000000e+00
-1.155234865858548593e-01
1.000000000000000000e+00
-1.000000000000000000e+00
-6.453219793329527665e-01
-1.000000000000000000e+00
-1.457514543362321557e-01
-1.000000000000000000e+00
-6.807550771495700648e-01
-1.000000000000000000e+00
1.000000000000000000e+00
4.891045068953577823e-01
6.856019333341953903e-01
1.000000000000000000e+00
-6.391422354225934077e-01
-1.000000000000000000e+00
4.425260868980973594e-01
1.000000000000000000e+00
-1.000000000000000000e+00
-4.957066400716355625e-01
-6.199432194767097171e-01
-1.000000000000000000e+00
3.102769924452383199e-01
-1.000000000000000000e+00
-5.190641650814631358e-01
-1.000000000000000000e+00
-2.327245827624085384e-01
6.607825085563903134e-01
9.471235001456250746e-01
-1.000000000000000000e+00
-9.933971499424207874e-01
-5.342515176754130124e-01
3.850742340633807048e-01
-3.705260938695534856e-01
1.000000000000000000e+00
1.000000000000000000e+00
9.867466071911110692e-01
5.299032140519528422e-01
-6.226166885776400761e-01
-1.000000000000000000e+00
-1.000000000000000000e+00
-6.223236676224782604e-01
3.621237395639235190e-01
-5.017127248161803443e-01
-5.968329620232404320e-02
6.520393007476982250e-02
2.735623772576156743e-01
-4.452986552905416340e-02
9.872185098437685769e-01
-1.000000000000000000e+00
-6.155003704620385374e-01
-9.462332682480456558e-01
2.206048436723770378e-01
-5.888629168427822469e-01
5.148477299711884392e-01
8.741452861421290521e-01
9.435805940969421712e-02
-1.000000000000000000e+00
-1.000000000000000000e+00
1.000000000000000000e+00
-1.000000000000000000e+00
1.440012300016144664e-01
-1.000000000000000000e+00
-1.000000000000000000e+00
9.049200778835063685e-01
1.000000000000000000e+00
-4.196477579762587506e-01
1.000000000000000000e+00
-9.299934879566402746e-01
1.946634076064804875e-01
1.000000000000000000e+00
-1.000000000000000000e+00
-1.000000000000000000e+00
-7.145479754250274596e-01
-3.691659384042268455e-01
-1.000000000000000000e+00
1.000000000000000000e+00
1.000000000000000000e+00
-6.493590592348172930e-01
1.000000000000000000e+00
-4.015615831808814207e-01
-1.000000000000000000e+00
-1.000000000000000000e+00
-8.529540361942726800e-01
-1.000000000000000000e+00
7.132940780298284711e-01
1.000000000000000000e+00
-6.563528170513910354e-01
1.000000000000000000e+00
9.546796311472557361e-01
4.365226060806630670e-01
3.323211120093149673e-01
4.606684072664417040e-01
1.000000000000000000e+00
-1.000000000000000000e+00
-1.000000000000000000e+00
-9.976878956550085942e-01
-9.779254884456136665e-01
4.701824082350265499e-01
-1.000000000000000000e+00
9.859788335041891338e-01
-1.357013910650270994e-01
5.422067943932408207e-01
6.210859534843748975e-02
-4.948672088808974689e-01
-1.000000000000000000e+00
1.000000000000000000e+00
6.560073492251544680e-01
-1.000000000000000000e+00
7.864817132188095528e-02
1.000000000000000000e+00
1.000000000000000000e+00
-1.000000000000000000e+00
-1.000000000000000000e+00
-1.000000000000000000e+00
-1.000000000000000000e+00
7.044163672898351436e-02
-1.000000000000000000e+00
1.000000000000000000e+00
1.000000000000000000e+00
