1.000000000000000000e+00
-1.000000000000000000e+00
1.000000000000000000e+00
-1.000000000000000000e+00
1.000000000000000000e+00
-2.746386333517203404e-02
4.095838118660404259e-01
-5.945223617448881503e-01
1.000000000000000000e+00
-1.000000000000000000e+00
1.000000000000000000e+00
-1.000000000000000000e+00
-1.000000000000000000e+00
-1.000000000000000000e+00
6.472850076252911755e-01
-7.873229387682778579e-02
-1.000000000000000000e+00
-7.657796994532783952e-01
-1.000000000000000000e+00
-1.000000000000000000e+00
-9.628185474180017689e-02
-1.000000000000000000e+00
8.740378848534535727e-02
-9.846491940784566355e-01
-2.020608020295433516e-02
4.412531708217413140e-01
1.000000000000000000e+00
1.000000000000000000e+00
-6.692725111524885362e-01
-1.000000000000000000e+00
1.000000000000000000e+00
-1.000000000000000000e+00
1.000000000000000000e+00
-1.000000000000000000e+00
1.000000000000000000e+00
-3.320251017617090739e-01
-1.000000000000000000e+00
-1.000000000000000000e+00
-7.695990488492109316e-01
4.936950712858835799e-01
-5.741540106927667253e-01
-1.000000000000000000e+00
-1.000000000000000000e+00
1.000000000000000000e+00
1.000000000000000000e+00
-9.485716125124528109e-01
-7.779673077018711691e-01
-5.101847776673881230e-01
-3.724200822690870716e-02
1.000000000000000000e+00
1.000000000000000000e+00
-8.820928192401866763e-02
-6.653444834520798601e-01
1.000000000000000000e+00
-2.692945601482060747e-01
1.000000000000000000e+00
-9.349326688628409876e-01
-1.000000000000000000e+00
1.834314891354290600e-01
-1.208898125280701563e-01
1.000000000000000000e+00
-3.176458229086754903e-01
-5.119306129575051934e-02
-9.458621947093380777e-01
-1.000000000000000000e+00
-1.306423494603226321e-01
1.142828648763377641e-01
-3.753809595092512108e-01
-1.000000000000000000e+00
-4.101328741357411212e-01
-1.000000000000000000e+00
-1.000000000000000000e+00
-1.000000000000000000e+00
6.907913806250551847e-01
8.385568169670976069e-02
-8.617131631418617488e-01
3.362843597437520926e-01
-2.478785218486391773e-01
-3.366522439737187344e-01
-6.996803563250633129e-01
-6.331208719116085959e-01
-9.713686850711643617e-01
-1.000000000000000000e+00
4.874188018467454087e-02
-2.372777812956388122e-01
6.329608430212075865e-01
-8.814984583156384446e-01
-8.434111157220041122e-01
-1.854163171515679776e-01
1.000000000000000000e+00
-4.407756144377705798e-01
-1.000000000000000000e+00
-1.000000000000000000e+00
-1.267973159334790934e-01
5.143798939506420975e-01
-1.000000000000000000e+00
1.000000000000000000e+00
-8.537151309230731622e-01
-1.457248636927493957e-01
-1.000000000000000000e+00
9.896321500052025488e-01
2.309657886504804525e-01
-6.727236544286981923e-01
9.921577462771213884e-02
-3.568312166066063273e-01
-1.000000000000000000e+00
1.000000000000000000e+00
-5.136649462121829490e-01
1.000000000000000000e+00
-9.594743248583712525e-01
-7.399521917639581003e-01
-2.238308522155072477e-01
8.783187997045787121e-01
1.972988470496542801e-01
1.000000000000000000e+00
1.000000000000000000e+00
-1.000000000000000000e+00
8.322046283345638784e-01
-6.195238862423158022e-01
9.416775865095174947e-01
1.524801234943478079e-01
2.853738063037600803e-01
1.000000000000000000e+00
1.000000000000000000e+00
3.699938008138398127e-01
1.000000000000000000e+00
-2.820124517682617293e-01
-4.050116308209215088e-01
-1.397804279478698231e-01
1.000000000000000000e+00
7.228475735871227048e-01
8.314001839420732676e-01
-5.716648599968321420e-01
-1.000000000000000000e+00
-6.784947156074577768e-01
1.000000000000000000e+00
-2.963654817078119619e-01
-3.955642802868852836e-02
1.000000000000000000e+00
5.258430095070344423e-01
-1.000000000000000000e+00
-1.000000000000000000e+00
-3.834910914706310958e-01
1.000000000000000000e+00
1.993997136595961894e-01
1.000000000000000000e+00
5.421971945667967141e-01
-1.000000000000000000e+00
1.000000000000000000e+00
4.368308636254942812e-01
6.619411679760232037e-01
1.522404967825913280e-01
-1.000000000000000000e+00
2.050791507534405200e-01
1.000000000000000000e+00
1.000000000000000000e+00
3.738960236093578082e-01
-1.000000000000000000e+00
-6.942941404512963377e-01
-8.454953161531544303e-01
2.956531840212693885e-01
-4.088121610780586224e-01
-1.000000000000000000e+00
-1.000000000000000000e+00
-2.133263754577234828e-01
-3.829468850422655946e-01
-5.613549713780430217e-02
-1.000000000000000000e+00
1.000000000000000000e+00
1.791347427778151591e-01
1.000000000000000000e+00
3.276723099057530231e-01
-1.000000000000000000e+00
-9.437530326646892398e-02
-1.598414983732662220e-01
-1.676964291399934970e-01
-3.841930952715089109e-01
-4.804068092855007244e-02
1.000000000000000000e+00
-1.000000000000000000e+00
-7.779649189938748766e-01
3.829540354095046784e-01
-1.000000000000000000e+00
1.000000000000000000e+00
1.000000000000000000e+00
4.270890429804805599e-01
3.155481704451257308e-01
1.000000000000000000e+00
-1.000000000000000000e+00
1.000000000000000000e+00
1.000000000000000000e+00
1.980969310088154245e-01
8.059683729130902030e-01
-2.656687572212430570e-01
1.000000000000000000e+00
1.000000000000000000e+00
-1.000000000000000000e+00
-1.000000000000000000e+00
-1.000000000000000000e+00
-2.631003667013065983e-01
-3.518656540016832368e-01
-1.000000000000000000e+00
-1.000000000000000000e+00
-1.000000000000000000e+00
7.473945215394376396e-01
-8.101415448952843379e-01
-1.000000000000000000e+00
3.093874147307434930e-01
-1.000000000000000000e+00
1.000000000000000000e+00
2.143741358465221236e-01
-1.000000000000000000e+00
1.000000000000000000e+00
1.000000000000000000e+00
-3.575641175284405282e-02
-2.419625012704327283e-01
1.000000000000000000e+00
1.000000000000000000e+00
-1.000000000000000000e+00
-9.248401299629892547e-01
-9.775572288779281749e-01
1.000000000000000000e+00
-1.000000000000000000e+00
-1.000000000000000000e+00
1.000000000000000000e+00
-7.372650424916973311e-01
-1.000000000000000000e+00
7.650266882802281287e-02
-1.000000000000000000e+00
1.000000000000000000e+00
7.543230208745899112e-01
3.145210159710127851e-01
1.000000000000000000e+00
4.090435341198461749e-02
-9.233387899562561785e-01
1.000000000000000000e+00
8.699982737416557255e-01
-2.817064421767119242e-01
-4.167741633674997281e-01
-1.000000000000000000e+00
-6.215411094473477505e-02
-6.130499390339724242e-01
1.000000000000000000e+00
-1.000000000000000000e+00
-6.395929953046082250e-01
-2.022960025697975728e-01
8.961582718771501921e-02
-1.000000000000000000e+00
-2.228248360763709357e-01
-1.000000000000000000e+00
-4.883469315768702579e-01
6.412675376348193623e-01
7.963055913196426250e-01
1.959800007797453114e-01
-3.823521397776663555e-02
1.000000000000000000e+00
-2.673548623352901554e-01
9.002560523514717694e-01
7.232592454071002930e-01
3.857182930697100609e-01
8.845159557376391923e-02
1.000000000000000000e+00
-1.000000000000000000e+00
-1.000000000000000000e+00
-1.000000000000000000e+00
