-1.978353594621515832e-01
4.612333463474861395e-01
-4.454739883739250450e-01
-3.255959366482210626e-01
1.029441067377005581e+00
7.132695762422787134e-01
-2.087422905339783696e+00
-1.377854747062848273e-01
7.156944085323815319e-01
6.696619247043961165e-02
-2.930111913869385631e+00
-1.858667856414835118e+00
-1.503993381292629383e+00
1.718739934102853084e-02
-2.835626408763406658e+00
-3.365311061728909259e+00
-1.391183154497038332e+00
3.359201779123842435e+00
1.918789212339563788e+00
4.146761668564336034e+00
-7.284482753992944648e-01
1.311151822001165312e+00
-3.434696501947490876e+00
3.505953968783280583e+00
9.681206789148197878e-01
1.892419149324585659e-01
-2.202946422503025303e+00
-1.120120004623783361e+00
5.187720957772677943e-01
-5.354256579748866152e+00
1.710838580965654998e+00
-8.300827302683722042e-03
5.555559174862789718e-02
5.831193772290363952e-01
5.599169016526949205e-01
2.988643533744444802e+00
-1.031295387002707642e+01
-5.934286427636047634e+00
4.743765976004870599e-01
2.481894709085131101e+00
-1.750286834551222581e+00
-9.232600743851322733e-02
-1.430437648140575391e+00
5.274748891319083199e-01
1.018374503093554706e+00
2.562009467381666905e+00
9.745233612455109551e+00
-5.227791813949576039e+00
-4.864866297842425524e+00
-1.172061295429146499e-01
-5.020420734594842616e-01
-4.463116124279007835e+00
1.446685851054545502e-01
1.734658958685019403e+00
2.321545278934271206e+00
6.988133716371259574e+00
-4.691592358935727347e+00
-2.332804912987701762e+00
1.087533691407209790e+00
-3.066650666599213260e-02
1.389377769686136244e+00
-2.700906191652709065e+00
3.888677109874343341e+00
-5.833206485471702507e-01
-3.430273355960031800e+00
-4.967109019582554019e-01
-7.125460828354706067e+00
-6.960587784990472926e-01
-2.285654642503265777e+00
2.175604458254212226e+00
2.400072117154741669e+00
-2.500435609258672365e+00
7.015976063430571230e+00
3.149370400290502303e+00
-2.033406507098793448e+00
4.703459091325826513e+00
9.075294442884511703e-01
1.587077861997957973e+00
-1.818685097163107223e+00
1.943615522468695733e-01
3.799013190389743500e+00
4.515909215662507137e+00
-1.674650047048131363e+00
2.098133223517584689e+00
-7.735897447464293308e-02
1.372022337882358833e+00
2.299359155832452650e+00
-2.938383382453137127e+00
3.995121425856463127e+00
3.351923285983010814e+00
-5.207395335936729097e+00
-1.700837760009573429e+00
-4.456948861588994060e-01
2.296943806740230909e-01
4.419199540342700350e-01
-1.160238836465226520e+00
-4.514524350183681811e+00
6.959512482082013562e+00
1.163708593922757828e+00
-1.134960247956330548e+00
2.068213893017820659e-01
-3.281238711733680535e+00
1.730941304350426035e+00
-2.030839745309764410e+00
-4.874217387173819915e+00
3.490723756896699115e+00
-2.757002263622771565e+00
1.308065248463143204e+00
-3.771799157831977389e+00
-7.197510647587563870e-01
4.046401466222806498e+00
1.680165735059683030e+00
4.791741039032679339e+00
-1.023669567737788055e+00
-7.594317780526951722e+00
3.667291100352614297e+00
4.108946694668542676e-01
-7.063676589180861498e+00
-5.218182468110682315e+00
-1.203099217817741318e-01
-4.028914447616915417e+00
1.548620233783903899e-02
5.181035456121905192e-01
3.254163192384016412e+00
-1.767816128357287075e+00
5.602024066675090452e+00
-8.804277478373654375e-01
3.320795364291875273e+00
3.042725402599264495e+00
9.177403217022872539e-02
2.379258179403419327e+00
-4.738823726393067481e+00
-8.864010860175650652e-01
-1.010700140868081132e+00
-4.323523041877690432e+00
5.759892428271564668e-01
1.156662086921091070e+00
3.942998475064181996e+00
-3.676057885795845248e+00
-7.261458336818571446e-01
6.367848785098704223e-01
-4.195000991943920177e-02
-2.548315996708318210e+00
-7.235301392817596877e-01
-1.114852629146358076e+00
5.444587017354831637e+00
-6.346325962102918883e-01
-5.121310200267085166e-01
1.370127016749984161e+00
4.529024463943873258e+00
5.164231907902301355e-01
2.588057374854496828e+00
-2.290229059073142004e+00
1.322480321285143035e+00
2.681203445779457573e-01
2.280144738627381429e+00
-6.905043972877308533e+00
-1.274157880763417960e+00
1.391499268473540996e+00
-7.509048716630729814e+00
3.764075801118998754e+00
-2.431341472299419770e+00
2.749351347013053726e-01
-1.538559158460720333e+00
-2.165843306492204245e+00
-4.401609311288632309e-01
-1.073011246322107759e+00
-1.702774804711652212e+00
6.600181422113710283e+00
1.347564781140771828e+00
-1.059236875706151437e+00
-1.466749150836236470e+00
-1.771571966852811819e+00
-6.610300146065793747e+00
-1.650784476839814108e+00
-1.755510727761020462e-01
1.024445067297793166e+00
4.509582077165920078e-01
-6.466711559340465598e-01
-1.106805498979982616e+01
4.924212594547157096e+00
1.509217943231180747e+00
-2.267528393411316845e+00
-1.710815940516266309e+01
2.912404514963633062e+00
4.158840467393699392e+00
6.422219641280571878e+00
1.666038908030181398e+00
6.400276859770937854e+00
-3.122006173258303985e+00
-1.860343347275287496e+00
4.032844454125916300e+00
1.179199282825252215e+00
3.569291554335895178e+00
3.469705681585212975e+00
2.498241243921156318e+00
-2.719343200230339264e+00
-2.103966902665145966e+00
3.115554621054292372e+00
-5.677735133674172374e+00
-1.307797788330124167e+00
-4.406547697666811203e+00
5.953242792564998886e+00
-1.668412363805140686e-01
-2.295152437359002651e-01
4.554189209137098349e-01
2.922903875003353136e+00
-5.216751610599803968e+00
-1.430308054225997161e+00
-1.213694080138987497e+00
-4.259466359783626643e+00
1.565284717584004781e+00
-3.243577888823559796e+00
2.005570322960424257e+00
5.055997162549628499e+00
5.144038975435314409e-01
-1.086474908803425787e+00
-6.730440634740686434e+00
2.877509572244169256e+00
-2.643187756953949474e+00
8.584462846302678418e-01
4.793663361379707055e+00
-1.519302766859181197e+00
2.680491246528573512e+00
6.816401826405584785e-01
-3.999523181899691693e+00
-1.771978978161560692e+00
-6.717580051549314479e-01
4.768040463215085900e+00
-3.241116737559366356e-01
-8.205747910925029753e-01
-1.638823297397712653e-01
9.985630702887334786e-01
5.605529044776314862e+00
1.876339725277214265e+00
-6.244079798210248278e+00
-2.592641038703823231e+00
6.383319363440804750e-01
1.409591720014294003e+00
3.453387571487847030e-01
-1.018656374897556782e+00
1.652020198321555222e+00
-3.242061476337076975e+00
2.019254695346635931e+00
3.814265605100631618e+00
-1.570791971488623151e-01
3.682932321348114435e+00
5.991530770993810373e-01
-2.778575888466768617e+00
3.219865176079067304e+00
3.278280455734978283e+00
-1.197275678784127884e+00
5.514720887637398761e+00
-2.335036810275781249e-02
-1.893294946415155611e+00
1.279043441456430452e+00
2.121534459123223915e+00
-6.207429999207882076e+00
5.019187016061727569e+00
2.961292045960602248e+00
1.153558773032333118e+00
-1.744234901683827665e-01
-9.803383600846684587e-01
6.206352496952127762e-01
-2.197863801038095755e+00
