1.064474241776311558e+00
-1.072301289166694094e+00
-2.038705030707806121e-01
8.649735292998423919e-01
1.125842875413099575e+00
-7.569960113646639899e-01
-6.757285797748255884e-01
3.741803521853510062e-01
2.722796373997864450e-01
-5.497002581131982257e-02
4.824554408135639516e-01
-2.865000650266170679e-01
-6.896431634152969670e-01
-1.763153882550634988e+00
-2.894620735392325894e-01
4.023627246602068941e-01
-2.574081050400524595e-01
-7.539014889102632067e-01
2.838846673734046755e-01
6.258847655097194984e-01
7.517439294922142468e-01
4.166446797913739841e-01
-5.581843111400336399e-01
-7.266262794461594288e-01
6.998445764276769454e-01
3.159017259116658760e-01
5.217852533911906399e-01
-3.977777795168858654e-01
-1.559640340479448994e+00
9.987962921014021944e-01
-7.473505926452155279e-01
-4.468251409834143040e-01
-5.518672729532061449e-01
4.349473337154698832e-02
5.890237985965587342e-01
1.966065487832018704e-02
-4.148937999132257248e-01
-2.775385422613938502e-01
-7.469693982270603216e-01
-4.347163043964648033e-01
-1.088929811267459885e-01
4.279281823611482682e-01
1.377666405270259742e-01
-7.412979297247079824e-01
-1.283302067202675978e-01
-5.890655551903863779e-02
-3.128775331535028625e-01
-5.225947355387106780e-02
3.343296489595600982e-03
7.601827490597934389e-01
-1.329056206335443857e-01
8.432429186893793116e-02
-3.406838096453479459e-01
-2.724303639595987425e-01
-7.339675294574389275e-01
-8.893714217477992345e-02
-2.751660166856345069e-01
-8.330023652564438885e-02
-1.810994129022410470e-01
5.170767390747139647e-01
9.709129451344338246e-01
-3.324672737444321347e-01
7.677706512938737848e-01
6.253684262551091333e-01
1.034465409029855509e+00
-7.473918254990752352e-01
-8.768435764245855607e-03
-2.610767138500848517e-01
4.318560497624614192e-03
-7.095962686626631211e-01
-9.411612835084705031e-01
6.889941642283633483e-01
-4.000719027957398422e-01
-3.345077315629210735e-01
7.537304003753388937e-01
-6.492132479304014714e-01
7.865961749214979426e-02
7.218649294487541335e-01
8.682859901640919975e-02
4.698601935181760392e-01
1.093722278767130934e-01
5.944859506909965230e-01
5.239373458385241378e-01
-6.280926597092825192e-01
1.396159340619217426e+00
-8.117509258101610614e-01
-4.648253252381469580e-01
-1.207294267390880194e+00
-4.989481709104404139e-02
-4.082851671534612481e-01
1.035853223227352737e+00
-2.504848859324709104e-03
-8.825353455015251258e-01
-2.933933876159556253e-01
3.948356684006551487e-01
-5.944740371795999012e-01
-4.632407323620295336e-02
-3.190793335979507650e-01
9.057959580006322842e-01
4.978111968296948242e-01
1.271000701878466144e+00
-5.772481399661454349e-01
-1.313235261177076563e+00
-1.722544907473385623e-01
3.932977384041305702e-01
-9.161600836912983103e-01
-2.829711317813404792e-01
3.246993986805267185e-01
3.483361581721573508e-01
-1.171275503666856094e-01
-3.655169392063064571e-01
2.200904313927207756e-01
8.562891386575866015e-01
-5.050541828269727862e-01
9.415050159439105615e-01
6.414786594738070002e-01
-2.063109684322098847e+00
-2.646821023666563466e-01
-1.295647206570427479e-01
-1.179421333595040755e+00
1.432862048593018245e-01
3.465797988263100704e-01
-4.099262137168518949e-01
1.261326330552425823e+00
6.995929563629946779e-01
9.316492075850030252e-03
-1.928567992245266149e-01
-3.160490087601436349e-01
4.835725186401568232e-01
1.349592049853441944e+00
8.152567020866575975e-02
-7.499941967793751774e-01
-1.043556721955645195e+00
-4.387655703853414746e-01
-2.214861919763553844e-01
-7.412154441931498861e-01
-4.811070084693578330e-01
-1.276316886201553924e+00
-1.953775914476256981e+00
-1.214956705414972804e+00
1.143061062956582496e+00
8.935012663131590704e-01
-8.095499605401873522e-02
5.897195376669753797e-01
-2.610106252469158727e-01
3.449660224007641274e-01
1.722539553147281743e-01
1.575006982340380279e+00
-9.420764462505218928e-01
1.029487679484873297e+00
-7.958484698395581480e-01
-7.426614903614534580e-01
3.210329563904756323e-01
6.788960578642161403e-01
-4.230481215713814969e-01
-5.250253258950511315e-01
-5.257326565082073300e-01
-7.956969979199068899e-01
4.132132829436490629e-01
5.394960083122488648e-01
-5.737547718420503706e-01
-1.510233578996948711e-02
-5.057656606886892225e-01
-5.781640576577563584e-01
-2.478031204265073451e-01
-6.758555948382097833e-01
-3.687300536419589325e-01
-3.560541107317858334e-01
-2.546186204395258779e-01
3.584337153890856942e-01
9.887581116486040544e-01
-7.498147914561048566e-01
1.906684851383868076e-02
-8.737634155866168539e-01
-1.016465684197622066e+00
-1.768619709962810163e-02
-1.167639505696898228e+00
1.578991046675774779e-01
-9.756659504486712153e-01
-4.594272594097289497e-01
-2.256934484337601354e+00
3.652194009896719273e-01
-7.705990486015450343e-03
7.889880124919284032e-01
8.120416604309768083e-01
-6.324043164790861538e-02
-1.066598538114477357e+00
6.975703048952405227e-01
-2.587421803085178107e-01
-1.424428079095278354e+00
-4.974494727323962029e-01
1.660808030287410642e+00
2.994019236047263943e-01
-6.422853531065518817e-01
1.329766977688667251e-01
1.357824341022469961e-01
1.236944431651599008e-01
4.334880976425652399e-01
8.317787231079801225e-03
4.655225277697484614e-03
3.179271465606999802e-01
9.234233780253824353e-01
1.965273957712340702e-01
2.138593635883305755e-01
-1.108821866737453865e-01
1.298223850793929657e+00
8.103791922762003663e-01
-4.403048898322843296e-01
-2.139056754545494710e-01
2.835203351320247922e-02
1.020249069121651614e-01
3.367126585587962850e-01
8.771433051991115448e-01
3.046203111470104363e-01
4.048721059085947371e-01
1.239008651864431931e-01
-1.845752586356137759e-02
-2.999050870913493871e-01
-5.160444651543236172e-02
-1.109213648827596321e+00
-8.654226322930492765e-01
1.084841426194746106e+00
1.259765636619523566e+00
-3.474614611651216101e-01
3.292940584036302964e-01
4.162066157110237974e-01
-6.563124540324256906e-02
7.583082120217343736e-02
9.981841966412905442e-01
2.285656705086727691e-01
1.225052289820140139e+00
-3.486890039115359552e-01
1.195885873052058956e+00
4.080107005180113600e-01
-6.413118204213733575e-01
-6.702695696328796471e-01
1.155880757802895786e+00
2.902609164264827180e-01
3.097330667234639012e-01
-2.258877752260165031e-02
7.656495117937021089e-01
-1.232126786980690891e+00
-9.348158502015201377e-01
1.261342801481083464e-01
-3.154495323592250156e-01
4.690416141915352277e-01
-4.849383859077500691e-01
9.873167178506219166e-01
-7.517483386500006803e-01
5.874108725879926274e-01
1.347705729491153637e+00
-1.767337649059513849e-01
-6.987768206981674890e-01
5.835481089062286575e-01
-1.296678911142144786e-01
8.149114437707720426e-02
-3.888287365863926648e-01
1.171605281931759723e+00
-3.990734453212707589e-01
8.156855217077032538e-01
-3.035088141576623433e-01
6.049182099381481548e-01
-1.813411391435431730e+00
3.555143117271487158e-02
1.986867132189814811e+00
