-1.406484811352130659e+00
-2.183433676349944452e+00
1.285322577164919045e+00
-2.383922494331681130e-01
-8.706501074628284487e-01
-5.091754166542481475e-01
-2.924482284881098071e-01
-6.003479465957155259e-02
-1.307788146981948563e+00
-2.322969553619776695e-01
1.399352869033924085e+00
9.505899038368129106e-02
-5.633361457018604135e-01
-1.554585130290113248e+00
-1.517876336244442237e-01
3.921883563709858134e-01
-1.186546322721429680e+00
1.482438474053908092e-02
1.385516594188217487e+00
2.527423429455200599e-01
-6.732507981945541620e-02
1.262690206872133070e+00
-3.636956363998420372e-01
-7.792750966910140242e-01
-1.114975868105686496e+00
-1.331918980863696200e+00
-6.375868250596511411e-01
-9.891234302799691847e-01
1.183421886972201298e+00
-5.876591289953192465e-01
2.566458147209927931e-01
-1.513419395262022071e+00
3.656752744908730590e-01
-6.849641786159760271e-01
-3.671281554926432711e-01
1.059388126377086792e+00
-1.134514320810798838e+00
-6.594818017444034064e-01
7.216432435409674273e-01
5.169587600107004022e-01
-1.750037057602646939e+00
-4.429875886556784437e-01
2.863475624960238886e-01
5.505858685443540956e-01
-2.224657725450250034e-01
-1.240661943110083820e+00
2.085397447078117528e-01
9.672657694182471011e-02
1.104746492646328404e+00
-1.175201712188047587e-01
3.895216760917415977e-01
-9.718468031115097272e-01
-1.651553242288394063e+00
-6.247155970626836474e-01
9.386684925544164226e-01
7.333373243995428004e-01
-1.672408904083574122e+00
-7.530818617060058839e-01
6.423202364712956580e-01
4.987193183399338814e-01
8.646339651704663121e-01
5.743449273494615204e-01
-1.771882977079549448e+00
-8.483093901709493068e-01
5.999477057607929265e-01
6.822532078421132962e-01
2.784031449124882984e-01
-1.163614701606966895e+00
7.177291963514571549e-01
-6.764285529735856173e-01
-1.105575552959825236e+00
1.366216072664810099e-01
-1.070720894116796940e+00
-1.307547338568581519e-01
-2.409829754415992453e-01
-1.224404674197318244e+00
-5.141311457451905875e-01
-1.307408229096903296e-01
-1.930310439489028251e+00
9.033754640177655837e-01
9.981844462132030138e-01
-9.831197782709780730e-01
7.778096394551590187e-01
-3.970887210806530176e-01
1.223800641848614479e+00
9.683290449521255727e-01
-7.942745499763064210e-01
-1.693184495925013744e+00
6.569378469487737737e-01
6.724258215416505369e-01
2.903361889209562507e-01
8.328633668090473785e-01
-6.276839343367417445e-01
3.993605395479075115e-01
-4.474369508245293336e-02
-4.663112895354121767e-01
1.707745469699130381e-01
1.554174841009332148e-02
-1.267285882290664745e+00
-1.570550661541136650e+00
1.005761803665754378e-01
-8.124119567519999530e-01
-2.867010730097692139e-01
1.782422952343762468e+00
1.239648110764463906e+00
-1.072462228878682033e+00
1.433944269964662288e+00
5.097255641072430121e-01
4.417676506510363477e-01
-2.876496640134305061e-01
1.121486003869234249e+00
-8.989208118539857573e-01
2.640556156857513659e-01
1.014151225839939663e+00
1.008928985741951223e+00
5.990926882702391626e-02
-1.178468369841742636e+00
5.547242800818714681e-01
-2.660774895694453246e-01
-1.639619026185740180e-01
-1.344498783490197136e+00
2.673368813781235587e-01
5.828977183723401678e-01
-5.634870806732574788e-01
-2.658930242034236446e-01
-8.709392510726882142e-01
2.258870822720997762e-01
4.476105121152166300e-01
-3.545913631971954194e-01
6.808523786591290650e-01
-1.449811469931158614e+00
4.122011032133572894e-01
1.129053342396169501e+00
6.871683828053029575e-02
2.557890044411391672e-01
-7.475365926891075485e-01
5.505957436159584217e-01
1.523546173777563295e+00
-9.457250000440839410e-02
1.425681563563932164e+00
-2.212920560838198547e-01
1.799797337601596880e-01
4.624769099652605853e-01
-5.357065934707130328e-01
1.064350390663191120e-01
3.079826914800209425e-01
-5.857448284454500609e-01
3.947896840158779397e-01
-5.379576513523859349e-01
-9.791296576941307395e-01
-9.759852267833539763e-01
7.128625012057052679e-01
-8.931567014225859358e-02
-2.078851079377421196e-01
-5.257739378986358014e-01
-9.779485452930479772e-01
1.230332962586922374e+00
-1.658888095179418265e+00
1.585744670905399945e+00
-3.524041472526459051e-01
1.966054624781063964e+00
-5.455480970036398203e-01
-1.273860402252412038e+00
-3.618206558034125497e-01
-8.056168598295865291e-01
-7.430354877719806961e-01
4.403778656599106056e-01
-7.527265961036997410e-01
-2.875664692427960523e-01
-4.347094830754079098e-01
-8.284912741903024402e-01
-1.785269325291573672e+00
-8.107152957179987185e-01
2.980564123391764297e-02
-1.286562461043242234e+00
1.534066130621735136e+00
1.020424191713541484e-01
8.213812367314397012e-01
1.801751154055995618e+00
-9.325910731756433814e-01
1.713679837689453089e+00
-1.438280427601602574e+00
1.141197607371879030e+00
4.710412440151567903e-01
-1.336916500635051408e+00
2.159554335557057614e-01
-6.528866921596692130e-01
8.147368330360024169e-01
-4.004095215470040436e-01
-1.231471118757169414e+00
1.359554239068417880e-01
-1.485057054487924633e-01
-9.236626696019155647e-01
6.388125464950186738e-02
-2.963875136291250101e+00
-5.057803349230628465e-01
4.215317637467061451e-01
-7.682682216128624564e-01
-3.466538970013514076e-01
-1.030921131522883671e+00
7.340968866426167416e-01
3.953150303276802280e-01
-6.555978328927466459e-01
-1.959326288728140186e+00
-5.183022167916839784e-01
2.222507617595551599e-01
6.859726361299179898e-01
-1.973971849254249067e-01
-5.276846937467258858e-01
9.786375548061803098e-01
1.181476065996424352e-01
-4.724049684841933328e-01
4.929594299508313071e-01
-1.667503852745415349e+00
-2.379713189120845063e-01
2.453043047613388816e-01
-6.539912271911936248e-01
-9.345884473841605811e-01
-8.105458711278177297e-01
-6.517893903822585822e-01
1.662441890353178131e+00
4.347966614019809772e-01
-1.589268649939022726e+00
-5.387120565365992597e-01
1.441062782789468422e+00
-1.789872295801695046e+00
1.230097560853406380e+00
-6.610728771432410333e-01
-1.319895718960039099e+00
-1.745177505757549152e+00
6.169091348765224359e-01
-1.035727201548458432e+00
6.310787036580269849e-01
-3.801187718725911324e-01
2.676511471316941337e-01
-1.025604360342945859e-01
2.330608957428365047e-01
-8.153566224562799891e-02
5.344416570201895311e-01
4.692351919486531520e-01
-5.130604359529592484e-01
9.758670754822331705e-01
-6.918751352586737235e-01
2.140968117763568657e+00
-4.913756784017054846e-01
-6.313076760169800128e-01
-1.653438428098561230e+00
-4.866550693286466611e-01
-9.917009651128713132e-01
8.201260981564210129e-01
5.962516032226464757e-01
1.091231215356242679e+00
-1.433984896338690973e+00
-1.152252004142055197e+00
8.017945031773727749e-01
-7.303966347046729757e-01
1.670727797344383481e+00
-1.537215752308130901e+00
2.752136143129000345e-01
4.357311190073108187e-01
-2.544873617728408810e+00
1.417157259884270326e+00
-4.659260195619773781e-01
-3.923351787408857483e-01
-7.970141211445748164e-01
