-9.994947009783520242e-01
9.331005203545156279e-01
-1.186350490974186433e+00
-1.935090277195795350e-01
2.322106735497284635e-01
3.574262134422078740e-01
2.939347950996831216e-01
-3.459692282769783467e-01
-1.363613856788591816e+00
8.244217229844736927e-01
-8.892764819561361778e-01
-2.069481510230207211e-01
3.410448584454000565e-01
3.977841735820856206e-01
5.209946401048313191e-01
-4.965766301595059828e-01
1.035699529632313348e-02
6.328707058453835188e-01
5.138271873824795666e-01
-1.408346606039349580e-01
1.062882502835725163e+00
-1.034706777518933585e+00
7.226708713708168696e-01
-1.029787977950428424e+00
-3.065809948688739128e-01
1.051657332344211326e+00
1.718821557895092722e-01
-1.378284208924647425e+00
-4.100374544700685631e-01
3.806794669303347756e-01
7.006602206069167948e-01
-2.785627188216359754e-02
3.332994821340595770e-01
-4.978726829363774864e-01
-5.462839880540729665e-01
-1.330379588661654955e+00
5.476968701702351616e-01
2.390364333734147639e-01
-9.436709705367675449e-02
-7.449218775013800864e-02
-1.651410944529000946e-01
8.454652480303062601e-02
-9.376838156364574184e-01
-2.844024662982464591e+00
1.027087684567727227e-01
1.056617905488924869e+00
-5.387563155611536925e-02
9.557162490635842667e-02
-2.071599552942000599e-01
-3.190846496318508474e-02
3.308387665332886418e-01
-4.140095399576970703e-01
2.078947374796915881e-01
5.786375754460662546e-02
1.479500127507496210e-01
-1.150390885821031439e+00
3.804575929866353956e-01
-1.259024009272716293e+00
-1.579517443816960409e-01
-4.169661877975807673e-01
1.394381358980425478e+00
-6.312084405009249499e-01
1.576731872643372778e+00
1.378742116478112734e-01
6.331981582248434604e-02
8.973220671920114633e-01
-1.535177946043003505e+00
1.644858871579596871e+00
-2.951777735714065098e-01
4.866558046568872364e-01
-1.309562881658444367e+00
-9.826558934977769333e-01
-1.140464681944668435e-01
-2.604470458093401941e-01
5.832873951858486006e-01
-1.268522024098982959e+00
3.462031282787670916e-01
-5.982819369643397334e-01
-1.329837110099520547e+00
2.097449507010551994e-01
1.277813655083846811e+00
5.518908109560536346e-01
3.689157055107126770e-01
-2.648637487734465876e-02
-1.499020455348361869e-01
-6.309316232826844839e-01
-1.272328486921064650e-01
1.589257036349789098e+00
3.309075911433703721e-01
-4.457961713433651330e-01
-4.509608441170280813e-01
-1.284380943690608845e+00
3.217334174648094347e-01
1.029880589826947856e+00
-2.180738154346994140e+00
7.173164216245044855e-01
-2.874473727015554592e-01
1.959115349238751635e+00
1.347995342899046323e+00
-4.215512937539409588e-01
-8.991475680378542279e-01
-2.249583929211303734e-01
-8.039873903903973495e-01
-8.630584175535727098e-01
-8.381607643609161329e-01
2.049384598028071713e-01
4.523932030954441186e-01
1.804241690879271109e+00
-1.700344274410140466e-01
5.002503404966729406e-01
-1.153280827627502836e+00
-1.231829078159645707e+00
-9.894147534131298993e-01
-4.501856079834205132e-02
4.224729285838522280e-02
9.439610846056540883e-01
6.736716325087847013e-01
-5.819328333145427079e-01
-1.146007044862022983e+00
1.279183198018083223e+00
3.630662518471798883e-01
-8.937560826130733771e-01
7.234192631623355130e-01
5.314209522365502814e-01
4.857490087100105880e-01
-4.236259943812840656e-01
8.989239366774530726e-01
-1.315006443271026004e+00
-1.484012210548117938e+00
-8.291028315112528024e-02
5.863939165128780051e-02
-1.166392066931300375e+00
-1.496266271735777531e+00
3.162427946817095159e-02
-1.180346798414261489e+00
-3.814833474002267133e-01
-8.804046180999463012e-01
-1.490875202117787124e+00
1.182013165245236586e+00
-8.585998704171886597e-01
6.071151044972998567e-02
5.762200621606931028e-01
7.625567169368642206e-01
-8.440156490140767742e-01
5.788804064732556709e-01
-2.495799144670439174e-01
4.009549578683350712e-01
-4.623764701929896637e-01
-5.268718587660282671e-01
4.557510790657419708e-01
-1.323752102876601944e-01
-3.885859939576533639e-01
5.767127838528338657e-01
-2.157864799646155018e-01
-1.202119660458085715e+00
-4.099349611901189072e-01
1.904691554515528518e+00
1.202374241098731478e-01
-1.861663405635888280e-01
8.863280312050725307e-01
1.022740408145953322e-01
5.676105793024195656e-02
5.377566130879882778e-01
2.146627537394023011e-01
-4.100554613451715125e-01
-5.939475084229934865e-01
4.418476890875798757e-01
-2.517534114507633536e-01
-7.581074119216373308e-01
-7.939079712028357383e-01
-1.100468667939263012e+00
-1.117217956482902563e+00
-1.141677640045761555e+00
-1.414521047623202576e-01
-5.213550998604973286e-01
-8.505168608312101419e-01
-1.035339507533343389e-01
-9.133888945050436803e-01
7.350254752626612653e-01
1.384868425311316098e-01
-4.177360395661330883e-02
-1.419495548336960691e-02
3.623186965590383668e-01
-6.517910680848501004e-01
-7.098906418976886901e-01
-9.241912425454855695e-01
1.438904490352167942e+00
7.790569467437807871e-01
1.671576835221917356e+00
1.997832425488419716e-01
7.963086128545163178e-02
-8.981124469318467751e-01
9.645794319059555755e-02
9.910653557292952165e-01
2.574938344242106436e-01
-2.362746556283746024e-01
-5.543473740613378276e-01
1.638376688133306613e+00
1.702661591904006677e+00
1.932450506899524856e-01
7.374547352005151879e-01
-2.876507041549819510e-01
7.131995978778321588e-01
8.529807116853102000e-01
2.020182516365256031e+00
-3.832080988697103008e-01
1.291089734607167916e+00
4.215850078483017738e-01
1.013894688996892945e+00
-1.522828525152931434e+00
-4.874236288934540307e-01
-4.286067469038019051e-01
-3.400202190335845365e-01
-5.285538402114894341e-01
-5.431571393278782356e-01
2.363381539559158973e-01
7.927976314597089125e-02
5.613644458569426732e-01
-7.920298409191194322e-01
5.124690961728380900e-01
3.346290182055010609e-01
-2.005651957231409988e+00
-7.284896516245301656e-01
1.103071618752928806e+00
9.779379028243567751e-01
-1.589876752804403548e+00
7.986977256096441380e-01
-8.174751908381324705e-01
6.454352542535168880e-02
-8.221326199409980662e-01
-9.358071485668567613e-01
-2.015565015984661923e-01
1.248079021778158326e+00
4.794652136812473930e-01
-1.666113539019137280e+00
-1.332114042856380687e+00
-6.828987442349763182e-01
-1.471595516797801872e+00
8.132214923528404693e-01
-1.146781756350485404e+00
-1.750490180745758462e+00
-7.250886601164767686e-01
-9.969692771321655433e-01
-9.317692109573291193e-01
6.847419192593372506e-01
-1.020002591542623627e+00
-3.036255550816683302e-01
4.990145202670340230e-01
-1.611119828242353114e+00
-1.012968968035013878e-01
-8.796180819749499502e-01
9.531095111385287089e-01
1.155714023704095039e+00
-2.825215898060645658e-01
-1.149857271239456358e+00
-4.246093767143704345e-01
-2.356260999836945202e-01
-6.850442218289592988e-01
-1.135205325699288670e+00
1.640388937100504485e+00
-7.049750268369063821e-01
-3.400534962486729817e-01
7.833202645744895554e-01
2.782655039647143336e-01
-2.450227037921672013e-01
