-4.412543736970157560e-01
8.058082464130686962e-01
5.671492837566274869e-02
-8.263000595179358365e-01
-1.843644529021244205e+00
-4.951515486260808507e-01
1.193191632756310655e-01
8.814563686194407111e-02
1.652556468619159613e+00
-3.190415066555029600e-01
8.459520752075050387e-01
1.335062096556717703e+00
-8.009610489172432068e-02
-1.005639865718499282e+00
-8.814834848147848900e-01
1.509848009260781776e+00
1.357169138814942055e+00
1.394933044879087813e-01
3.146627372307025383e-01
7.914212731953600422e-01
1.397726964716821119e+00
-4.535623922637903593e-01
1.621864599411830143e+00
-3.581307191132588330e-01
-3.527691816534265778e-01
4.379237680500527308e-01
1.263235756881621930e+00
-4.402006408617823996e-01
-1.214760259105060136e+00
5.397521675759306761e-04
2.189102214545354808e-01
1.638693051920123045e+00
-2.374678482832470461e-01
2.080805080611171365e-01
1.506835011180317041e+00
-9.628242790701445619e-01
-2.827338203064450051e-01
1.155776194411135327e+00
1.304347534582912249e-01
-1.152971386907723945e-02
5.078853457805027061e-01
-6.652063328591231728e-02
-1.103343976454141062e+00
8.135757125155185232e-01
1.027322446654459709e+00
7.145132408923591250e-01
-8.238825181706269651e-01
-6.882767058737936094e-02
-1.171718873882106937e+00
-1.683652698390193159e+00
-3.414077545717515982e-01
5.793584936638317834e-02
-6.223650135634110070e-01
-6.186301604211666971e-01
-1.357048606730129725e+00
5.510132310191686589e-01
-1.391864507292600583e+00
5.813677529743813688e-01
1.099767480853297119e+00
-1.002084489437727877e+00
-8.445408725151405394e-01
3.080759178769941209e-01
-1.240949945329236526e+00
-2.922572029844466845e-01
1.187446872334503856e-01
8.054852568459703877e-01
-3.106116123646892602e-01
7.236158402929333544e-01
1.124776991202299931e-01
1.016911525101422908e+00
8.018277550723411640e-01
8.186245845214934480e-01
-8.883742783036799873e-01
-6.037258724872188731e-01
9.406801504760977650e-01
1.880713096437424403e-01
5.243608179832034422e-01
-1.235397471581706652e+00
9.717375030212791476e-01
-5.374549461392967575e-02
-1.499351734926759327e-01
-2.138997350360045235e+00
2.887658996988722859e-01
7.650529138679557084e-02
5.966650661509065312e-01
-4.706448814143978088e-01
1.118467885785755733e+00
-5.713846714207606592e-01
-9.705757313317150414e-01
1.433746775149756569e+00
2.369846073094082350e-01
-2.043447542586745325e+00
9.548814011108309741e-01
2.180267080182857475e-01
5.803052098898984212e-01
-5.686232374150456126e-01
9.716342249006724163e-01
7.554209890455170218e-01
-1.824176030662066683e+00
7.536651478320924857e-01
-1.160585026239359330e+00
8.107117357253292855e-01
-8.242695181497071699e-01
-1.311875281825415573e+00
4.431432929009367916e-01
1.750737239007210677e-01
-6.213097173314885424e-01
6.018739086430072716e-01
9.604674300394836495e-01
-9.391360041406524028e-02
-2.020855706771892191e+00
-4.359728339297983535e-01
1.260175830867418911e+00
1.753096667736307568e+00
1.384237386585542295e-01
6.892336963129572780e-01
1.512014437527126942e+00
8.989664467336652698e-02
1.165045037372067993e+00
7.425676395414750885e-01
-6.579014714122191076e-01
-1.292091764998448689e-03
-2.849515956746477285e-01
6.302990886509052260e-01
-3.586956674100009179e-01
1.032035535827096950e+00
1.228930499571456281e+00
-4.210542309480345691e-01
5.420084737859121038e-01
1.705439236811480797e+00
2.843668096856248328e-01
1.112584803582109538e-01
-2.051725988888235264e-01
4.110809602505764437e-01
-1.213011717558466485e+00
-9.245066042944682927e-01
5.838164030301761231e-01
-3.477255523920133040e-01
-1.396847567897921416e-01
-9.460302050681260733e-01
8.243589513729882023e-02
1.419838817845999301e+00
-6.044607068397612748e-01
-9.135800105442060115e-02
-7.152777670154361056e-01
1.103899331592087751e+00
-1.056845502555414207e+00
2.341957675513882120e-01
8.081769234632005250e-02
1.365913563480282811e+00
7.153821516224198040e-01
1.414011123516581425e-01
2.444916032729262390e-01
3.848829279180369933e-02
-1.187513807378577924e-01
2.719487545231379921e-01
-5.319447656692780635e-01
-3.209302303046754901e-01
7.563260425349984661e-01
-6.600104979369230129e-01
7.508757650556940888e-01
4.623138280666233557e-01
3.093751148691342157e-01
5.715351723537799300e-01
-8.466469211204806777e-01
-9.515252392155417738e-01
-1.157616563926422149e-01
-6.676922416932258297e-01
4.300315978087750901e-01
1.431473357992709028e+00
8.585525575311972468e-02
-4.315663307421263584e-01
5.326463087767465687e-01
-8.758232037324680253e-01
1.016896875099265879e-01
1.355847395625614293e+00
-9.555186165934108633e-01
-1.329990270628519822e+00
1.531750343259468128e-01
-1.042150968148763290e+00
-7.736988957010190182e-01
8.875532505028526087e-01
1.734548123398512942e+00
-1.040169116165131191e+00
1.766904216263276983e-01
7.441172451801633114e-01
-9.923595276053666092e-01
1.155431297598335627e+00
1.121728553385788807e+00
-4.207595328735963536e-01
5.568568635949212586e-01
-1.194656457849977871e+00
-1.637138448179894734e+00
-6.045299303056491658e-01
5.879564262665316204e-02
9.150157012176183269e-01
-1.347714939644381937e+00
-2.350550267487220568e-01
-6.157139246552940925e-02
5.646820456001174771e-01
8.002799899084732660e-01
-1.028170918747682849e+00
8.515985343671057806e-02
1.008869160213689664e+00
7.271213366889763829e-01
1.327717118990216827e+00
9.347542620057895935e-01
-1.465164768423731223e-01
6.634273439127916783e-01
-1.049567787369142247e+00
-1.187450940701570312e+00
1.245177233020469787e+00
1.146653613084332557e+00
-2.245879227977331638e+00
-9.533212520695374392e-01
-3.694495037385084890e-01
2.192212733345654474e+00
4.839673842398727888e-01
1.637419333092134055e+00
-4.747501875338687172e-01
2.021332847393412013e+00
6.280371278741122554e-01
-1.012266303970121628e+00
1.553631971833844549e-01
-7.336292218642788132e-01
8.300437368294868445e-01
-6.405477666167368467e-01
1.269602269005799755e+00
-6.856959898094192596e-01
-2.241643805081587892e+00
-1.091455127160295913e+00
-1.944203556004263922e-01
-5.869021523211965380e-02
-6.646935249980773230e-01
-1.115690263414209182e+00
-1.393048729477036340e-01
-1.867571520413310093e+00
4.173066104968023438e-01
2.997312363340615127e-01
-1.206940663900077232e-01
1.835068596497830273e-01
-2.862496091023519762e-01
-1.042866824370762169e+00
-3.750886478776520039e-01
-9.169993863245243793e-01
-1.426489696158845577e+00
-1.592990478604142002e+00
3.693635851491429145e-01
-1.951777631161950799e+00
-1.002169812580676389e+00
-1.423396930614463596e+00
6.252783222363443860e-01
-6.516638949314879081e-01
1.674476519903491112e-01
-1.648802988042985529e+00
-9.092983432981266434e-01
-1.163013553570358516e+00
9.648873006217085768e-01
-1.787433261832205300e+00
3.503352046705346390e-01
-9.823657108611530964e-01
-2.997643202735115753e-01
2.579073842050886856e-01
1.381123490985609048e-01
1.123188442965191047e+00
