6.195045363046196574e-01
-1.402287465947109402e+00
-1.137817236638645424e+00
4.779854416700426989e-02
7.141679597741046326e-01
-4.463864052993508635e-01
4.229181455154882308e-01
-9.506887240850736553e-02
1.283868753540956809e-01
-7.728537913845306973e-02
-1.038267296202901972e-02
2.531490657691041424e+00
1.028416915432685430e+00
1.860429202457071539e-03
-2.508557052859704317e+00
-4.421514448547081422e-01
3.431836698327873636e-01
7.573112599798532685e-01
-9.674368072632255622e-01
3.525366089381826162e-01
1.063873748994411450e+00
2.998635132721889640e-01
1.483594338591501138e+00
-4.298327098696950732e-01
-1.787646257295955055e-01
3.073877547036262241e-03
-1.626443223301038687e-01
-7.213561280121043584e-01
9.950253221848358587e-01
7.241470920100581132e-01
-8.481990861411410343e-01
-4.770977259132385129e-01
9.888346428522399867e-01
1.350099777623954944e+00
1.212733668370677753e+00
-3.056053931969008319e-01
9.784028203943968549e-01
2.962837317018726657e-01
1.019438300542262033e+00
9.349863922504613178e-01
-1.762757927134760427e+00
1.204161282502489855e-01
-2.220153154886899197e-02
-4.421408182676251908e-01
1.035065403818626661e+00
-4.696510093403866160e-01
1.491844220267328991e+00
-8.141978803180922597e-01
-6.502074115035415547e-01
-1.207772691786108021e+00
-7.677743654311666721e-02
7.549771955346371577e-01
6.505396974364030527e-01
-7.863287794959833432e-01
4.868101419531124519e-01
-1.338215001002750482e+00
-4.333018907642235268e-02
-3.362890859230044938e-01
-3.112718753841997366e+00
8.444989134112049767e-01
9.622401692509574556e-01
4.997531730278517714e-01
-8.084762351699346095e-01
3.897172626755803226e-01
4.029846610411113028e-01
1.107029994602620970e+00
-8.180776447907037174e-02
-2.634566719333339413e-01
-1.570154630125695672e+00
-8.052057489357213882e-01
1.747858740881243156e+00
-1.604005602890751669e+00
-4.921823306446894142e-01
-1.580142166076012211e+00
5.274949521816130193e-01
-9.045969849495197890e-01
-3.174362867064882132e-01
1.388953835449544538e+00
-5.345317382864208655e-01
-5.496568028412249785e-01
-3.975494846756031930e-01
-2.737782530971347938e+00
3.317687016544354495e-01
-2.632210294086659852e-01
1.152963626003509212e-01
2.023822460167931769e+00
-6.040705785067121969e-01
9.011543115228000111e-01
-1.033761607771453983e+00
9.918499504690517776e-01
8.057260517232317509e-01
-6.747338122854465992e-01
-3.203859325168272876e-01
-1.199572286087410067e+00
-1.720807193645073507e+00
7.130777237129319601e-02
-8.713996457277466412e-01
7.810753020716251216e-01
1.798547755575021223e-01
-5.586296952613712952e-01
-3.338688209626272108e-01
1.602054276904837593e+00
3.947455817300928316e-01
-3.391025586107485057e-01
-3.506182400162633495e-01
1.051489653475606856e-01
-4.042119533951449850e-01
4.812438133802789814e-02
-1.627042257334282982e-01
-8.609530983684756666e-01
-1.453591666380561476e+00
1.104098459889670591e+00
-1.129199006143795092e+00
1.849971597620158059e+00
-1.487302117245938859e+00
-5.588178229423328841e-02
-6.723088326875694687e-01
-3.908418855309137574e-01
1.326561127705833121e+00
-3.075067393598430732e-01
8.789425832511659209e-01
1.765892205471178977e-01
-3.081315367047922082e-01
1.598722978801791594e+00
1.550525220489598066e+00
-1.679787641686742994e+00
8.361247678654357696e-01
4.500333529626693307e-01
-2.805789409902730847e-01
-1.139007217121766002e+00
-6.603766815043837779e-01
-3.893974818861302423e-02
7.582159774165650457e-02
-4.288173761742441470e-01
1.152219023509088558e+00
3.107331618661369754e-01
-6.926722091628131350e-01
-3.413876830254831685e-01
1.044289778660744572e+00
-1.208403372439236095e-01
1.487928286690220203e-01
-1.673709853821516491e+00
-7.964943494155320991e-01
1.494561186504398398e-01
5.209969081718812678e-01
-5.210761607918388272e-01
-8.505217923094069432e-01
-1.234332539559315434e+00
-8.372788509464984541e-01
9.355483190228883750e-01
6.922534312971952986e-01
-4.232957508753383835e-01
5.927212169329183489e-01
-1.193475517200420777e+00
-7.207278461386232848e-01
-3.371157935178780152e-01
-1.159891652248301375e+00
6.408829625774070671e-01
4.298757262113656608e-01
1.334518789737794975e-01
2.387618606680734501e-01
2.002180120371896410e-01
1.258415189518891752e+00
-2.621840941283430038e+00
-8.107901307994387352e-01
-9.710582971052739154e-01
-1.184846543655921458e+00
-9.513860241144470042e-02
7.392722551202554060e-01
-1.896405333467227283e+00
2.473369255826622093e-01
-5.975419815553519864e-01
7.116127290332955324e-01
-2.532070824513485419e-01
8.221874239457354072e-01
-1.652540970627210393e-01
-7.630130873559355376e-01
1.945443921039660962e-01
8.466716381119380186e-01
5.999507153612937405e-01
-1.476299056017492450e+00
-2.070200608800308872e-01
-3.839156799454038205e-01
1.053458584539897769e-01
-2.485167869226239945e-01
1.798004615941459106e+00
8.118649057662516988e-01
-1.067220160519841032e+00
5.205835509252633164e-01
-7.825575885687494626e-01
2.798465748138386777e-01
-1.611312247477066473e+00
-1.949308122929283849e-01
8.209048338228930319e-01
-1.816926175514815833e+00
-6.450545339231421593e-01
7.336930760147980513e-01
2.616200183206505714e-01
1.549030776771049833e-01
3.969701553059343246e-01
4.846866801018064747e-02
1.624867663174772991e-01
-1.007912300910450254e+00
-6.866424770479448991e-01
4.620582006821676302e-01
-6.411693608788161525e-01
6.814644525151175580e-01
-4.209854988742284948e-02
1.244055082314146632e-01
-1.351172218337023612e+00
6.793109446470405599e-01
-7.236581005843485404e-01
1.440577783742344131e+00
1.181910286907062568e+00
1.206998884190267907e+00
4.750923738967195997e-01
1.519188558074785256e+00
-5.349204428464880978e-01
-5.653814089642515972e-01
1.436377308936354291e+00
-8.809014223326286919e-01
-1.299805047252745371e+00
7.804724782783381554e-02
-9.410923982343802896e-01
-1.136686159983012256e+00
2.323048793480402274e-01
-2.000708298822067577e-01
3.553605134289994361e-01
-7.526433766565415739e-01
3.036341421326602119e-01
-5.748580207573419365e-01
-1.117327119469953972e-01
1.623638256719545647e-01
1.140076751751515127e+00
1.133971673749822440e+00
8.652844130075864060e-01
-6.554193200241011097e-02
-1.530622650862920153e+00
7.121994464690386550e-01
6.457319303201842775e-01
-3.102857792718089480e-01
3.465976457278633349e-01
4.499572920499802509e-01
3.847076639184432434e-01
-3.790877999714329510e-02
-1.839455530385921023e+00
1.076078103467080549e+00
1.691489438021420044e+00
8.464072189381568467e-01
-3.251612071583424579e-01
-1.467308349406633683e+00
1.475215790253766590e+00
1.618501733146753718e+00
6.387901125501336264e-01
-9.338350596386378599e-02
-7.172273123985166698e-01
1.621690356002416789e-01
1.387344949380186820e+00
1.445010357889842112e-01
-3.433608058939255914e-01
-8.429825108089692431e-01
-5.684118890648408584e-01
5.157727768551171460e-02
3.854172921418100306e-01
1.247066764398628402e+00
