-1.433496463047905789e-01
2.131421326190183763e+00
4.799426893872634770e-01
2.431798910607504194e+00
1.254141455097243618e+00
1.744914737917042880e+00
-1.095871034339261696e+00
3.822563731029318679e-01
-5.912373299054173303e-01
-1.263811763957384260e-01
4.493302537057797946e-02
-1.464277194509161939e+00
-1.488449610059505712e+00
1.199225816129134037e+00
-1.328596612432316526e+00
7.657984005850060338e-02
-6.622604848876183503e-01
9.910265079184531478e-01
-3.492807271231186950e-01
1.096459557679436037e+00
-3.458145792130370988e-01
1.204969687030101433e+00
4.493969282231758400e-01
2.204814037618293698e-01
-1.373373300769277494e-01
-1.525726649357859843e+00
-1.148040855613683187e+00
8.345132961302212937e-01
-3.852666462838137684e-02
-8.123879021928674948e-01
6.405750795662422670e-01
-3.780004705839882795e-01
-7.231220632755580580e-01
7.436164367610169634e-01
3.673007053266295618e-01
6.208156204111612286e-01
-4.772050472790915210e-01
1.303434165964766134e+00
5.431091089806245886e-01
4.726704975202550285e-01
-3.385193578813939230e-01
-3.521616923911127794e-02
-2.714287521576522200e-01
-2.829954597164531793e-01
1.303887670153529355e+00
1.162953298680130754e+00
-2.104570081216439875e-02
7.118076721775924431e-01
-1.589203118678548909e+00
-1.175344132810087538e+00
6.319601214484193985e-01
4.132409716725142790e-01
4.652028233753069952e-01
-7.748148507099804627e-01
-1.972727334888084938e+00
-8.814765089260948594e-01
2.858690110748907109e-01
1.574822186640822741e+00
-1.428838561925514394e+00
8.079289551096749400e-02
-8.586201427303931100e-01
-5.339254724875823754e-01
1.661996303069291359e-01
-3.532094489559319817e-01
-6.159345414715559075e-01
1.345114644916374780e-01
1.026728708008028068e+00
-7.948079187273405788e-01
-1.682188225114578772e+00
-2.009513530710853868e-01
1.339728030767836364e-01
-4.626973800373024304e-01
-1.240592048975936557e+00
4.956757816318757004e-01
1.077868008678529721e+00
3.727980207297844073e-01
-1.436603104276224840e+00
2.143131166970013157e-01
1.082073455599992517e-01
-1.364626131004230247e+00
5.547501960893675976e-01
-8.160757244956868828e-01
-7.042457238883568227e-01
6.688460457331983910e-01
7.124709392698943544e-01
7.269370387338474071e-01
-1.174908693436012896e+00
-2.937778745501342659e-01
-1.975639908082864604e-01
-8.487138090321230122e-01
1.108392204374692769e+00
-1.456176729945957149e-01
-6.439585362589941298e-01
-3.691709766715151747e-02
6.662712963005366085e-01
-9.441613549149832085e-01
2.684350496066958414e-01
9.709679424421131522e-01
2.206304364469795498e+00
-6.561851349186260673e-01
-3.487715408535330686e-01
-8.623993974536287022e-01
2.468513246030758501e-01
1.521492815636311446e+00
-6.572598466275957341e-01
9.056763482530284515e-01
-1.200669617252037025e+00
-1.177888805862860933e+00
1.474670963689735270e+00
-3.172573887988550112e-01
-1.044611998073225329e-01
-5.339595087725489825e-02
-1.151176584840774980e-01
-2.979997478048632686e-01
1.225938572783273450e+00
8.113826526148377738e-01
-4.928406933218615338e-01
-4.385610322299364205e-01
1.494011688839867569e+00
5.492381475887656572e-01
6.477291560923124081e-01
-5.748104677773934190e-01
9.056908382066324315e-01
-1.019502045836182313e+00
-1.830709029816799838e+00
-1.529545374414340353e+00
1.216286644507027503e+00
1.280851149685742763e-01
7.615299020182474399e-01
9.781470977337117789e-01
-6.588782104171446267e-03
-7.178299176422463512e-01
-2.243049408739095918e-01
1.020388199332048940e+00
-1.371711653096064021e+00
-6.152913019433120523e-01
3.862568587862330594e-01
-1.059934013486281801e+00
-2.678379587821687613e-01
-1.069177649947528064e+00
-5.188343080792029438e-01
-5.706376172575246264e-02
-1.254693175151656848e-01
1.605721223755088647e-02
3.154645282441589371e-01
-3.510077484545303661e-01
-4.518587848894003445e-01
1.213437210892400336e-01
1.997942520044521664e-01
2.257094893699368443e-01
-7.014371831118335621e-01
2.588264164225662078e-01
1.507333266830167329e+00
7.640598331492673978e-01
-2.961175341250681825e+00
5.266324842342389179e-01
1.267016429151745394e+00
-4.590335998834267905e-01
1.060775208329094665e+00
3.852227001545872054e-01
9.564476807605973852e-01
-6.836158822727940176e-01
3.057882257163144994e-03
-9.221734538439081419e-01
-6.863763035311142013e-02
-5.984166335358038769e-01
4.895546648887858510e-01
2.017576528184625850e+00
5.210256496713269181e-01
1.192444156947628287e+00
9.018188598959951952e-01
5.938907086008706759e-01
-5.820021515718969418e-01
1.405471738275044125e+00
-4.163916264974223402e-01
-1.571504424804786859e-01
6.712382717319386183e-01
4.508156380161562060e-01
-1.604928645840506818e-01
-8.364910372408634887e-01
-2.029792888656518191e+00
8.179613852835410093e-01
-3.962933706960375946e-01
1.817638105058021203e-01
1.437021699047895451e+00
7.806631739418041782e-01
5.656600625353513934e-01
4.167753791802035201e-01
5.111584722376671941e-01
-3.803696952352990657e-01
-3.870537157089252167e-01
4.186297601520154732e-01
8.612119434645142402e-01
-7.382103371782602341e-01
1.529067679533122170e+00
6.759435243745269828e-01
3.825431353127294321e-01
7.843480312695186862e-01
-9.541547624817806050e-02
-5.507100143382764879e-01
1.312014342796876010e+00
5.132494575134568388e-02
1.018696099706608432e-02
-1.173308014387225873e+00
9.482938815289333467e-01
-2.749144966455576711e-01
9.876125559359854034e-01
1.429475650748609494e+00
3.188239736122668866e-01
4.486661506325594767e-02
-8.378383928676096382e-01
-1.241012796537261487e+00
-9.308231216542403041e-01
1.539924686011217014e-01
2.074976078718954176e-01
1.631582446501339823e-01
1.591974227307464185e+00
1.064914283536027462e+00
-5.639757083691358114e-02
3.391122566256007942e-01
3.124358899230517683e-01
1.414647133025372483e+00
-1.035387160080118774e+00
2.554009176864339703e-01
-8.501914059099300314e-01
-1.788129849281797412e+00
1.064219649940940204e+00
-7.645595016068119643e-01
-1.632740104054564156e+00
-5.270337014792854102e-01
7.987650828206055431e-01
-3.140836079647867374e-01
-5.706933179995600236e-01
3.075061015188049307e+00
-2.391244221865728437e-01
-1.072083351021770437e+00
2.006258425337867024e+00
1.343593024064858588e-01
3.959109498958116036e-01
5.701100943041822466e-01
1.020282011087723761e+00
1.002459142160498029e+00
-1.163393080713569727e+00
-4.437177625365494871e-01
1.741459162845158559e+00
-2.213086564812272172e+00
4.223869100305014945e-01
-3.037125409750319749e-01
1.282301414554100516e+00
3.779409596712166586e-01
-9.652196232873491155e-01
6.670351491671411281e-01
1.149745963289867667e-01
-8.360376740711895627e-01
1.074431329721982076e+00
-1.153318123632164349e+00
1.451330810304778639e-02
1.291542763258874515e+00
6.472313323640646043e-01
4.939519092962348368e-01
-1.900814770050315156e-02
-3.850690684665872832e-01
-1.573461491095490966e-02
1.317804630687267275e+00
-1.579813503940497466e+00
