7.839674839395085471e-01
5.358000320901991076e-01
-1.061785522324222297e+00
3.355934302564708149e-01
2.946228776437678221e-01
1.153175944593291646e+00
-1.151056865093756709e+00
-1.258105672109391504e+00
-5.061851231291564224e-01
-4.716706839067663637e-01
-4.448658962106437076e-01
4.810148489529719740e-01
-5.096390459760847813e-01
-1.235662765734894863e+00
1.716287112135808757e+00
7.839266111210488885e-01
-6.465009297378258024e-01
-1.836876195474677065e+00
4.007416975193852093e-01
-1.272508060220992387e+00
2.238700221289600556e+00
-1.176865208795888185e+00
5.845665981477101703e-01
2.566716558017371336e-02
-1.136102447983051045e+00
5.075436987522429222e-01
-7.710223459092355736e-01
-1.538849968748567110e-01
1.033989738430977745e+00
5.629949544249359672e-01
-3.943910703664604278e-01
1.147154102335949721e+00
-3.666674215383174951e-01
-2.496077112124594599e+00
-1.260776802256283968e+00
6.226465272373115090e-01
-4.311594587206996065e-01
2.177219998380215848e+00
-1.001017774945868410e+00
7.949996724363841971e-02
7.889369748059756882e-01
-6.987189013948467975e-02
1.377869656154970590e+00
1.970325171061825531e-01
-8.509101800620210154e-01
1.228820011615569252e-01
-1.127442118624160800e-01
-5.195877232666189505e-01
9.664425015255966311e-01
-4.462498588965315705e-01
4.768169787013724625e-01
8.996415617035922185e-01
-1.159952952168508133e+00
-1.237813277910338794e+00
-4.200934370950489827e-01
-5.344530803631372118e-01
6.135883295939773552e-01
-3.823041463866233558e-01
3.611960453342259458e-01
4.485537469144207923e-01
3.080282604311513350e-01
2.047885425565529438e+00
1.034929346295949903e+00
-6.498788570550780852e-01
-2.299678173634858713e-01
9.471848811787336730e-02
1.258914425929285708e+00
-8.095794399521605289e-01
4.851222684474274516e-01
-1.432534295176775663e+00
-2.429642430188901636e-01
-6.030178476265598553e-01
2.719538938385038795e-01
-5.260329719189433817e-01
-1.324988538775503377e-01
6.990992519191823185e-01
1.169475710418640402e+00
1.865267074162387795e-01
-3.197646599821895586e-01
1.501995168213798193e+00
-2.219283316814321394e-01
-7.704242122884303878e-01
-5.793666464511386671e-01
-7.168995062668721552e-01
7.422284867673172304e-01
4.013693099973645873e-01
-3.307707146289226574e-01
5.471078577488411865e-01
-2.445954876078250684e-01
8.491731726859209628e-01
8.411209902631314739e-01
5.905328355254865075e-02
-1.175206002370931868e+00
1.738162500711897929e+00
-1.808948000909901821e-01
9.027732679502454838e-01
2.624075151662722538e-01
1.232013672708491381e+00
-1.083347239812124885e+00
-1.083576355670446967e+00
-5.137543561830313354e-01
1.145691642244604180e+00
-2.328846532453669044e-02
2.882132045847242141e-01
-1.395038666785018089e+00
-9.845003491771745496e-01
-1.177598843739507295e+00
-5.196919359726270837e-01
-6.000511114875619612e-01
-2.978008927540715667e-01
1.528008321219219978e-01
6.313931933262649510e-02
-3.539730933172618443e-01
-2.227757747784718800e-01
-6.092804093118557862e-01
1.348653805663853955e+00
-1.005318793321663184e+00
-8.122106611267574383e-01
1.178679287750472371e+00
-6.765374312052895300e-01
-1.744620880794564233e+00
-4.397456198631399804e-01
5.184353199569817772e-01
6.103162540719476725e-01
4.436741630081770249e-01
1.459392922343590027e-01
4.197822389598117043e-01
-4.012370015939036721e-02
5.451585206784157478e-01
-8.376585356555725781e-01
1.041040689324561619e+00
-2.761919294022374127e-01
-1.151197158059781511e+00
6.904101502062153228e-01
1.380493378311515418e+00
-4.411383074832851414e-01
2.186629958499363979e-01
-2.998377688962578381e-03
1.172636304033057408e+00
7.280235463559273090e-02
-2.979586820076383091e-01
-1.068351878752189066e+00
-3.818179547950292241e-01
5.977464753315294699e-01
-1.102695808838609765e-01
-1.037003546131834986e-01
8.062879495864950022e-03
-6.512626662687807100e-01
5.743457563652680786e-01
-5.747896624691373191e-01
1.737150819769909815e-01
1.398005422163725031e+00
2.030502007855057023e-01
-4.525347504239637386e-01
-2.191077632860499058e+00
5.306635900844408615e-01
-4.154536125350359321e-01
-6.830241439809033865e-01
4.599601344884965970e-01
-6.301303786598672074e-01
-1.318617049419893661e+00
-4.442876312080239476e-01
-8.596033174363214568e-01
4.603635000353458184e-01
2.327372135512249529e-01
-1.013005213223225898e+00
1.394629197167861046e+00
-1.528461519869835028e+00
-1.086129916110548210e+00
-7.507211507658113625e-01
-2.678467212258860419e-01
2.113110608088357434e-02
-7.816851988215819391e-01
-8.207763918683739224e-01
1.153991361471025989e+00
1.090625922651768498e+00
9.349159952150886133e-01
-9.745178869327461024e-01
-1.436283423992813502e+00
-1.038852811108097463e+00
2.345965760386628518e-01
5.603668857088696109e-01
3.832535398819131300e-01
1.257119387107112685e+00
-2.269747982787507223e-01
-8.344769128849108264e-02
-8.798001676926301209e-03
3.469288145027055736e-01
6.699789611810996748e-01
8.820998541531284154e-01
-4.346455173200273747e-01
7.392470810902241896e-01
-8.226303931396122815e-02
1.809019505339378053e+00
-1.022538911261286820e+00
-1.015072885962998717e+00
-1.182462613693594733e+00
7.906403844280730508e-01
-6.998931994492791908e-01
-9.387313206198253379e-01
-2.029362289900942695e+00
-1.876737147200418510e-01
-3.720489753886143114e-01
-4.678728132966300524e-01
-2.687127933646052957e-01
1.225976647469434244e+00
1.238807020646732981e+00
5.351682418268098873e-01
-5.114722483654950969e-01
-2.095915055762746615e+00
6.648037929497297993e-01
-3.319924163246723015e-01
-1.051468722691490942e+00
2.424737739845360951e-01
-4.412725745097885732e-01
4.625086878481116104e-01
9.910492441721351076e-02
-9.569135242096840632e-02
1.664956680730051986e+00
3.509606676087288490e-01
5.505755916691567053e-01
-1.424624861450993096e+00
8.386290514101466531e-01
2.160965233238133776e-01
-9.084407461612216128e-01
2.528247632504907472e-01
-1.145353936414968077e+00
1.975372249836087057e-01
-1.443822185356530285e-01
1.374915054744189735e+00
8.011675473540518233e-01
-5.137696836359788577e-01
-2.118296108055131910e+00
5.180655258484964110e-01
-6.176670764499551103e-01
3.076623752915019772e-01
3.089577978917651957e-01
5.287548626297196019e-01
4.529651204641507722e-01
1.090466193358681890e+00
-7.918823043212428470e-01
1.203091707848667813e+00
1.136450629217500063e+00
7.780596779416105724e-01
-1.549378716991538507e-01
4.490424085450988589e-01
-5.827480621975651420e-01
1.462939462405396185e+00
1.126461975064783211e-01
-5.233196327192115582e-01
1.143266756423257924e+00
-1.295852001011806198e+00
-2.647719422339965600e+00
1.037953757825254675e+00
4.312617034841148556e-01
3.610114750613003798e-01
1.033257496836753164e+00
-2.631113661636912959e-01
-2.816790961764985002e-01
-3.938573314220126798e-01
2.053757828675921437e-01
5.094013817007920775e-01
1.357102382181121225e-01
-5.383921755428744405e-01
-7.820335459080310914e-01
