-1.376916989815915315e-01
1.264028456084773211e+00
-1.896322641034381640e+00
-2.749087980390870767e-01
-3.022733572287558124e-01
1.689063527253749752e+00
7.727440394998257300e-01
-2.557012280070888877e-01
-1.869280173922585331e-01
1.456190038520719168e-02
2.049024375179075541e+00
-6.017101111268664537e-01
6.578782552696708086e-01
5.646128432561503541e-01
-1.126127168177456950e+00
-1.936078265579969759e+00
1.885331459119183040e-01
-7.295201946118415881e-01
6.099679954062984383e-02
1.530407686821301461e+00
1.423865972964335702e+00
3.605422892374994248e-01
4.316249492965004708e-01
1.279882546751919037e+00
2.464628329344954183e-01
-1.411054929423488646e+00
4.484234130052796030e-01
1.594438116461534549e-01
-6.057694737959443132e-02
2.915068326955498335e-01
1.045832577520691808e+00
7.026872236358245871e-01
2.482936376889690877e-01
9.809450212053753837e-02
6.365659597619169330e-02
-1.088623473015348120e+00
1.733593844250203242e+00
3.324583221890379248e-01
1.082239162880132444e+00
1.701451367277554860e+00
-8.162534381726653798e-01
1.420472952957082979e+00
-8.999125422238866134e-01
-8.465270329913413550e-01
-5.228794806197497591e-01
1.820366262075694408e-01
-3.362165804832906169e-01
1.834691738218545143e-01
1.728747587893981530e+00
-3.781436079158415620e-01
4.427318537365935169e-01
8.364663146098659796e-01
3.000072737222704844e-01
-6.989613910728748047e-01
1.166080709316843905e-01
-5.232884090602304417e-01
-2.181255574787172857e-01
-1.225394530993409559e+00
-2.345273645012879715e+00
-1.794176318693025962e+00
3.584806548334593668e-01
1.323831839596004922e+00
8.790183020099135991e-01
-8.135916182304331334e-01
-1.439383174113822994e-01
7.337862520423550361e-01
-4.379356069894490555e-01
8.991920060307745377e-01
8.453857541243467999e-01
-1.091004801452852419e-01
4.581530620437057055e-01
-6.994128420260420365e-01
-1.043923380958649672e+00
1.021374306280573796e+00
-1.640767223390621754e-01
4.051611316789741069e-01
4.331113895812417347e-01
-2.969630070895200036e-01
3.461039202654589975e-01
1.134786944840275646e+00
4.054040208079052743e-01
-1.645248746261896711e-01
3.713823406950405876e-03
-1.151888310489644907e+00
-6.495305527958536995e-01
-2.969895499559151997e-01
-3.467480457379307213e-01
-9.384586285062531674e-01
1.929472138555172467e-01
1.001840826424390762e+00
3.084401346045235748e-01
1.195311342366832896e+00
-6.055739777059884199e-01
4.962555912933631630e-01
1.375964791711641766e+00
2.192302902510608609e-01
9.664300410828182697e-01
-9.793388033596689413e-02
-1.277792505254000455e+00
-5.964027824812047074e-01
-1.040132260205548498e+00
3.991800425775629546e-01
2.530530500795746818e-01
3.900477472529391698e-01
-8.951430713297209296e-01
-8.518634780280468499e-01
-2.356624822344296766e-01
1.623790692868519958e+00
-6.005271937409313310e-01
-1.141189473389602860e+00
3.050927634551002243e-01
-7.086044736043760617e-01
1.228693800922982637e+00
-1.970418293341046567e+00
-8.394653524483297602e-01
-2.449544556528086003e-01
-1.324438828894961118e+00
5.872170863891323922e-01
-3.004104233573859917e-01
6.027478305288578309e-01
5.001650921774718483e-01
8.242089701365628018e-01
1.104766649606492707e-01
-9.133844200343209374e-02
-8.897551600919193504e-01
5.336766974278767117e-01
7.612981472493731694e-01
-4.518724169047366734e-01
6.058475541975010259e-01
-1.349057227678836401e+00
1.067164777190520719e-01
-6.143819451285413846e-01
-8.777002433476671639e-01
-1.137692238576470505e+00
-1.390671753796739241e+00
1.090901489514175315e+00
-5.161352632772771010e-01
4.533706528884336451e-01
-1.140783120049983612e+00
1.864360394524697595e+00
8.801523983198794587e-01
1.770649649416718152e-01
9.362761023505485891e-01
-8.030362232960484015e-01
2.593131832319449659e-01
3.157013236962586955e-01
1.404145922907056532e+00
-6.353638629053599551e-01
2.850437884056600812e-01
3.235745798078006330e-01
5.538062488276656037e-01
-4.139065914925769626e-03
-5.401349530161442258e-02
8.584013036868763935e-01
8.436174050195452967e-01
-1.514888871198301901e-01
4.271828190217437649e-01
-1.905719206386632947e-01
7.653666641929310864e-04
1.346831941077538231e+00
2.415546328741118742e+00
2.857455236170162172e-01
6.322390431381239573e-01
1.303243039120103974e+00
1.244451313243266632e-02
1.373124825702473073e+00
2.535999819928217436e-01
1.445739970552898601e+00
-5.927452874984269204e-01
-2.210818155373253102e-01
8.875004218129037836e-01
-4.437663764418837142e-01
-1.978620704294856258e+00
5.624073916746061969e-02
-1.308005652199186519e+00
-6.989346043204086589e-01
-2.583112971105364086e-01
-5.009757406919731482e-01
8.874440002895693791e-01
-2.016739292501688041e+00
1.419977713454079415e+00
9.179058362404064475e-01
4.068770862538595434e-01
8.400822733957433730e-01
-4.075949157435897474e-01
1.877247850373229943e+00
-7.545937764360285405e-01
6.491851545334981211e-01
-6.243425300755420793e-01
9.122135000384055115e-01
1.449957927837133842e-01
-3.160107327461536553e-01
5.639352909334640618e-01
-9.799252560554840841e-01
5.167853578585862584e-01
-7.756204415743691571e-01
2.402339541110953269e-01
-6.415797511061261948e-01
-6.075390457290812396e-01
-1.557989968121753055e+00
-9.727809503228558308e-01
-5.269311318007102729e-01
-1.807172384891793104e+00
-3.471316721677419337e-01
4.290292536755813679e-01
4.953472828367158631e-02
-3.197184758489922118e-01
-1.917594897287118627e+00
5.315949173242232595e-01
-9.227712698434605842e-01
-1.055424451645420592e-01
-1.336170565947762678e-01
1.703139457257555334e-01
7.641080254433192387e-01
-6.283910600991249318e-01
1.480961479239751022e-01
8.685860204486393066e-01
-3.786239256432844535e-01
-3.469232012856115488e-01
-8.833237673041015592e-01
1.956939674738861656e+00
1.772877988725961307e-01
-7.895129279530233024e-01
1.402724533533692641e+00
-1.204545059337268631e+00
-3.987936999171430297e-01
-1.244230776349829481e-01
-1.787773389902312382e-01
5.601494653107463861e-01
-5.880671045289963539e-01
-2.420980981438641544e-01
-2.728849845791391782e-01
-1.379011547848950081e-01
-5.031756066730984633e-01
1.449908464907555261e-01
-1.519394116831078168e-01
6.547360187919323282e-01
5.212268757978161249e-01
1.859864692653128426e-01
9.569349494134098133e-02
3.155420536316362878e-01
-2.584789704163941160e-01
-9.392467427387675150e-01
1.590417365173260045e+00
1.039223327113269618e-01
1.418040080883726795e+00
-7.384036887880830458e-01
-3.310217066809925113e-01
-1.087594704213813657e+00
-6.078176264559180808e-01
-2.557253440895419505e-01
2.909502850273046337e-01
-1.021269449043792132e+00
1.398327233262138147e+00
-5.382816119432958235e-01
-3.325080340302380977e-01
7.582395921108355807e-01
1.080267961608135430e+00
3.943045675775790904e-01
2.483471546221985016e-01
3.749927397832349407e-01
3.348136140591962961e-01
-6.747013607696894510e-01
-7.588933758224100656e-02
2.566578263351732558e-01
