6.580953421623985111e-01
1.495151467519768795e+00
-5.443732258228936027e-01
-2.385905296260220632e-01
-9.403059783393342697e-01
1.652069049126921652e+00
1.197182956822019584e+00
1.326232441369412374e-01
8.727398085887583257e-02
8.536726058666734007e-02
-8.273296058457475510e-01
3.581084849833027772e-01
-2.014487971716289183e-01
-5.409747635522713649e-01
-1.694869386113183385e+00
6.160958875581938887e-01
6.281040240627256965e-01
3.135374387519890282e-01
9.337720261165516344e-01
-8.562986337429252526e-01
2.729039352995333845e-01
1.909902647649646790e+00
-1.092872912508018990e+00
1.806196715805000463e-01
3.158960437379758068e-01
9.021628230031522033e-01
1.116967523846136734e+00
5.767419942501841312e-01
5.551314704824651391e-01
-7.646058024823031429e-01
8.024616092043864723e-01
-1.651011272614192338e+00
2.518440801516429683e+00
-3.242586342025928769e-01
3.221677528692254433e-01
5.335136521051815350e-01
-1.531799376545173841e+00
2.923842684552722671e-01
2.307695268790549648e+00
-1.334880253462431332e+00
-6.443174914836455880e-01
-9.891169618757725823e-01
5.881834400910415095e-01
-1.263703200868124155e+00
9.781262517395538092e-01
8.902367547649862045e-01
-1.512876400036697655e+00
-1.132433519752030993e+00
-6.519757627651004972e-01
-1.432318044981645944e+00
7.567636335358893240e-02
2.162527123171275711e+00
3.121820795126509229e-02
1.593120187969055968e+00
1.174878659253069335e+00
-1.177436768417441382e+00
-1.644180083175288853e+00
-9.934899027053069043e-01
-2.248658990592948825e+00
-2.360366203281968889e-01
2.748915839877786871e-01
5.080414590406734376e-01
4.962197829794845472e-01
-1.191373371027143913e+00
2.043588686936585463e-01
-8.811680225593430116e-01
-1.236689596018312187e+00
-1.119860426454352353e+00
2.018148340879634128e-01
-5.342837925478908234e-01
-5.132945484632814304e-02
2.433221553969271422e-01
-3.839974315112388292e-01
2.030302572484623091e+00
-8.012385735834411937e-01
-8.625859299150384629e-01
-1.505231867050799144e-01
1.984302000638807018e+00
4.096577060438179596e-01
6.245426423568734009e-01
5.226865951199326510e-01
9.552578913633531510e-01
1.923791667180935194e+00
-2.173126593552394958e-01
2.617898461019530498e-01
-3.475227571235108837e-01
-1.471997164146820747e-01
-1.372170348242748084e+00
1.287693004757809234e+00
-3.371383077891460522e-01
1.133275171079651256e-01
-1.508940306585212721e+00
7.002175213812603660e-01
9.603455370638858124e-01
1.368170726067360343e+00
3.365904990242702954e-01
-3.499150036087995130e-01
-5.980554842504190449e-02
3.037592695682976851e-01
1.415026274132314299e+00
1.408785303597879235e+00
1.383474943799355872e+00
4.355323619358733023e-01
8.809818533371048810e-01
1.113731612852779662e+00
5.276307973736199530e-02
4.121287151991836345e-02
1.679316909435809579e-01
2.173191293616213715e-01
9.093598783022642795e-01
5.317041875112517024e-01
-1.063527699363523871e+00
3.217611517049714376e-01
-1.269939668984395809e+00
2.215761752843601884e-01
-9.769116357324892919e-01
-6.121444087465024442e-01
-1.388669378302040291e+00
4.724459369261686803e-02
-1.828488703601606646e+00
5.148195698845665635e-01
-1.286394177994420351e+00
1.542008538286655073e+00
1.374210494084586287e+00
3.451561527295802789e-01
2.041924434104915420e+00
8.940691356556135228e-01
2.086760963883828868e-01
-6.742579562261131754e-01
9.931845912029443335e-01
1.557145596899491169e+00
5.197314800876783325e-01
-1.150951317732371804e+00
7.560721401922962936e-01
-6.973948959167235451e-01
3.688036487934347463e-01
-1.295115920846519053e+00
6.726046526480551346e-01
-6.425897829892183166e-01
1.411169215336788740e+00
-1.158307177589117165e+00
3.298093695541229331e-01
-1.650124969358848670e+00
-5.161035334158697863e-01
1.123190396403902502e+00
-6.655410367101391444e-02
7.983946168789526343e-01
-9.179956864818479279e-01
-2.610903589827949789e-01
5.684879038529416784e-01
-6.804267497462658243e-01
6.095331191410746641e-01
-3.076757821148127237e-01
8.300879943283822060e-01
-1.972687468561145074e-01
-5.345870290894298715e-02
-5.395561885037724048e-01
-1.132516313008702022e-02
-1.035608968464406310e+00
-2.570453725720623916e-01
1.515411878032525639e+00
1.160123455435475015e-01
1.175549976933138341e+00
2.835854381306428529e-01
-9.261045880620609738e-01
-1.672448789270608860e-01
-1.177674324049652776e+00
5.226673465734475027e-02
-4.080539290417204978e-01
-1.780521722277531804e+00
-1.064219574719961203e+00
8.802275904791969641e-01
-5.319217131968418943e-01
5.744596730625025627e-01
-8.501324509925102246e-01
-8.808229258738087264e-01
-2.866608094074905577e-01
6.624484903413536963e-02
1.244812159299814924e+00
-1.010180960289516650e+00
-6.275288594992669555e-01
-1.710262919333292164e-01
2.471468076935688096e-01
1.701937949732306832e+00
-1.555508741867602129e+00
7.690578980733678849e-01
4.125336637784327021e-02
1.748173031611193612e-02
1.716026735690233895e+00
1.542387237874819794e+00
-2.007608313428645985e+00
-6.716138416599883865e-01
5.786074910477567723e-01
9.775661662761802040e-01
-9.935925775726153208e-01
5.217540928437599396e-02
1.948893896700292783e-01
-7.661112308215206612e-01
1.865827923300833913e+00
9.236865690744540391e-02
2.094236602877217468e+00
1.018567122181464280e+00
1.154230194228687223e+00
6.065139950180596928e-01
1.028858273199936280e+00
-1.008318011350387344e+00
5.218397380505258865e-02
-4.374608369924437579e-01
-1.619323884287123677e-02
-9.481816130178364332e-01
-4.924196021109813470e-01
-1.517909490193707911e-01
6.787800137854831384e-01
9.012668625523633237e-01
-3.455592806234410452e-01
-3.989394562015241008e-01
-6.050467278987239350e-01
-1.539660585766091216e+00
-1.711274267561982088e+00
2.528496932129774000e-01
-1.205979955361142109e+00
1.421175002905221765e-02
-6.928960817236063940e-01
1.606904138389665837e+00
2.828816906234238870e-01
-8.683914751217016725e-01
9.954068784020201344e-01
-3.203180806732490726e-01
-5.427675632649903159e-01
1.839916264643394750e-01
-4.702867743706138359e-01
7.814233471165253908e-01
-6.640225948150522139e-01
-1.480961847448728275e+00
3.032582360011791156e+00
3.023976342969983411e-01
2.311453260530944576e+00
3.236442768092814143e-02
-1.965602071540343943e+00
8.276535143386896110e-01
-2.981036771642839311e-01
2.452035243831864053e-01
-6.079947165804373554e-01
-7.456621563676931741e-01
4.653911422955656629e-01
-4.277953955348567927e-01
2.022267470948107881e+00
-1.034123525805380889e-01
8.136845512043973383e-03
8.687078942623907007e-01
-2.070961775451862080e-02
-5.788161060170432526e-01
-5.956019320244630016e-02
1.863673799143182874e-01
-5.053186029280805069e-01
6.424645445390978482e-01
1.199353525780668450e+00
-3.585465149108328364e-01
-1.852759288215038991e-01
1.017482018014381318e+00
1.685233188194248388e+00
-1.474649743714789185e+00
-9.037092054394003648e-01
5.716052132237881001e-01
-6.533915869276655242e-01
