6.771279282458729509e-02
3.251596904881096095e-01
7.145889917503188693e-01
1.284744896866991448e+00
9.052566714262757497e-01
-1.350552109379403287e+00
4.731324043415791603e-01
-5.210255322269022882e-01
-6.639308246333261998e-01
-4.467733980938539684e-01
3.635122701210341534e-01
-1.082158275822705740e+00
4.892259712622838708e-02
1.249912917325435968e+00
1.777276828860919089e+00
3.867279617718398232e-01
-2.441106241769772645e-01
7.448685938574999277e-01
-7.228095238958845981e-01
1.800210340880180171e+00
1.331991862633139956e+00
-1.885813887662401711e-01
-1.501880258156709003e+00
7.446127994465985278e-01
7.408668526281660949e-01
8.735180686450662035e-01
4.839259440901716447e-01
1.021286095187638132e+00
8.359284027256701916e-03
-6.494584848527588938e-02
-1.147252974812289716e+00
-4.326016116092578634e-01
-8.664936378994028132e-01
2.612057333308860918e-01
2.345299286982239356e-02
4.788980404210507746e-01
5.469060789208400886e-01
-8.097310816913293186e-02
-2.539475305746818901e-01
-1.445174473286090278e+00
-1.000695685153300207e+00
-4.937139854648491255e-01
-9.265409008348656217e-01
2.838910557169418425e-01
-8.725704924284362063e-01
5.322052011872154820e-01
-1.925040803304699732e+00
7.152936761951169675e-01
-1.493964106427144167e-01
-5.129302132508155587e-01
-6.550484134161042860e-02
-9.566325439496407013e-01
-4.302636407521115980e-01
1.068202867443381665e+00
-2.954701145230134718e-01
-2.666986274695397618e-01
-4.852204728613885298e-01
1.690917439725597271e+00
7.621221475225636866e-01
-5.887817055877545558e-01
-1.719891191991918200e+00
2.040820920496734525e-01
2.378745698000090114e-01
7.429068175140466357e-01
6.634696152298186211e-01
2.377236359886311323e+00
-5.634236538027258545e-01
-2.483537490617005183e-01
-1.948554575022354296e-01
-3.611082831631888812e-01
-9.764375743110894623e-01
2.100766112874628444e+00
-9.664561817059970084e-01
1.751214308756865456e+00
1.398682428101866826e+00
1.188440344858877618e+00
-2.798127718606587822e-01
1.129654333896232155e+00
6.844136041759844025e-01
-4.713050917844004428e-01
7.978084321931341871e-02
1.025446099644087145e-01
3.677644928748912689e-01
1.170214940043879048e+00
-1.038489218237215406e+00
5.620458511468247043e-01
1.400958346622310557e+00
-1.921936284364314795e-01
7.753890442823959672e-01
-5.857465962241013013e-01
5.915451179817443617e-01
9.632163810455234287e-01
-4.763621419894795705e-01
3.069542041552181799e-01
-1.245149018647067202e-01
1.325575730758030320e-03
-5.884229587973877074e-01
2.483397080477817709e-01
-1.241228312855213956e+00
-1.189967635585333222e-01
-2.930157926334322482e-01
-2.870558620499980007e-01
-1.613698991831970408e+00
6.976484648229314134e-01
-5.031155613222184630e-01
-4.547908639633568145e-02
2.042622942404626052e+00
6.199668416629641188e-01
1.180769502881151789e+00
1.242658674186567058e+00
1.997869027887646531e+00
-7.086137618217290546e-02
1.025851537660152690e+00
4.212797793210549258e-01
-2.539391841786692861e-01
-3.990788116984977929e-01
1.705191476701027442e+00
-5.062204471303977105e-01
1.676184966131249121e+00
1.117505938984098890e+00
-5.685061455431079658e-01
1.439179688002865110e-01
5.452126934171385164e-01
-2.606531693125213600e-01
3.311201659227849814e-01
6.910198723384075592e-01
1.568656305394896394e-02
-7.294812043947697111e-01
-1.197430014795885844e+00
-5.191330340826986189e-01
-1.457228552483705197e+00
-3.889052519557912868e-01
-7.298891990533638852e-02
7.157222840273481657e-01
-7.256678873694099030e-01
4.263718139983370126e-01
1.613586005916134991e-01
-2.924521226940283158e-01
-7.701860040045706290e-02
-7.904188471755680956e-01
3.951218190367421501e-01
-1.428507676976231489e+00
-2.477849598067825010e+00
1.275420734918898680e-01
8.188160289268971159e-02
-5.060179282721003480e-01
-2.234013740565401474e+00
6.640790376710609122e-01
4.129541139006448480e-01
1.587361093226144160e+00
-2.769935731532668227e-02
1.078271158776777483e+00
-6.079811703800516165e-01
1.161752792716817417e+00
1.600507983938665557e+00
1.844807087628963727e+00
1.507438691934772423e+00
3.120880302691474151e-02
1.950525502789084986e-01
-1.187791796239183600e-01
-1.799755599671885697e+00
1.089111545073892184e+00
8.789683886714916294e-01
-1.434942135653390460e+00
-3.387287977076361978e-01
1.105783453051886411e+00
9.168470341540907453e-01
-6.902513367044378345e-01
-2.876883799779391682e-01
6.676983904808073689e-01
9.403701348098018054e-01
-5.285525317110758570e-01
-1.781230245150488445e+00
-2.108338207205638359e-01
3.035711054367880579e-01
-3.906260518503305162e-02
-5.736755163496406462e-01
-6.487654444947814625e-01
-4.540142170584681169e-01
3.195794517065826401e-01
1.424616484036631769e+00
-1.219549312467043123e+00
8.515946648661043561e-01
5.931786905391024378e-01
9.432781052148936363e-01
-9.137514163408761991e-01
8.580584702823110810e-01
8.466249087803326967e-01
6.562915964690938520e-01
1.162636314210441668e+00
7.004393194542977465e-03
-8.752673046712504679e-01
9.309667013871664176e-01
-1.518255790727741861e+00
-8.458765659280417792e-02
8.044053114662944592e-01
-2.652002334243956927e-01
4.075530492409211170e-01
-1.240333039923005032e+00
-9.951724567316508896e-01
2.096749054020666581e+00
-8.132898455966976192e-02
-8.322763591752244672e-01
-5.111072035347573594e-01
7.343983623473924194e-01
6.881210585024109816e-02
2.882845956733296244e+00
-1.863165228108656646e-01
8.946565343141478222e-01
-9.366113949396969174e-01
-5.013122221158391456e-01
-1.110015485905788690e+00
-5.254125793630214369e-01
2.984193483012332893e-01
7.997540159573814922e-01
-6.480584245555116585e-01
-3.569123119933293453e-01
-1.773211351369096897e-02
-1.047799035893705044e+00
-1.537146211336861912e+00
2.444544455407760886e+00
1.164108925676339945e+00
1.569457703718702746e+00
5.725418373849014975e-01
3.179890975470217040e-01
1.782547982217577376e+00
-1.468998457967786386e+00
7.395875348540162930e-01
8.117671460905312442e-01
1.235975583643539766e+00
-7.214648439428505977e-01
-2.380633501514556882e-01
7.322605099330001810e-01
4.929605164396675954e-01
1.088020656155000015e-01
1.269221664072141209e+00
5.715959793501702857e-02
6.353898313357746463e-01
5.735846227488303750e-01
-1.104604807366490693e+00
-6.122647142102080053e-01
8.188047298305120014e-01
3.977783237297655150e-01
5.439973481762574448e-01
-1.349771550891138538e+00
1.504755639503780884e+00
1.783175594913818607e+00
7.021753740170504354e-01
-2.327166021080050995e-01
3.413317369570043058e-01
-9.950003215038047966e-01
4.626866291054280156e-01
-7.270180682361201616e-03
9.274789787001893604e-01
-5.136584182042974733e-01
8.396606183334229812e-01
4.036774985859080123e-01
6.084134682411921347e-01
9.020571254476246192e-01
4.749917558697166475e-01
-5.202334344831627266e-01
6.958002667963227861e-01
-1.775131152338755625e+00
9.524013056721128412e-02
-1.351671618951314491e+00
