-7.173451406297515209e-01
-6.931496733821990164e-01
-1.000000000000000000e+00
1.000000000000000000e+00
-9.988528497925543981e-01
-1.000000000000000000e+00
-3.598653879844937453e-01
-1.000000000000000000e+00
-9.406292802878936099e-01
-1.000000000000000000e+00
1.000000000000000000e+00
1.000000000000000000e+00
-1.000000000000000000e+00
3.746124333235923975e-01
1.000000000000000000e+00
-1.000000000000000000e+00
1.000000000000000000e+00
-1.000000000000000000e+00
1.816366775353474017e-01
3.073311526786363101e-01
-3.847004981472286200e-01
-7.621787524876766362e-01
1.000000000000000000e+00
-1.822365515019177540e-01
-3.257955167813889608e-01
8.409701670958080744e-01
-1.000000000000000000e+00
-3.447523367295201036e-01
5.557107986816631762e-01
7.047505241826040878e-01
-1.000000000000000000e+00
-1.000000000000000000e+00
1.000000000000000000e+00
1.000000000000000000e+00
3.840537354675748194e-01
1.000000000000000000e+00
-9.089596339995908991e-02
7.646335931452746815e-01
1.000000000000000000e+00
-1.833936413821117828e-01
9.691167747074374006e-01
-1.000000000000000000e+00
-1.000000000000000000e+00
-2.960837091652135378e-02
-1.000000000000000000e+00
8.824376406153129349e-01
-5.242487953145000823e-01
-1.000000000000000000e+00
2.235058548138411094e-01
-3.399697647957673485e-01
-1.000000000000000000e+00
-6.268823460129069325e-01
7.865067816003420975e-03
-4.903336372323984227e-01
4.780592025833290126e-01
6.530444287062192599e-01
1.000000000000000000e+00
-1.738930127026194761e-01
3.830617309814703386e-01
1.000000000000000000e+00
3.032715586352482950e-01
-4.480102911412434663e-01
-6.305506941919221120e-01
-1.000000000000000000e+00
-1.000000000000000000e+00
2.455934555979584766e-01
-1.856809224454486484e-01
-1.000000000000000000e+00
9.084220479195451725e-01
3.190631344251046997e-01
-9.456029792494196062e-01
2.561896532107359459e-01
-9.873230522102782736e-02
-2.544271851327997158e-01
4.299709918887019144e-01
-8.537135494363818911e-01
-6.503405296788762335e-01
1.000000000000000000e+00
1.000000000000000000e+00
-4.365388243583852024e-01
-6.326102934517818799e-01
6.039764860233933774e-01
1.000000000000000000e+00
1.000000000000000000e+00
-1.000000000000000000e+00
-6.154667527221302503e-01
-1.000000000000000000e+00
1.660039503808967698e-01
5.366135591766798552e-01
-8.094538518991342135e-01
-1.000000000000000000e+00
5.928283307879911312e-02
7.888405422653791410e-01
-1.000000000000000000e+00
1.417643272693984713e-01
-1.000000000000000000e+00
1.000000000000000000e+00
-9.491016706296043770e-01
-1.000000000000000000e+00
2.022361650789166188e-01
1.000000000000000000e+00
-8.786728150381735436e-02
3.865071322734003889e-02
-5.001461124508577161e-02
1.000000000000000000e+00
1.812561001859668564e-01
5.000845344972786322e-01
6.038652294424562417e-01
1.000000000000000000e+00
-3.285128060262352268e-01
1.489535598443602060e-01
2.594773246642682052e-01
3.575665023608888271e-01
-6.399759593145841752e-01
-1.286874256496026159e-02
-1.000000000000000000e+00
8.844002322463216936e-01
1.000000000000000000e+00
-1.000000000000000000e+00
-3.629476009095253808e-01
-8.935334601935952525e-01
3.561473601937784617e-01
7.636947271591455477e-01
-2.683301144691647155e-01
-1.000000000000000000e+00
5.539749302290044586e-01
-4.487967056757573014e-01
-3.461224168619192465e-01
-4.555366432434947432e-01
1.452322401685671172e-01
-1.000000000000000000e+00
-1.000000000000000000e+00
7.507694782556628699e-02
4.247846232978660375e-01
-1.000000000000000000e+00
2.898066858890095965e-01
1.790951104554845408e-01
1.000000000000000000e+00
-1.000000000000000000e+00
3.116368465206412752e-01
5.355989341243707624e-01
-8.166481551269830774e-01
3.560612487788960001e-01
8.660939511801699631e-01
1.000000000000000000e+00
-1.383179516106254336e-01
3.808495819340034227e-01
8.170156656416984742e-01
-2.652353576385614309e-01
-1.000000000000000000e+00
-1.000000000000000000e+00
-1.000000000000000000e+00
-1.000000000000000000e+00
1.000000000000000000e+00
-1.133396036603833146e-01
-1.000000000000000000e+00
2.806761191426185853e-01
-1.416105831432254991e-01
1.000000000000000000e+00
1.000000000000000000e+00
-5.923322032715281349e-01
1.000000000000000000e+00
7.173973404452048674e-01
6.936676805105939092e-01
-1.000000000000000000e+00
1.000000000000000000e+00
-1.000000000000000000e+00
1.649267977580470834e-01
-1.000000000000000000e+00
1.000000000000000000e+00
1.000000000000000000e+00
-9.215370141655336855e-01
-6.223127778823288603e-01
-3.811759963208596336e-01
-3.510216475232879052e-01
-1.000000000000000000e+00
-1.000000000000000000e+00
5.248274710718915381e-01
-1.000000000000000000e+00
5.957708035775658439e-01
6.360598550987366373e-01
-1.000000000000000000e+00
-3.570346560706026962e-01
-1.000000000000000000e+00
-4.229009499071635370e-01
-1.000000000000000000e+00
-1.000000000000000000e+00
1.000000000000000000e+00
1.222171567629859457e-02
-1.000000000000000000e+00
7.475451835496452757e-01
8.447920748356279042e-01
1.000000000000000000e+00
-2.373323635801583009e-02
-6.761077046886498909e-01
8.002683637529076632e-01
2.541343612326827373e-01
-3.506577677107935997e-03
-6.116172614937469554e-01
8.090646477850412799e-01
5.079060047029188008e-01
7.716247589176841171e-01
3.769334507070324358e-01
3.011455451030053965e-02
2.828508547991254174e-02
5.896823948213678612e-01
1.000000000000000000e+00
3.421776340210114231e-01
5.318977798912815080e-01
9.858892203062381565e-01
-3.050005587366440007e-01
-1.997227211976263517e-01
1.000000000000000000e+00
3.376920351400914955e-01
7.783917583759922820e-01
7.684276485683356750e-01
-1.000000000000000000e+00
1.000000000000000000e+00
-1.000000000000000000e+00
6.182073879614364831e-01
8.004932534729516380e-01
-5.354717897982252950e-01
-1.000000000000000000e+00
-4.298925657545494827e-01
-6.689878230876630250e-01
1.000000000000000000e+00
7.571206877708481775e-01
7.179574823933374539e-01
8.165315595360032042e-01
-5.725839690645815327e-01
-5.857382508707504876e-01
7.017529908015811557e-01
1.000000000000000000e+00
-1.000000000000000000e+00
9.757068339024570491e-01
1.000000000000000000e+00
-1.000000000000000000e+00
1.000000000000000000e+00
1.000000000000000000e+00
2.807189313468926306e-01
-1.000000000000000000e+00
-3.863425855101122464e-01
-5.444381675476068772e-01
7.361060675769649508e-01
-1.859483253455987972e-01
-7.583931385212958620e-01
-3.741665665053082179e-01
1.000000000000000000e+00
-7.834814005058334807e-01
1.000000000000000000e+00
-6.715838311252768644e-01
-3.558712523926501614e-01
-9.333717983266676121e-02
-7.543402289482332712e-01
2.353622085424772470e-01
-4.913721881818041703e-01
-1.000000000000000000e+00
-4.136897878987673693e-01
5.362183288877457876e-01
1.000000000000000000e+00
-4.672866423696411253e-01
3.069139656043818887e-01
-3.096721500806731697e-01
1.000000000000000000e+00
-7.696003074806800903e-02
