-5.739927030285854048e-01
1.000000000000000000e+00
1.000000000000000000e+00
-1.000000000000000000e+00
-2.647971790695669014e-02
3.234828863297507517e-01
3.676947536030150676e-01
1.000000000000000000e+00
3.354892472354578103e-01
9.299064873159299527e-01
8.766859416467611688e-01
-8.818090832649652100e-01
9.453620408949101606e-01
-3.214976103246232064e-01
1.000000000000000000e+00
-1.000000000000000000e+00
-1.000000000000000000e+00
1.000000000000000000e+00
1.204986696884213782e-01
6.464177695884643082e-01
-4.683087269591754698e-01
2.263655927848162719e-02
-1.000000000000000000e+00
-2.920153381479959620e-01
9.102728293298201212e-01
-3.862416288398573538e-01
8.646279565873928874e-01
3.769466486357782031e-01
-1.616494651000809357e-01
9.372316645246827616e-01
-3.257693173559794708e-01
-1.759480228108678546e-01
-1.528664902438714446e-02
3.054056554712208382e-01
-7.577775038550843556e-02
-8.963290478517815796e-01
-2.868671633268527477e-01
1.000000000000000000e+00
-3.723986689646264781e-01
2.524405780865857096e-02
7.050107596696453260e-01
1.000000000000000000e+00
-1.000000000000000000e+00
8.527948442300079535e-01
-4.632786848498116061e-01
8.550356919899694541e-02
-6.538644328728493438e-01
8.287486503656229520e-01
-1.000000000000000000e+00
-4.671866543911986636e-01
1.539705054025510833e-01
-7.105968013357595314e-01
8.386251771338411043e-01
-9.275366846469990101e-01
-6.915290388485308970e-01
-7.504555582734211416e-01
5.050062225720450826e-01
1.571705655941779689e-02
2.035963040763515419e-01
1.000000000000000000e+00
1.000000000000000000e+00
8.602232576630853833e-01
2.139182183487575717e-01
1.000000000000000000e+00
-3.266560811246757012e-01
1.000000000000000000e+00
3.119272084037885140e-01
2.742376584080861157e-01
-2.071313101289109504e-01
-1.231477569839247721e-01
9.551642159795301623e-01
9.408494241156564186e-01
-2.859117582259580459e-01
1.000000000000000000e+00
7.779573345946713125e-01
-9.941647670317992347e-01
-1.000000000000000000e+00
-2.215231362241272262e-01
-8.759011828736806837e-01
7.088765181323687381e-01
2.914427252054616613e-01
-9.188626708243130548e-01
5.126434115805988956e-01
7.091838076896068710e-01
-5.786910786972825349e-01
-1.000000000000000000e+00
6.644659361413673970e-01
-7.576850767435350242e-01
-5.343737371376988676e-01
-5.781041278025205177e-01
-1.000000000000000000e+00
6.049306324665513213e-01
1.000000000000000000e+00
3.525971490732868752e-01
-1.000000000000000000e+00
1.000000000000000000e+00
1.000000000000000000e+00
-7.341695043946028232e-01
-1.000000000000000000e+00
8.620644591574944116e-01
-1.176820936905278447e-01
-2.206969283761754941e-01
1.227252045968816319e-01
4.679200683563764507e-01
9.468170389194504599e-01
6.585385358511208764e-02
-4.771059694339276902e-01
8.692311423993626107e-03
-9.209739835259429519e-01
-3.485451354079026620e-01
3.513213551150040637e-02
1.000000000000000000e+00
7.545527453151386066e-01
1.000000000000000000e+00
1.000000000000000000e+00
-9.954265505200752262e-01
4.869744543563323536e-01
1.302631784169141493e-01
-6.992437153567299113e-01
4.686636954975527125e-01
5.290819582752945838e-01
-4.877872436677278545e-01
9.351578217270439808e-02
1.000000000000000000e+00
-7.617402292549930731e-01
5.532218815223950426e-01
-6.929741867232479535e-01
-1.000000000000000000e+00
-1.493775955566565283e-01
2.810568980538017403e-01
2.400108117044164047e-01
1.000000000000000000e+00
-7.908714131427108107e-02
1.000000000000000000e+00
6.786602033774116194e-01
2.882472186491555899e-01
-1.960618089692252597e-01
-7.652978473111786695e-01
5.146571732607184702e-01
1.000000000000000000e+00
-4.912251866832719749e-01
1.590474160220122224e-01
-1.725646623525078915e-01
3.634949669780489501e-01
-1.347334446342169922e-01
-3.026668218895220974e-01
-1.126336872599482675e-01
-1.000000000000000000e+00
-4.184073792660503166e-01
-8.010263829929750168e-01
7.250790462896994359e-01
-1.000000000000000000e+00
9.947695831133398503e-01
1.000000000000000000e+00
-3.138474877536433505e-01
-5.074161041192031263e-01
5.493652097275161239e-01
-9.793607918141505886e-01
7.912752277547202562e-01
-6.477435317355604294e-01
6.101731362399245295e-01
-1.507048958110612791e-02
-1.293581044716402562e-01
6.646876818312884572e-01
7.090374302072843804e-01
5.190782959586188738e-01
6.556650726471484614e-01
-9.637603607890192770e-01
-7.100274429026538492e-01
-8.145994194062655680e-01
-1.577011066573859033e-01
6.589747958613652035e-01
9.676782976659031865e-01
1.000000000000000000e+00
9.994668444815006936e-01
-1.000000000000000000e+00
5.633046596481539048e-01
-1.000000000000000000e+00
6.661463234941831235e-01
-6.097817026529841478e-01
-2.456019967680040939e-01
7.383672933729052978e-01
-6.529439061551074452e-01
9.992805062805245608e-01
-6.209769957013995256e-01
-3.450336409334833210e-01
1.000000000000000000e+00
-9.531969770938701902e-01
5.047984654048516262e-01
2.322030059407007574e-01
-1.000000000000000000e+00
9.132403491112439653e-03
3.720889574458942639e-01
-1.000000000000000000e+00
-1.000000000000000000e+00
4.172552255331580806e-01
-2.032643570808510547e-01
-6.284224469765292698e-01
-6.276045078884923134e-01
9.791309111880072691e-02
-5.552044564850824315e-01
1.000000000000000000e+00
5.244928358549514336e-01
-5.587293553336891705e-01
1.000000000000000000e+00
-3.759062238799006916e-01
1.000000000000000000e+00
1.050541149060905122e-01
-1.000000000000000000e+00
-4.010950448643768596e-01
2.521626243965506831e-01
-3.618521241845908953e-01
-4.139936362001237491e-01
-1.336359406613576439e-01
-1.120600523802328663e-01
-1.207430676491155763e-01
-5.609057058648719840e-01
2.363889800546353781e-02
9.360708177374890138e-01
9.545404086185471648e-02
7.703973994888537735e-01
9.333908479734465136e-02
-3.195047049846014842e-01
1.452475104121859761e-01
-9.507924749669556252e-01
-1.698965773373222188e-01
-2.177145024460851452e-01
-2.244652225959182790e-01
-5.916068945154708825e-01
4.923252504167925370e-01
-8.883647104453881171e-01
3.022894599153467254e-01
2.207121020563436176e-01
8.177045901897057600e-01
-4.366763871084877735e-01
7.444267393748669193e-01
1.583171975852870617e-01
-4.079003018041686968e-01
8.679629804978366003e-01
1.000000000000000000e+00
-9.042179050197418633e-01
-3.812733124165141874e-01
4.579859195356495993e-01
1.000000000000000000e+00
-6.963126664360312912e-01
-8.032194707669735312e-01
6.497663609174391119e-01
-1.000000000000000000e+00
-5.174240382220843815e-01
8.575584490571788177e-01
5.635878335793160776e-01
8.530050845363830181e-01
-2.005087531966174286e-01
-1.406477215247519119e-01
-5.017904941481576842e-01
4.589674974938805496e-01
-1.000000000000000000e+00
-2.664595036643133685e-01
5.045503211482251782e-01
-2.920084092801027431e-01
-1.000000000000000000e+00
-2.063054007758142738e-01
-1.000000000000000000e+00
-8.217298179569567651e-01
1.069434832969529126e-02
