9.791757516971835162e-01
-1.000000000000000000e+00
-1.000000000000000000e+00
1.000000000000000000e+00
-5.916627409230745815e-01
-1.824189047108234485e-01
-4.402558948602351974e-01
8.732975176363184655e-01
1.000000000000000000e+00
-6.765714225646323188e-01
-9.407644777723864760e-01
1.318991800106872336e-01
3.434301200918864483e-01
3.186092049294753092e-01
2.243775816515298782e-01
2.162453314600087939e-01
1.000000000000000000e+00
1.000000000000000000e+00
-1.000000000000000000e+00
1.000000000000000000e+00
1.000000000000000000e+00
-1.000000000000000000e+00
-1.000000000000000000e+00
1.000000000000000000e+00
7.675003070495860502e-01
-1.000000000000000000e+00
9.428184376237198627e-01
-5.086257704284853354e-01
6.959167914635873142e-01
-1.000000000000000000e+00
-1.000000000000000000e+00
1.000000000000000000e+00
4.754941191260875222e-02
-1.000000000000000000e+00
-5.795837678540788351e-01
-1.000000000000000000e+00
-3.532744366565876426e-01
-5.592984036704147233e-01
-1.000000000000000000e+00
-3.279248541819230756e-01
-1.000000000000000000e+00
-7.129739908907142265e-01
-2.637561904421892311e-02
-1.000000000000000000e+00
1.000000000000000000e+00
1.000000000000000000e+00
2.361200006430971277e-01
7.683842342562404726e-01
-6.661597676110793120e-01
-6.619350902944698412e-02
1.000000000000000000e+00
-4.650698072683221440e-01
-5.664730295001342286e-01
-1.000000000000000000e+00
-6.846468450515352799e-02
1.000000000000000000e+00
4.474815156140143912e-01
-7.182513192245861822e-01
1.000000000000000000e+00
-1.000000000000000000e+00
1.000000000000000000e+00
7.144797596708172271e-01
9.183852242062513493e-01
1.000000000000000000e+00
1.550744999309192629e-01
5.445806086475424301e-01
-1.000000000000000000e+00
-2.414276160324035914e-01
1.000000000000000000e+00
1.000000000000000000e+00
-9.674415186982274761e-01
-8.106669635008589836e-02
-4.007014385617282404e-01
-5.910742839778899693e-01
1.000000000000000000e+00
-9.614431210929531568e-01
-9.969156297807523215e-01
1.000000000000000000e+00
-1.000000000000000000e+00
-1.000000000000000000e+00
3.218911643879231455e-01
3.215416062088474192e-01
1.000000000000000000e+00
-1.000000000000000000e+00
-2.678809374923699083e-01
1.000000000000000000e+00
-1.000000000000000000e+00
-9.761864266709715521e-01
1.000000000000000000e+00
-1.000000000000000000e+00
7.106154138198335080e-01
-4.752780251477212170e-01
6.120638684830199683e-01
-1.000000000000000000e+00
-2.512881943127731610e-01
-1.000000000000000000e+00
-2.233981584542636956e-01
1.000000000000000000e+00
-3.870841118567788786e-02
-1.000000000000000000e+00
1.000000000000000000e+00
-1.000000000000000000e+00
9.229052370339516642e-01
-4.138893652208444074e-01
1.000000000000000000e+00
-1.000000000000000000e+00
-7.979401810783854909e-01
6.788503555062803674e-01
8.646286324328825157e-02
-1.000000000000000000e+00
-1.112205125461743216e-01
-6.312035267117870330e-01
1.000000000000000000e+00
1.192976166802015570e-01
2.088760701807465259e-01
-1.000000000000000000e+00
1.000000000000000000e+00
-1.000000000000000000e+00
5.645477499919301367e-01
-3.938038072642757736e-01
6.740047509751466714e-01
-3.281203792353249993e-01
2.517019653668357559e-01
-1.000000000000000000e+00
-6.756968263593567947e-01
4.372901328376576080e-01
7.913051747793542479e-01
4.610629607367170424e-01
-2.154207868635484024e-01
9.196016967205455916e-01
-9.413433563759241451e-01
-6.510497471653383661e-01
-1.000000000000000000e+00
1.000000000000000000e+00
-9.479067338216178307e-01
-7.635768624988453768e-01
-1.000000000000000000e+00
8.054251932897837918e-01
-1.000000000000000000e+00
2.097417113939421540e-01
1.000000000000000000e+00
-2.428947579207294538e-01
-8.636772912357650878e-01
2.468024832406412461e-01
-1.000000000000000000e+00
-7.162285104134358260e-01
1.980791621849674611e-01
-7.939216215902157314e-01
-7.366356010240004970e-01
2.228754159334028206e-01
-1.000000000000000000e+00
-5.908049179999295131e-01
-1.000000000000000000e+00
-1.000000000000000000e+00
1.000000000000000000e+00
1.000000000000000000e+00
3.322564628206122750e-01
-6.206950487058957577e-01
2.756927416512333640e-01
6.250574535321751224e-01
1.000000000000000000e+00
4.420628322443652669e-01
1.000000000000000000e+00
-1.000000000000000000e+00
1.000000000000000000e+00
7.129760906852495861e-01
6.007956658820101659e-02
3.475443005637472993e-01
3.445779415047926508e-01
9.484116029639854117e-01
6.681596387994473973e-01
6.641325034734399946e-01
-7.556902862257877107e-01
-4.833073582649249356e-01
8.705284759219603652e-01
8.044330609745897753e-01
-3.852803065972703056e-01
-7.711844351993408786e-01
1.000000000000000000e+00
-1.000000000000000000e+00
4.148035316330531130e-02
-1.000000000000000000e+00
4.766624662720283512e-01
8.800468370779416238e-01
-1.000000000000000000e+00
-1.000000000000000000e+00
5.578779983502919482e-01
-1.000000000000000000e+00
1.000000000000000000e+00
-7.991299312792299325e-02
1.000000000000000000e+00
4.170463317230425071e-01
2.021129492146079842e-01
8.998607640290653409e-01
1.000000000000000000e+00
-1.000000000000000000e+00
1.901492376217694957e-01
1.679900791038864138e-01
1.000000000000000000e+00
1.000000000000000000e+00
6.911729265500043962e-01
1.000000000000000000e+00
1.436921713382155463e-02
-9.006784654567200343e-01
-1.000000000000000000e+00
1.000000000000000000e+00
1.000000000000000000e+00
1.000000000000000000e+00
-2.474415520321096018e-01
8.337731094574062363e-01
-1.000000000000000000e+00
-1.000000000000000000e+00
-1.000000000000000000e+00
1.000000000000000000e+00
5.122306852500062568e-01
-1.000000000000000000e+00
1.000000000000000000e+00
1.000000000000000000e+00
7.700678737071589008e-01
1.000000000000000000e+00
-2.758326758185005168e-01
-8.269226495752024508e-01
-2.040124388775770292e-01
-6.040290318333374486e-01
3.642445508983072067e-01
-1.000000000000000000e+00
9.957469383967744170e-01
1.000000000000000000e+00
1.000000000000000000e+00
1.000000000000000000e+00
8.262264298292845144e-01
5.698498287912037163e-01
9.143669365048973097e-01
1.000000000000000000e+00
4.802382407231275963e-02
-5.790736761533175070e-01
-1.000000000000000000e+00
1.000000000000000000e+00
1.000000000000000000e+00
1.000000000000000000e+00
-7.956198574701777160e-01
-6.371374749252420866e-01
9.960397590141505386e-01
4.801320316860995252e-01
-1.000000000000000000e+00
-1.000000000000000000e+00
1.000000000000000000e+00
-1.000000000000000000e+00
6.453622313303986058e-01
6.911663767948794668e-01
-1.000000000000000000e+00
-1.000000000000000000e+00
6.491282194926195626e-02
-3.412851524886484356e-02
5.334653217733735797e-01
1.884857821844221348e-01
-1.901445151490424035e-01
1.000000000000000000e+00
-8.520345940264643092e-01
-2.490110196452570701e-01
2.850173116530719808e-01
1.000000000000000000e+00
1.000000000000000000e+00
1.000000000000000000e+00
7.957765037528439223e-01
