8.029581450542273569e-01
-6.576990831957885142e-01
1.000000000000000000e+00
1.000000000000000000e+00
3.612752903419922390e-01
-3.560399254917504530e-01
-4.806832194250614254e-01
-5.520697483245164960e-01
3.731149949865720794e-01
-1.000000000000000000e+00
1.532507312671538280e-02
-1.000000000000000000e+00
1.000000000000000000e+00
1.000000000000000000e+00
-9.725889444053287258e-01
1.000000000000000000e+00
3.927679208014129286e-01
1.000000000000000000e+00
5.303453517769929348e-02
7.458657512868975825e-01
2.074889665241153036e-01
-2.055177525769404934e-01
-1.000000000000000000e+00
2.164269421489521950e-01
-6.875611486628528946e-01
-1.000000000000000000e+00
7.470343514717225908e-02
-3.096874076434074086e-01
9.682815687327672727e-01
-1.000000000000000000e+00
5.587732707448221925e-01
-3.109271448134017790e-01
1.000000000000000000e+00
1.000000000000000000e+00
-1.000000000000000000e+00
-3.569161437775381085e-01
3.903898931899068003e-01
-4.902859414249782777e-01
7.195951194593437350e-01
6.019094761365769708e-01
7.891655741262439960e-01
-5.226136254243285428e-01
-6.547572314343703681e-01
-7.514335724299832098e-01
-1.000000000000000000e+00
1.000000000000000000e+00
-6.522408614241858027e-01
5.512920462255510579e-02
1.000000000000000000e+00
3.150219717866076241e-02
1.000000000000000000e+00
-1.000000000000000000e+00
1.814079835953028574e-01
-6.243309085113046830e-02
-2.427986070063620494e-01
6.308460400479460883e-01
5.983768411654646346e-01
-1.477086278923620544e-01
-5.094876803833140455e-01
1.000000000000000000e+00
-9.104520384359970908e-01
2.994029055406488560e-02
9.958312677536877988e-01
8.490190709129490365e-01
7.573769576397249015e-01
-7.328204060146031873e-02
-1.000000000000000000e+00
1.000000000000000000e+00
1.000000000000000000e+00
-3.822518479887107024e-01
1.751741857114135215e-01
-1.000000000000000000e+00
3.969883339450586135e-01
1.000000000000000000e+00
-1.000000000000000000e+00
2.906866678669184356e-01
1.000000000000000000e+00
-4.165671740147990076e-02
-4.296599086626723407e-01
-1.384509438178564977e-01
-1.000000000000000000e+00
-1.120805787988935071e-01
-1.000000000000000000e+00
-1.000000000000000000e+00
2.658227408099693712e-01
-4.856072532443060918e-01
-8.399730055353835656e-01
-9.160771766955704276e-01
1.998548056214732860e-02
1.000000000000000000e+00
1.000000000000000000e+00
1.000000000000000000e+00
1.000000000000000000e+00
1.000000000000000000e+00
1.000000000000000000e+00
-2.740624042625101620e-01
-1.000000000000000000e+00
4.231297335515304958e-02
-3.913938512176740603e-01
-1.000000000000000000e+00
-1.271894121959205037e-01
6.953468862402101269e-01
-9.458819082945160162e-01
-2.596514583807589815e-01
2.053227240344992488e-01
-6.864640721791506195e-01
6.837411647891182831e-01
1.000000000000000000e+00
-3.236803566334498505e-01
5.351430576115899784e-01
3.039618545859095744e-01
-8.616712567669686518e-01
9.397496271646028632e-01
7.405444567565657721e-01
-1.000000000000000000e+00
-6.808502472433008990e-01
-4.295158544299293446e-01
6.995648111806700431e-01
-3.110026715207194759e-01
1.000000000000000000e+00
-1.000000000000000000e+00
1.000000000000000000e+00
-8.826791638392441630e-01
1.000000000000000000e+00
1.000000000000000000e+00
1.384012544042596549e-01
1.000000000000000000e+00
-5.603032921252096843e-01
-1.000000000000000000e+00
1.000000000000000000e+00
-2.926160958069179974e-01
5.896475313287270481e-01
-7.125607002846845450e-01
1.000000000000000000e+00
5.022916925205181959e-01
-5.968084497147996270e-01
-1.000000000000000000e+00
7.996495573984223615e-01
-1.000000000000000000e+00
7.238474085456141349e-01
-1.000000000000000000e+00
1.000000000000000000e+00
3.494114721845149596e-01
1.813318864135500252e-01
2.641186543511579998e-01
-1.000000000000000000e+00
1.000000000000000000e+00
-3.588637766152430464e-01
-1.064330952880752079e-01
-1.000000000000000000e+00
5.482549515495647174e-01
-8.649601295301108106e-01
1.000000000000000000e+00
-1.000000000000000000e+00
-5.474289155737930290e-01
1.000000000000000000e+00
-7.103215812751717539e-01
-4.821737341245685426e-01
-5.315585946535081874e-01
1.000000000000000000e+00
1.000000000000000000e+00
-7.405670572805151952e-01
-6.536449703837435843e-01
-2.530056730000154186e-01
-1.000000000000000000e+00
-3.539457679812008650e-01
-4.176418380467337155e-01
1.000000000000000000e+00
-3.683636384722315804e-01
-1.696406656750476527e-02
-1.000000000000000000e+00
-1.000000000000000000e+00
-2.889878948120435664e-01
1.000000000000000000e+00
1.000000000000000000e+00
-2.100500281188929230e-01
-3.087765835601772313e-01
8.261556090006387798e-01
-9.772751446939227371e-01
-1.000000000000000000e+00
1.000000000000000000e+00
7.016431130370996971e-01
6.542278822261682336e-02
9.003060919100043247e-01
9.764214785478502190e-01
2.192564766241112961e-01
5.432505929895957708e-01
-2.119649913055088319e-01
1.000000000000000000e+00
1.000000000000000000e+00
-8.022398242703794313e-01
5.674897664939261288e-01
-3.878640461539945572e-01
-1.000000000000000000e+00
4.514465552288462469e-01
-2.001389921870568855e-01
-9.887459265016564913e-01
-2.319467564880139943e-01
5.774585073527560564e-01
9.717973596235267575e-01
-1.000000000000000000e+00
2.689524355977179759e-01
1.000000000000000000e+00
8.280399367373181274e-03
1.223437337996743923e-01
6.220194148744514484e-01
-1.000000000000000000e+00
-6.370144184242794161e-01
-2.019740790015565335e-01
-1.000000000000000000e+00
-6.018664160973281607e-01
8.752931860947434917e-01
-4.497235976696534188e-01
1.000000000000000000e+00
7.509734324570929154e-01
1.000000000000000000e+00
-6.101038657638665486e-01
1.000000000000000000e+00
1.000000000000000000e+00
-6.042376297857834366e-01
-1.000000000000000000e+00
6.515839924730900679e-01
8.234151914693419450e-01
-1.000000000000000000e+00
-5.911530059905079071e-03
1.000000000000000000e+00
-6.880671334172894227e-02
4.524105694222564367e-01
-1.000000000000000000e+00
9.996403120396317732e-01
-9.881482340330314251e-01
-1.000000000000000000e+00
1.000000000000000000e+00
8.881783006273830106e-01
-2.799772770522623300e-01
5.027018272454305547e-01
2.630186649799546306e-01
-1.000000000000000000e+00
9.367570276008598817e-01
2.757051913348469441e-01
8.393881593038338140e-01
-1.000000000000000000e+00
1.000000000000000000e+00
4.302597517932484905e-01
1.000000000000000000e+00
-2.624402043775020399e-01
-4.642267578063737909e-01
7.724653480764910318e-01
-8.930081542375640780e-01
1.000000000000000000e+00
-4.274791026328249588e-01
-1.615131110145121007e-01
-1.000000000000000000e+00
-6.550427549717712239e-01
7.742564664146462938e-01
-4.461290296602796746e-01
4.101902129924654972e-01
-5.879997436525471466e-01
5.224307855051968374e-02
-5.777139873789440827e-01
-7.210487433810630620e-02
7.459161101487427059e-01
1.000000000000000000e+00
6.252286280788560413e-01
3.940656606827546149e-01
