-7.967906258011465681e-01
-8.565667652401759424e-01
1.000000000000000000e+00
8.096623650878281842e-01
1.000000000000000000e+00
-1.000000000000000000e+00
1.000000000000000000e+00
-1.000000000000000000e+00
-5.182508764377460331e-01
-4.112561783983305630e-01
-1.743233593347501831e-01
1.000000000000000000e+00
3.106208035532276868e-01
-4.057727750165178726e-01
-1.000000000000000000e+00
2.455993354541465001e-01
1.000000000000000000e+00
-1.000000000000000000e+00
8.353773022776106449e-01
1.000000000000000000e+00
1.000000000000000000e+00
-2.101225882405632905e-02
-6.599223310660153885e-01
1.000000000000000000e+00
-5.213539143791839914e-02
2.463120187307096254e-01
-1.204838162816096458e-01
-6.552656517065894581e-01
-3.302747845747773248e-01
1.000000000000000000e+00
-2.342999897866395731e-01
-5.821803395997855457e-01
4.240673699418117115e-01
-1.000000000000000000e+00
1.000000000000000000e+00
1.000000000000000000e+00
-9.452848342766939638e-04
-7.796264156232184384e-01
-1.000000000000000000e+00
-1.000000000000000000e+00
8.295774541370142252e-01
1.000000000000000000e+00
-1.000000000000000000e+00
1.000000000000000000e+00
1.000000000000000000e+00
1.000000000000000000e+00
-1.000000000000000000e+00
1.000000000000000000e+00
-1.000000000000000000e+00
-3.278577600936244396e-01
-1.584438787142353755e-01
6.950757345109973562e-01
1.000000000000000000e+00
5.847446866008887412e-02
-8.478796845495276679e-01
1.000000000000000000e+00
-1.000000000000000000e+00
-2.448008848057935394e-01
-1.000000000000000000e+00
-7.746635642801742438e-01
1.998586395990710196e-01
-1.000000000000000000e+00
1.000000000000000000e+00
1.000000000000000000e+00
1.000000000000000000e+00
-1.000000000000000000e+00
-1.000000000000000000e+00
-1.000000000000000000e+00
-1.000000000000000000e+00
-9.254778116563846524e-01
4.297926393413269430e-01
-2.821264273454009430e-01
-7.942149095680600679e-01
-2.846302743023750859e-01
1.000000000000000000e+00
-1.000000000000000000e+00
4.704280247926328484e-01
1.000000000000000000e+00
1.000000000000000000e+00
-5.464137082262967571e-01
-3.978961095831023975e-02
-1.000000000000000000e+00
5.188888205225115069e-01
-6.548630573906132346e-01
8.164963521002858160e-01
-9.946849272153579502e-01
-7.350168155102155820e-01
-1.000000000000000000e+00
1.000000000000000000e+00
-7.128628204470309759e-01
-1.000000000000000000e+00
1.000000000000000000e+00
3.202897904271093110e-01
1.000000000000000000e+00
1.000000000000000000e+00
9.099674919386371297e-01
-6.040533575449560377e-01
1.000000000000000000e+00
-6.939953743942652853e-01
-1.000000000000000000e+00
-1.000000000000000000e+00
-4.232092808571225051e-01
-7.678971134995269399e-01
-1.000000000000000000e+00
-2.787597559430805561e-01
-1.000000000000000000e+00
-1.000000000000000000e+00
-4.609956177811512790e-01
-1.000000000000000000e+00
6.125848818608348179e-01
-6.335861407561693692e-01
3.423862525941412382e-01
-1.000000000000000000e+00
1.000000000000000000e+00
-1.238747424221888771e-01
2.542978339417739653e-01
1.000000000000000000e+00
-6.495794194670074795e-01
-1.878558428924592683e-02
1.000000000000000000e+00
-1.000000000000000000e+00
9.574168991901504944e-01
-1.000000000000000000e+00
9.432448601877330141e-01
-7.530671714720221788e-02
-3.237821718266066795e-01
-5.064530560137638915e-01
-1.000000000000000000e+00
-8.761093291459870480e-01
4.795928612568474692e-01
-2.503127655184915201e-01
-2.592855472852914067e-01
-1.000000000000000000e+00
1.466282102157328016e-01
-6.666310718884806974e-01
3.159230056009986187e-01
-1.000000000000000000e+00
-1.000000000000000000e+00
-6.101627056178050568e-01
-4.201879797093582836e-02
-1.000000000000000000e+00
-7.838323848656131299e-02
-1.000000000000000000e+00
-1.000000000000000000e+00
2.622304832820834264e-01
1.000000000000000000e+00
6.663862150024275621e-01
-1.000000000000000000e+00
1.533760440153437710e-01
-1.000000000000000000e+00
-4.822019762291477329e-01
5.872602584567373496e-01
-1.000000000000000000e+00
-1.000000000000000000e+00
-6.451440775072730949e-01
-1.655234451893220493e-01
5.268446633543319990e-01
6.458890334222321394e-01
-7.407478568094376659e-01
-1.467015412874909663e-01
-1.000000000000000000e+00
1.000000000000000000e+00
-9.959201648118177763e-01
-9.034754568658190932e-01
1.000000000000000000e+00
-7.523182706732799430e-01
-1.000000000000000000e+00
-2.718814221709681678e-01
-3.037815495126379162e-01
1.000000000000000000e+00
-1.533325028653083066e-01
4.352615865914119531e-01
2.035639392080204058e-01
-3.401041865387927077e-01
-4.088042964725991379e-01
1.000000000000000000e+00
-2.870784976936666677e-01
-1.463019490289279023e-01
-8.380845134174588207e-01
1.000000000000000000e+00
-1.000000000000000000e+00
1.000000000000000000e+00
1.000000000000000000e+00
2.893402202933570422e-02
-1.000000000000000000e+00
-1.738077898617246264e-01
1.000000000000000000e+00
1.000000000000000000e+00
-7.621402124396221556e-01
1.330247784941209210e-01
-8.726406648614076778e-01
4.151134442094561727e-01
-7.093958001319009554e-01
-1.000000000000000000e+00
6.494109008865213140e-01
-9.445520469560046983e-01
1.000000000000000000e+00
1.000000000000000000e+00
-9.034791307460234844e-01
7.144341885718329399e-01
-5.751719310170839705e-01
2.962397304714319279e-01
-1.000000000000000000e+00
-4.811661255498195233e-02
-2.593308779238288064e-01
-7.108219886509724583e-01
-1.000000000000000000e+00
-6.120368286150710269e-01
-4.994560318677832012e-01
8.097673847123554314e-02
4.833763810118305027e-01
-1.000000000000000000e+00
-1.000000000000000000e+00
9.038876425659891911e-01
1.000000000000000000e+00
1.000000000000000000e+00
1.000000000000000000e+00
1.000000000000000000e+00
-8.724879124656336193e-01
-7.254016754694800895e-01
1.000000000000000000e+00
3.365435887258551029e-01
-3.220088110615903498e-01
4.964788515616795905e-01
-8.821017637945405276e-01
9.965764930271643340e-01
-6.329268010819486534e-01
-1.000000000000000000e+00
-7.283782618265216557e-01
-1.000000000000000000e+00
-1.000000000000000000e+00
-1.000000000000000000e+00
-2.594291574608594830e-01
-9.619817124198497549e-01
-7.652005670465968912e-01
-1.000000000000000000e+00
9.251001561810132667e-01
-9.972917568363202090e-01
4.387057602746748941e-01
1.000000000000000000e+00
-1.000000000000000000e+00
4.160212419752034041e-01
1.000000000000000000e+00
-4.764700767501905965e-02
-1.000000000000000000e+00
1.000000000000000000e+00
-1.000000000000000000e+00
9.475502510260185307e-01
-3.971732968088656501e-01
-5.316169694457733019e-01
-3.507670524447589200e-01
-1.000000000000000000e+00
-6.380225972787055833e-01
-1.000000000000000000e+00
-8.843854322495803277e-01
-5.224424381296481901e-01
-1.000000000000000000e+00
8.564633378050110490e-01
-3.807302655618426401e-01
1.770819849115933264e-01
-8.179157860558508020e-01
1.000000000000000000e+00
1.000000000000000000e+00
1.000000000000000000e+00
-7.630912765442663392e-01
