1.000000000000000000e+00
6.259041367583101367e-01
1.391323475892480843e-01
-9.178915608000415283e-02
-1.000000000000000000e+00
5.096728505945865573e-01
-1.000000000000000000e+00
-8.263158234418566117e-01
-1.231603178598639214e-01
-1.000000000000000000e+00
-2.219191391507042699e-01
9.270690453959473665e-02
4.959816650446843278e-01
-8.237602361494454906e-01
-9.702640233107556744e-02
2.924594940407752031e-01
1.000000000000000000e+00
-1.000000000000000000e+00
-2.449626363361393500e-01
-8.166615912914532149e-01
-5.580290979271265162e-01
-1.633766944373857277e-01
-7.052297347507845426e-01
1.000000000000000000e+00
7.095561855575386323e-01
-5.843930938291784782e-01
1.000000000000000000e+00
-5.777206695922197932e-01
1.000000000000000000e+00
-1.000000000000000000e+00
-1.000000000000000000e+00
-1.000000000000000000e+00
-1.930822587546094926e-01
1.295837530642872659e-01
-1.000000000000000000e+00
-1.000000000000000000e+00
1.000000000000000000e+00
-8.369407186430541934e-01
-1.000000000000000000e+00
1.000000000000000000e+00
9.242487531737456630e-01
1.000000000000000000e+00
4.929449510569296478e-01
-1.000000000000000000e+00
4.549046046022210965e-01
-4.308934956037559494e-01
1.000000000000000000e+00
-4.222919525342716529e-01
-1.322952066180352604e-01
-4.694337895518889692e-01
-7.058138210787050504e-01
4.136011833935051563e-01
8.302268113979072162e-02
-1.000000000000000000e+00
-2.372764159457563249e-01
-3.389961353778783160e-01
2.605816040845194692e-01
-1.000000000000000000e+00
9.720556607762204093e-01
-9.009253667324923498e-02
-2.192422507450511038e-01
1.000000000000000000e+00
9.045832685716619359e-01
7.675333403807150789e-01
-7.086529405149644134e-02
8.239261175350487409e-02
1.000000000000000000e+00
-7.790624725326704691e-01
1.000000000000000000e+00
-1.000000000000000000e+00
-6.288606688676428025e-01
-2.286777196392503209e-01
1.000000000000000000e+00
1.000000000000000000e+00
-9.473258901375049001e-01
-8.564259706150250118e-01
-1.769750574343287308e-02
-1.000000000000000000e+00
6.426905195223151512e-01
1.000000000000000000e+00
1.000000000000000000e+00
2.066882350245290711e-01
8.126151550942721791e-01
1.802494893919073249e-01
-5.628735939706593916e-01
7.260703906268108909e-01
5.262066185136031748e-01
1.000000000000000000e+00
-8.517428296639439900e-02
-4.920867026413775491e-01
-5.168088193024222843e-02
1.000000000000000000e+00
-1.168330821297347555e-01
-9.425351240212407333e-01
-1.000000000000000000e+00
-1.000000000000000000e+00
-5.090320698667257782e-01
9.224632194645274730e-01
-1.000000000000000000e+00
-9.998206712021120435e-01
-1.000000000000000000e+00
1.000000000000000000e+00
1.000000000000000000e+00
-6.223732489715427807e-01
2.207551618235435997e-01
-1.387016123878985763e-01
-1.706406994624374840e-01
-1.000000000000000000e+00
6.570567943692036117e-01
5.210523147261265642e-01
7.406490410705341976e-01
1.000000000000000000e+00
1.000000000000000000e+00
1.000000000000000000e+00
1.000000000000000000e+00
8.920047037437761617e-01
-3.947842894908943912e-01
-1.000000000000000000e+00
-1.000000000000000000e+00
1.000000000000000000e+00
-1.631387157992986170e-01
8.845062151543543472e-01
1.000000000000000000e+00
-8.286560010777350715e-01
-4.716427493344488298e-01
-8.397652965677125936e-01
6.657146349838229948e-01
8.346102078210240194e-01
-9.802778671040728309e-01
-7.285746058732769370e-01
1.000000000000000000e+00
7.017900244535860699e-01
1.000000000000000000e+00
-6.359669948389928829e-02
-6.050369106553672438e-01
-2.273916356983679554e-01
1.000000000000000000e+00
9.434150987310400138e-01
-7.422237628780947727e-01
1.000000000000000000e+00
-5.337087267566913429e-01
3.427687719359769902e-01
-1.000000000000000000e+00
-4.164269517792200670e-01
-6.524491594427583863e-01
5.485044482270523547e-01
-1.000000000000000000e+00
-2.852836821455917438e-01
1.000000000000000000e+00
3.108165474922262583e-01
-1.000000000000000000e+00
-1.000000000000000000e+00
-7.569001810921172080e-01
-8.323700626313652595e-01
-3.118499934044489663e-01
-5.766998922111765680e-02
-1.000000000000000000e+00
-1.000000000000000000e+00
1.000000000000000000e+00
-1.000000000000000000e+00
-5.738991013152380805e-02
-7.851115972633584406e-01
-1.000000000000000000e+00
-5.896487242959578268e-01
-1.000000000000000000e+00
5.839629061245967812e-01
1.615729513399656592e-01
-6.031001129502424618e-01
-1.000000000000000000e+00
1.000000000000000000e+00
1.000000000000000000e+00
-1.000000000000000000e+00
-1.000000000000000000e+00
4.874821508134033476e-01
-1.000000000000000000e+00
-1.000000000000000000e+00
1.000000000000000000e+00
-9.000861757213327596e-01
-4.728195014967768728e-01
-8.914399602598250816e-01
1.000000000000000000e+00
1.000000000000000000e+00
-3.358264369574970321e-02
1.000000000000000000e+00
1.000000000000000000e+00
-2.888489104426262832e-01
4.955060754989855654e-01
-5.185331193243314374e-02
-1.277211482514681862e-01
1.000000000000000000e+00
1.000000000000000000e+00
4.981429544133073595e-01
-1.000000000000000000e+00
1.000000000000000000e+00
1.000000000000000000e+00
-8.439021724591695417e-01
1.473174034086890405e-01
-9.965851024228714605e-01
1.000000000000000000e+00
7.174709455438248451e-01
-5.954618471712433969e-01
-5.772145314239196523e-02
9.571079310234156257e-01
-1.000000000000000000e+00
-5.067802407460906267e-01
-6.685853304425498633e-01
1.000000000000000000e+00
-9.961572717283039280e-01
-1.000000000000000000e+00
-1.000000000000000000e+00
1.309313600287929091e-01
1.672902169009338191e-02
8.019443177525168442e-01
-8.313544649482376148e-01
1.000000000000000000e+00
9.032459105757284501e-01
-1.000000000000000000e+00
4.149844507749156364e-02
8.142334960461105053e-01
1.000000000000000000e+00
-1.000000000000000000e+00
4.241598696208004338e-01
6.657849107719522319e-01
7.304654823692340315e-01
-1.000000000000000000e+00
1.909812287083192395e-01
4.227501139268977637e-01
1.000000000000000000e+00
3.362881201904366901e-01
1.000000000000000000e+00
-1.315893874704154864e-02
3.460984802081701339e-01
6.850960819055773587e-01
-2.129764842251106183e-01
1.000000000000000000e+00
9.305548373821379560e-01
-5.717970052318563923e-01
2.732542946633647052e-01
-1.000000000000000000e+00
-6.118949866228060586e-01
-1.000000000000000000e+00
-1.000000000000000000e+00
-3.813762588575226875e-01
8.706842617091099523e-01
-1.000000000000000000e+00
-7.125039822892346164e-01
1.278432859632739893e-01
-1.000000000000000000e+00
1.000000000000000000e+00
1.000000000000000000e+00
-1.000000000000000000e+00
-1.000000000000000000e+00
-3.455876788090281315e-01
-2.866094604204257879e-01
-1.593784819629471272e-01
-6.646628741392450745e-01
-4.538721235002688426e-01
-3.299466895725912119e-01
1.000000000000000000e+00
-1.000000000000000000e+00
1.000000000000000000e+00
-4.326768839724632887e-01
-7.900924780050005980e-01
-1.000000000000000000e+00
2.544696136713798795e-01
