5.060091128150386863e-01
-4.501950669884653422e-01
-4.359271283043710254e-01
1.000000000000000000e+00
1.000000000000000000e+00
7.437128387354396963e-01
-1.000000000000000000e+00
3.438342333227717429e-01
1.201963864698528672e-01
-9.436433948668376814e-02
-5.824824578686623733e-01
1.000000000000000000e+00
-8.703248896499058418e-01
2.485749748091847788e-01
1.000000000000000000e+00
1.000000000000000000e+00
2.310254776233441332e-01
-4.900441200790078833e-01
7.892119509681247980e-01
5.024541062196959951e-01
1.000000000000000000e+00
-3.858786463809249501e-01
-9.201341850747710716e-01
-8.622387522908113722e-01
1.000000000000000000e+00
1.000000000000000000e+00
6.846485854998540788e-01
7.184403432278774204e-04
-4.797224290658419488e-01
-1.000000000000000000e+00
1.000000000000000000e+00
-1.000000000000000000e+00
3.082972070952521015e-01
9.084757253490363116e-01
-9.482663443793037938e-01
-4.798141837481363359e-01
-1.000000000000000000e+00
7.261409044553819303e-01
7.983178940816564317e-01
-8.604533850079976176e-02
1.792636273750106701e-01
5.436248541205637164e-01
-1.000000000000000000e+00
1.102603283382146415e-01
-1.363572552476594035e-01
-1.000000000000000000e+00
-1.000000000000000000e+00
-4.924788492201787604e-01
-9.108313255088276161e-01
-1.000000000000000000e+00
4.131914255483670750e-01
6.106664849500083037e-01
1.324534214427489642e-01
3.795281075801909543e-02
-3.365410062894204080e-01
7.566827212545317316e-01
7.616476571904906567e-02
1.000000000000000000e+00
5.900944381751327406e-01
-1.000000000000000000e+00
-1.000000000000000000e+00
-1.000000000000000000e+00
2.581996169915997119e-01
-2.874864042772308226e-01
-1.000000000000000000e+00
4.214794506870793711e-01
1.000000000000000000e+00
1.654688014747583980e-01
1.000000000000000000e+00
1.000000000000000000e+00
-4.229534997291148901e-01
8.606853080412057988e-01
1.607005830922982881e-01
1.000000000000000000e+00
7.011533733771377896e-01
-1.000000000000000000e+00
6.765459028550178111e-01
5.159345414747129599e-01
-2.770013547042303736e-01
-5.492722345875163947e-01
-7.802899500349904649e-01
-1.000000000000000000e+00
-1.000000000000000000e+00
-3.106578365023104915e-01
4.352637083594110834e-01
-7.405973580999586359e-01
9.129668371229576751e-01
-7.833793026962160289e-02
1.000000000000000000e+00
6.938074505760003508e-01
3.990749434963188347e-01
1.000000000000000000e+00
3.601343581169936803e-01
-5.414824438389385097e-01
-1.000000000000000000e+00
1.000000000000000000e+00
-1.000000000000000000e+00
-7.417837794279138475e-01
1.000000000000000000e+00
6.105894617020042325e-01
-1.000000000000000000e+00
3.666570102247457830e-01
-1.566673987340009289e-01
9.384620623980349796e-01
-9.259325195844381184e-01
-8.598145876907915541e-01
5.780422770819080291e-01
-4.510662587322382677e-01
-7.317540005751014265e-01
-1.000000000000000000e+00
-1.949196760476248347e-01
1.000000000000000000e+00
1.000000000000000000e+00
-1.000000000000000000e+00
1.000000000000000000e+00
-7.830459459585508153e-01
-1.000000000000000000e+00
1.401931664054925086e-01
8.463980249096274555e-01
1.000000000000000000e+00
4.395359398851286237e-01
-1.000000000000000000e+00
1.000000000000000000e+00
-1.000000000000000000e+00
4.906374945060575921e-01
1.000000000000000000e+00
6.667100422726646158e-02
-1.000000000000000000e+00
-6.785299040722706509e-01
-1.000000000000000000e+00
1.000000000000000000e+00
-1.062913484555131211e-01
4.609679868507210454e-01
-1.000000000000000000e+00
-4.213829612692758797e-01
-1.000000000000000000e+00
7.299661035519205976e-02
4.084608892387076029e-01
-1.000000000000000000e+00
-9.639365913520299145e-01
7.358815662241143807e-01
1.012081197983123459e-01
-1.494693790982344339e-01
3.550510395641169881e-01
-6.654838134447891296e-01
-5.160635603418314288e-01
1.000000000000000000e+00
3.745163064806249498e-01
-1.000000000000000000e+00
-5.695061630049593759e-01
-3.500255849064146663e-01
1.000000000000000000e+00
-1.953589563658997622e-02
-1.455598879614090624e-01
3.473196430479501551e-01
-1.000000000000000000e+00
1.000000000000000000e+00
8.194916157610878660e-01
-1.000000000000000000e+00
1.000000000000000000e+00
9.063769337931565362e-01
-9.846724674755453766e-01
-1.000000000000000000e+00
-8.742950211118829529e-01
-3.350750424061585964e-01
6.279368830201652596e-01
-3.837859166997838467e-01
1.000000000000000000e+00
-1.000000000000000000e+00
1.000000000000000000e+00
-1.000000000000000000e+00
-3.932655975857971553e-01
1.000000000000000000e+00
-6.616891098213846245e-01
-1.000000000000000000e+00
-8.985435591494722596e-01
-3.343996251801957253e-01
2.598629667855407721e-01
-3.962980207128168342e-01
-4.777020588481633023e-01
-1.000000000000000000e+00
5.494334976328929532e-01
-7.848857567111661160e-02
-9.593061072700415082e-01
-4.700398848735674040e-01
-1.000000000000000000e+00
9.301282289386958446e-02
8.028276824286055824e-01
-2.035240498277199883e-01
-9.790466213070698753e-01
-1.000000000000000000e+00
-1.499515742479315961e-01
-1.000000000000000000e+00
-1.827885990520798920e-01
8.257712771113764338e-01
3.976601666332781893e-01
1.000000000000000000e+00
1.000000000000000000e+00
-8.357380383269099600e-01
8.776087128058641662e-01
-6.228392761163712432e-01
1.000000000000000000e+00
-2.260103834978491877e-01
9.597584159333454323e-01
5.249820103058382426e-01
2.770926681710674799e-01
-2.892289505096281577e-01
5.081678319907043662e-01
-5.989746702416254287e-03
-1.000000000000000000e+00
-6.281478031798157780e-01
-4.635615507205925745e-01
3.803949095349599130e-01
1.073792746989168934e-01
3.212345760562054231e-01
-4.106222428347605646e-02
1.000000000000000000e+00
1.000000000000000000e+00
-8.484330061147187241e-01
-7.886071284262041736e-02
-1.000000000000000000e+00
6.761212377662340067e-02
-1.000000000000000000e+00
9.686475085439678612e-01
-2.944124008975028683e-01
3.995305976240128842e-01
1.867317884614290158e-01
-8.041931253821558157e-01
1.000000000000000000e+00
-1.000000000000000000e+00
-3.365226795766138035e-01
-1.000000000000000000e+00
-2.484808870825925831e-01
2.940565953847637526e-02
7.337995868537927624e-01
1.000000000000000000e+00
9.253888982152381759e-01
1.000000000000000000e+00
7.079279293722793298e-01
6.417047514963989396e-01
-7.565536214781558577e-01
-7.019459781380117391e-01
1.000000000000000000e+00
1.000000000000000000e+00
-1.000000000000000000e+00
-8.204806600754912527e-01
7.461322443247460079e-01
-2.388174713533532945e-01
-1.000000000000000000e+00
-6.407422854528552758e-01
6.610505375879871526e-02
-9.709241008545121954e-01
1.000000000000000000e+00
1.000000000000000000e+00
1.000000000000000000e+00
1.000000000000000000e+00
-2.684454435373072601e-01
-8.976892322888443410e-01
-4.070786801832435575e-01
-5.593780700625081703e-01
1.000000000000000000e+00
1.000000000000000000e+00
6.905813335319084256e-01
1.000000000000000000e+00
-1.685133357072962912e-01
