-1.000000000000000000e+00
1.000000000000000000e+00
1.000000000000000000e+00
1.337782606217119419e-02
-5.066153035764703327e-01
-8.037294077146608373e-01
2.213821266776262175e-01
5.527260386351906529e-02
1.212381813643985673e-01
4.131183609047270888e-01
-1.000000000000000000e+00
-1.000000000000000000e+00
-1.000000000000000000e+00
-5.466405416486266322e-01
1.000000000000000000e+00
1.000000000000000000e+00
-3.458486349597906795e-01
1.000000000000000000e+00
-1.000000000000000000e+00
4.739558682901867659e-02
-1.000000000000000000e+00
1.000000000000000000e+00
-4.765621375690047845e-01
4.159435561133453252e-01
1.000000000000000000e+00
-1.000000000000000000e+00
3.847074727054182741e-01
4.913043042198868005e-01
-8.353495306911298268e-01
-1.000000000000000000e+00
-1.000000000000000000e+00
-6.757876419353749942e-01
1.000000000000000000e+00
1.000000000000000000e+00
-6.901296110547429086e-01
1.000000000000000000e+00
-1.000000000000000000e+00
6.998209360132114920e-01
-5.775749106022909363e-02
-8.121949230210039339e-01
9.147647766070242659e-01
-1.000000000000000000e+00
3.374416364496716225e-01
1.000000000000000000e+00
-1.389689743205843042e-01
1.452875687168134755e-01
1.022408728343782158e-02
1.000000000000000000e+00
8.061518671912490941e-01
9.870831826022186117e-01
-1.000000000000000000e+00
-3.187599702996579687e-01
8.920114722219891767e-01
-1.000000000000000000e+00
1.000000000000000000e+00
-3.511051091219578035e-01
1.000000000000000000e+00
-5.727662157532461551e-01
-1.782868826672989737e-01
-5.255185831902264848e-01
1.000000000000000000e+00
1.000000000000000000e+00
-1.000000000000000000e+00
-5.542792364626143442e-01
3.896404456026650864e-01
8.623214803883036961e-01
1.000000000000000000e+00
-1.000000000000000000e+00
-1.000000000000000000e+00
1.000000000000000000e+00
-1.000000000000000000e+00
8.267856500489764171e-01
-2.508623336571054185e-01
-1.000000000000000000e+00
-9.389690696677474580e-02
-5.630794464896999862e-01
-8.728231311210423726e-01
3.778729958148196455e-01
7.281365108374460160e-01
8.959967073309910157e-01
-9.429251915335430390e-01
4.311997858957240526e-01
1.000000000000000000e+00
-1.000000000000000000e+00
-4.419988762639517899e-01
-2.084508325084311053e-01
1.000000000000000000e+00
-1.169417812468525053e-01
1.000000000000000000e+00
1.000000000000000000e+00
-9.763411946483346870e-01
-4.173769658243313696e-01
1.000000000000000000e+00
9.905573454763605401e-01
1.000000000000000000e+00
2.843939068196843500e-01
8.389476280108409956e-01
-3.350669723275170320e-01
-1.520796031408475635e-01
-9.744385639029835566e-01
-9.978671406837626989e-01
-2.621879747750304190e-01
1.394650524612012221e-01
1.000000000000000000e+00
1.000000000000000000e+00
-1.000000000000000000e+00
1.000000000000000000e+00
-1.000000000000000000e+00
1.000000000000000000e+00
-4.581524331028158370e-01
1.000000000000000000e+00
-1.000000000000000000e+00
-1.000000000000000000e+00
-2.646283847107699927e-02
1.000000000000000000e+00
1.000000000000000000e+00
-5.539309414636598428e-01
9.925168169095605064e-01
6.760825218567079187e-01
-1.000000000000000000e+00
3.035381172101126457e-01
1.000000000000000000e+00
2.298978661617239183e-01
-1.059762157449995468e-01
6.184471315830117888e-01
-1.000000000000000000e+00
1.217322188613233491e-01
1.000000000000000000e+00
7.577713790365043778e-01
1.000000000000000000e+00
-1.208361846326508893e-01
-1.000000000000000000e+00
-9.292454232850684281e-01
1.000000000000000000e+00
-1.000000000000000000e+00
-1.000000000000000000e+00
-1.000000000000000000e+00
-1.000000000000000000e+00
2.428448962067889516e-01
1.000000000000000000e+00
-3.447761551287074067e-01
4.237525190773585582e-01
2.906662579117069711e-01
1.000000000000000000e+00
-1.000000000000000000e+00
1.000000000000000000e+00
2.162924754267903094e-01
-4.427121401422906555e-01
-1.993188626763342519e-02
-4.223612420747310248e-01
-1.000000000000000000e+00
-5.348103173825697887e-01
-1.363141279345096990e-01
1.000000000000000000e+00
-1.000000000000000000e+00
1.000000000000000000e+00
6.851487763296575384e-01
-1.000000000000000000e+00
-1.000000000000000000e+00
1.000000000000000000e+00
-7.801385580592664626e-01
-1.000000000000000000e+00
-4.158574966883848978e-01
8.478865896423839477e-01
-1.000000000000000000e+00
4.406165412355278477e-03
-3.603397610260439254e-01
-8.875977846381566394e-02
2.286894630869158451e-01
-1.345537225741995080e-01
1.000000000000000000e+00
-1.000000000000000000e+00
1.000000000000000000e+00
-1.000000000000000000e+00
-1.000000000000000000e+00
-1.000000000000000000e+00
8.425941562485148584e-01
7.965676473394456281e-01
9.117512093459798628e-01
-1.000000000000000000e+00
-1.000000000000000000e+00
7.614756975715901710e-01
1.000000000000000000e+00
6.170507305745275284e-01
9.062077353094399879e-01
9.460003464698850673e-01
-3.888029800377292844e-01
1.000000000000000000e+00
1.000000000000000000e+00
-1.000000000000000000e+00
-8.076137095690417711e-01
-1.000000000000000000e+00
-1.000000000000000000e+00
1.000000000000000000e+00
5.631062722842850032e-01
-1.000000000000000000e+00
-1.000000000000000000e+00
1.000000000000000000e+00
6.989183313572825407e-01
7.796167390546751008e-01
-7.330495681580733169e-01
-4.193447107977085198e-01
-8.708781763726484160e-01
-1.000000000000000000e+00
1.000000000000000000e+00
4.258778568024312317e-01
1.000000000000000000e+00
1.000000000000000000e+00
-1.000000000000000000e+00
1.000000000000000000e+00
4.139200656627428643e-03
-8.823951254361344088e-01
6.102894697494338772e-01
1.000000000000000000e+00
5.539875246554342159e-01
-1.597878607848219890e-01
-7.835114802124683031e-01
-1.159727181612094649e-01
5.845568917579800905e-01
9.481616270056216766e-01
6.706707367314120871e-01
1.427013356615540740e-01
-1.794872928931956491e-02
-9.973190337680659656e-02
5.302423069045709703e-01
1.000000000000000000e+00
2.849232953482971897e-01
-7.275630311125056426e-01
1.000000000000000000e+00
-7.331630161386333278e-01
-1.000000000000000000e+00
1.000000000000000000e+00
1.000000000000000000e+00
1.000000000000000000e+00
6.614045450261381021e-01
-5.445673218556876805e-01
4.393190219844618216e-01
2.494021187198669220e-01
1.000000000000000000e+00
6.498494233594623859e-01
-2.092261553457830381e-01
-1.000000000000000000e+00
1.000000000000000000e+00
-8.677496134461670785e-03
-3.507780850250460936e-01
-1.000000000000000000e+00
-8.930239702776565647e-02
-1.000000000000000000e+00
6.137160670304897536e-03
-1.000000000000000000e+00
9.615518370583863161e-01
-3.388169962683419412e-01
-6.177684513669503552e-01
-1.546258920171692808e-01
6.250426816550495035e-01
-1.000000000000000000e+00
9.940712349238306489e-01
1.000000000000000000e+00
6.011759940165412042e-01
1.000000000000000000e+00
1.000000000000000000e+00
-1.000000000000000000e+00
1.000000000000000000e+00
-2.380421423006482962e-01
-1.000000000000000000e+00
