1.511765349015752880e-01
-9.895719262894846491e-01
-1.000000000000000000e+00
-4.241982926701283185e-01
1.000000000000000000e+00
4.963114660096573649e-01
-1.000000000000000000e+00
-1.000000000000000000e+00
5.128541565679602954e-01
-1.000000000000000000e+00
-6.649197908723756267e-01
-1.000000000000000000e+00
-1.000000000000000000e+00
-5.496677414636390591e-01
1.000000000000000000e+00
1.322950803023941468e-01
-8.175187331868681850e-01
-1.000000000000000000e+00
1.000000000000000000e+00
3.962910428712572708e-01
-5.614029707725798346e-01
-1.000000000000000000e+00
-1.000000000000000000e+00
-1.000000000000000000e+00
-8.796189486946319747e-01
-1.000000000000000000e+00
6.030952634486718145e-01
-1.917071015228716258e-01
3.259122116586077311e-03
6.575764113645208297e-01
-5.670713113470396971e-01
2.551998224358198453e-01
1.000000000000000000e+00
1.000000000000000000e+00
-6.838603366197859579e-02
1.000000000000000000e+00
-2.397656269805913398e-01
-1.000000000000000000e+00
-1.000000000000000000e+00
-1.000000000000000000e+00
6.489071323408790448e-01
1.639853014974455570e-01
-9.557928559791195600e-01
6.937852353695169727e-01
-1.000000000000000000e+00
6.425005015867545355e-01
-1.000000000000000000e+00
1.000000000000000000e+00
-3.088181063394834780e-02
8.561214573559849939e-03
1.000000000000000000e+00
-1.000000000000000000e+00
1.000000000000000000e+00
5.867401041104985948e-02
4.889724812819656874e-01
-1.000000000000000000e+00
2.651231724141178692e-01
-1.000000000000000000e+00
-9.168496309292052393e-01
4.974385198619784010e-01
3.136668610508828170e-01
1.000000000000000000e+00
-1.000000000000000000e+00
1.000000000000000000e+00
-1.000000000000000000e+00
1.000000000000000000e+00
1.972237673802925695e-01
-3.111591364252187519e-01
-1.000000000000000000e+00
-1.193987709161075106e-01
1.000000000000000000e+00
-4.481105948078929480e-01
-1.457397655741150544e-01
1.000000000000000000e+00
1.000000000000000000e+00
1.000000000000000000e+00
1.000000000000000000e+00
-1.669175600331431475e-01
-4.626558542596967971e-01
1.000000000000000000e+00
-7.515244992593058670e-01
9.684866867471796370e-01
-1.022268302520577543e-01
3.526490669226423763e-02
-2.807485561303325605e-01
-1.000000000000000000e+00
9.029435235405953719e-01
1.000000000000000000e+00
1.000000000000000000e+00
-1.000000000000000000e+00
-1.000000000000000000e+00
1.000000000000000000e+00
4.629524681379680873e-01
-1.863250772373101216e-01
3.275884532531189164e-01
9.203334489740655489e-01
1.000000000000000000e+00
-4.749891576710933982e-01
1.000000000000000000e+00
8.799293546097912699e-01
1.000000000000000000e+00
9.396639411162369115e-02
-1.000000000000000000e+00
1.000000000000000000e+00
1.000000000000000000e+00
-1.000000000000000000e+00
-1.000000000000000000e+00
-2.988665240341381590e-02
1.000000000000000000e+00
-4.180018915501970689e-02
-9.228591636310420343e-01
-9.860233577254251536e-01
6.273479798903358606e-04
-1.000000000000000000e+00
-7.853622436671048312e-01
-7.564858395130562574e-01
1.000000000000000000e+00
2.949531897433832484e-01
-1.000000000000000000e+00
-1.000000000000000000e+00
-9.379320667433965752e-03
1.000000000000000000e+00
-2.118168967790655943e-01
-4.812186913405907540e-01
1.000000000000000000e+00
4.260728535885248691e-01
-3.289669728005802374e-01
1.000000000000000000e+00
1.000000000000000000e+00
-6.304533784014183517e-01
-5.150630972998180290e-01
-1.000000000000000000e+00
1.000000000000000000e+00
-6.798676430787300995e-02
-5.031238193864751018e-01
-9.912916443949246759e-01
2.767527829620579638e-01
-5.128446742212431353e-01
4.833196552206726615e-01
-9.615068597171557707e-01
1.000000000000000000e+00
5.756156044745304179e-01
-2.294352359198282287e-01
-4.182765049111591971e-01
5.608483827300545510e-01
-1.000000000000000000e+00
-2.497358657413319971e-01
1.000000000000000000e+00
1.058889039876460547e-01
-5.838640199004223597e-01
-1.000000000000000000e+00
1.000000000000000000e+00
-5.659449946420889166e-01
-1.000000000000000000e+00
4.835001913772246640e-01
1.000000000000000000e+00
1.000000000000000000e+00
-9.973793009091926898e-01
7.328622178454093916e-01
-6.852690906221543532e-01
-2.814037333505338134e-01
1.000000000000000000e+00
-8.260549686186113849e-02
-1.000000000000000000e+00
1.000000000000000000e+00
-7.250942514773779379e-01
6.891971606986835308e-02
-9.303040997937623846e-01
-9.238957860970817837e-01
-1.000000000000000000e+00
1.000000000000000000e+00
-1.000000000000000000e+00
-1.000000000000000000e+00
-8.383058382675512288e-02
1.000000000000000000e+00
1.000000000000000000e+00
2.607701776059512255e-04
-1.394611073534192114e-01
-1.000000000000000000e+00
5.535486088551195838e-01
1.709109084770348286e-01
3.816619720984564812e-01
4.962562523135868320e-01
6.776937064600030425e-02
1.000000000000000000e+00
-1.000000000000000000e+00
1.000000000000000000e+00
-8.124275236378737386e-01
7.901959485817129369e-01
2.287274408059972730e-01
2.650871096416589356e-01
-6.831654717939545929e-01
5.668012388970526949e-01
8.567917646891587413e-02
-1.000000000000000000e+00
9.927013402756332816e-01
-1.278764921129530441e-01
5.232060263929713129e-01
9.399350757783397903e-02
9.014976713255200558e-01
-9.192448247470914602e-01
-1.000000000000000000e+00
-1.000000000000000000e+00
-1.000000000000000000e+00
-1.000000000000000000e+00
-1.000000000000000000e+00
6.294637315874134220e-01
1.000000000000000000e+00
1.000000000000000000e+00
-1.000000000000000000e+00
2.017103235355233726e-01
-9.243709390450054464e-01
9.280325963892672725e-01
1.758656876033761751e-01
3.210417254121955555e-01
1.000000000000000000e+00
4.338581776613328334e-01
4.422275374570834305e-01
1.000000000000000000e+00
3.318384481800137342e-01
8.814475922629937399e-01
-6.365334262223698580e-02
4.254321474177849005e-01
8.095008757633865848e-01
1.260703536776244249e-01
1.000000000000000000e+00
-7.723884256816899718e-01
-1.200846548469219899e-01
-2.553046659015023589e-01
1.000000000000000000e+00
-1.985670388095826522e-01
-5.971032441416153080e-01
-1.000000000000000000e+00
1.000000000000000000e+00
8.538915457726330427e-01
3.515096569241855651e-01
4.936538055700152583e-01
-2.125519095653483070e-01
-4.282828210365960953e-01
8.834594194752165564e-01
-1.000000000000000000e+00
-1.000000000000000000e+00
7.533376755249310275e-01
6.365415355813188736e-01
8.372480651381793981e-01
-1.000000000000000000e+00
1.000000000000000000e+00
1.000000000000000000e+00
5.805060212095382033e-01
1.000000000000000000e+00
-1.000000000000000000e+00
1.000000000000000000e+00
1.078603632568102544e-01
2.030049329174051786e-01
-1.310337745072032156e-01
-4.978776301635080004e-01
-1.050049812884954470e-01
1.388558786055412719e-01
1.000000000000000000e+00
1.000000000000000000e+00
-7.252069948236521402e-01
1.000000000000000000e+00
3.865648161883337153e-01
8.295244982996765604e-01
1.000000000000000000e+00
