1.751117187357074945e-01
5.472894734899647062e-03
-1.000000000000000000e+00
-1.000000000000000000e+00
1.283625491725368661e-01
-6.840282801412849167e-01
5.416252056070558485e-01
1.000000000000000000e+00
6.728676904134510695e-01
1.000000000000000000e+00
-2.065566930541024859e-01
1.000000000000000000e+00
-1.000000000000000000e+00
-1.000000000000000000e+00
-7.831388410523809629e-02
7.185543657042764432e-02
-6.894960365982407691e-01
-5.609698123242978784e-01
2.703373611276307376e-01
-6.967009877055219125e-01
-4.546311336680718407e-01
-8.381622081161774762e-01
-6.630016649415493291e-01
-7.271732363245702047e-01
-1.000000000000000000e+00
-4.543135021642320526e-01
8.901725167675662576e-01
-6.539873442556960459e-01
9.595971260775260081e-02
9.339851968088743739e-01
4.301142211470832533e-01
-1.753053003348225558e-01
-5.044189330999806486e-01
-1.000000000000000000e+00
-6.284930517010518525e-01
-4.062148014859406353e-01
-1.651558246798082719e-01
-1.000000000000000000e+00
1.000000000000000000e+00
1.000000000000000000e+00
4.639546978813277045e-01
-9.756295450161103222e-01
1.000000000000000000e+00
-2.704737796172778097e-01
-3.457781988459313061e-01
3.941727863894107786e-01
3.991167487217545107e-02
-3.033460137905795717e-01
2.635259120329186966e-01
-1.000000000000000000e+00
6.612481968224164230e-01
-5.643723508841341774e-01
-7.543612337358862607e-02
-3.058995954157446295e-01
4.101407362140290225e-01
-8.766631173883842054e-01
1.000000000000000000e+00
1.000000000000000000e+00
-1.000000000000000000e+00
1.333834560554277848e-01
6.630675436399264822e-01
1.000000000000000000e+00
-5.860379778672815121e-01
1.000000000000000000e+00
-1.000000000000000000e+00
1.370673885709876583e-01
-1.000000000000000000e+00
-6.045027161118767811e-01
-1.937719454161754840e-01
-4.631068999233459715e-01
-2.898466838343192187e-01
-8.461699486352822763e-01
1.593550578070774826e-01
9.302262675035709583e-01
1.000000000000000000e+00
5.820894931686332319e-01
-8.229480707290061092e-01
1.947356256737768909e-01
1.000000000000000000e+00
-1.000000000000000000e+00
-1.000000000000000000e+00
-2.932001685081913611e-01
3.640825512885061954e-01
-1.000000000000000000e+00
-1.000000000000000000e+00
-4.061778755608574931e-02
-3.258457533715339305e-01
-1.247594336619242128e-01
4.970126658057314600e-02
1.000000000000000000e+00
5.421257275191715408e-01
-3.250631995919202044e-01
-2.172619660080843396e-01
-9.154345561406728171e-01
-1.000000000000000000e+00
1.000000000000000000e+00
-1.000000000000000000e+00
2.070520736583580934e-01
7.292311565136052609e-01
-2.210980467768545177e-01
1.000000000000000000e+00
-2.248258538128141693e-01
1.000000000000000000e+00
-1.000000000000000000e+00
-1.000000000000000000e+00
1.000000000000000000e+00
-1.646956070063944066e-01
-1.000000000000000000e+00
9.937194093225889535e-01
-8.665130523237856153e-01
6.265237008340566183e-01
1.000000000000000000e+00
-7.285380414079832834e-01
1.000000000000000000e+00
1.057259766493849895e-01
1.000000000000000000e+00
-2.747931789972996586e-01
-1.000000000000000000e+00
5.761653321137302219e-01
-5.385310080812841793e-01
-1.000000000000000000e+00
-5.745324852637683222e-01
1.000000000000000000e+00
7.137625664869853281e-01
-1.000000000000000000e+00
-1.447376001186988503e-01
1.000000000000000000e+00
-1.000000000000000000e+00
-1.548479259208062064e-01
1.000000000000000000e+00
1.000000000000000000e+00
1.125115572730984725e-01
7.390254590565163983e-01
-4.440523392003325465e-01
6.026598936220780578e-01
-5.596413693316029114e-01
1.000000000000000000e+00
-1.000000000000000000e+00
7.490031004760098199e-01
-6.824871500542333269e-01
-3.744696713022532819e-02
1.000000000000000000e+00
-1.000000000000000000e+00
1.000000000000000000e+00
8.451777954263911541e-01
-1.000000000000000000e+00
3.404896079326924507e-03
-1.000000000000000000e+00
1.000000000000000000e+00
1.000000000000000000e+00
1.000000000000000000e+00
-1.000000000000000000e+00
-5.761739111315444806e-01
-1.000000000000000000e+00
1.530497810802966541e-01
5.987293312733632522e-01
1.000000000000000000e+00
-2.545318094521678010e-01
-7.242475935951157018e-01
-1.000000000000000000e+00
-6.982704636729688552e-01
-2.808057086483255471e-01
-4.635680300532043496e-01
-5.421045376796592707e-01
6.716229470639284438e-01
1.023213839732233232e-01
1.000000000000000000e+00
-3.668110543829590231e-01
1.000000000000000000e+00
1.000000000000000000e+00
1.000000000000000000e+00
4.569229800981111644e-02
6.359379904155196828e-01
-9.726183126112264432e-01
-5.211141388935509600e-01
1.033061445318406157e-02
1.000000000000000000e+00
-1.000000000000000000e+00
-3.918937972766546318e-01
-5.026377245831317175e-01
-1.000000000000000000e+00
1.000000000000000000e+00
-2.322531937682312253e-02
5.511517435043842283e-01
1.000000000000000000e+00
1.000000000000000000e+00
4.540652384400623021e-02
1.657884948267420722e-01
6.204987354964801582e-01
9.421599649007172950e-02
3.967095270360840864e-01
1.000000000000000000e+00
-1.000000000000000000e+00
-4.842960702884311353e-01
-1.000000000000000000e+00
1.000000000000000000e+00
-7.500017181251827925e-02
1.000000000000000000e+00
-4.525766371268117316e-01
1.000000000000000000e+00
-7.450743443573326630e-01
1.000000000000000000e+00
6.066975220945394209e-01
-2.091469278523544473e-02
8.744192051421494360e-01
-1.000000000000000000e+00
-1.000000000000000000e+00
1.000000000000000000e+00
-1.000000000000000000e+00
6.851104353177596140e-01
1.000000000000000000e+00
6.386513454005362522e-01
4.346699454244107308e-02
9.353236912536311287e-02
-7.369306865720101629e-02
6.568903906293153128e-01
4.161009439093052986e-01
4.086524544370295775e-01
4.762846089638125280e-01
-1.000000000000000000e+00
1.000000000000000000e+00
1.000000000000000000e+00
5.045827219935608010e-01
-5.843552838011467632e-01
1.000000000000000000e+00
9.189977380798003415e-02
8.921749681813182509e-01
8.342682013298505783e-01
-1.000000000000000000e+00
1.000000000000000000e+00
-1.000000000000000000e+00
-1.395476279787781770e-01
-5.809080202217492550e-01
6.605443254013612098e-01
1.051390710107120430e-01
8.308645736566160345e-01
-1.000000000000000000e+00
-2.335090951203560028e-01
1.000000000000000000e+00
-1.000000000000000000e+00
-4.523177943533950307e-01
1.000000000000000000e+00
1.000000000000000000e+00
8.111580865239429450e-01
6.834055761147292962e-01
-1.000000000000000000e+00
-1.000000000000000000e+00
4.795867508738763663e-01
1.000000000000000000e+00
1.000000000000000000e+00
7.100961671477094006e-01
-2.055802031325879575e-01
2.259394064651041312e-01
-7.025096401836611326e-01
-1.739044747881456354e-01
-1.000000000000000000e+00
-8.844085196672677451e-01
-5.762810989853288657e-01
-1.000000000000000000e+00
1.000000000000000000e+00
-1.000000000000000000e+00
-6.882196484945967141e-01
-5.230197948093989746e-01
7.223682815272722824e-01
5.140171105548008157e-01
