-1.947966819329599986e+01
-1.175344850844120970e+01
-1.439603370700458740e+00
5.212516738454200294e+01
7.380014616071997580e+01
-1.170183484361099602e+01
-1.264773073872929388e+01
-6.975309789932266469e+00
-4.983891094688218004e+01
2.146604616812826549e+01
-1.523524289385347430e+01
1.592263831111317973e+00
-2.730167431883185003e+00
-2.699432863892671364e+01
1.543880561197385859e+01
1.814723509650933764e+00
8.786351960895638058e+01
-4.664101550443633926e+01
1.472580062416019331e+01
5.384972531190917522e+01
-2.864515228362925825e+00
1.591721771784662565e+01
-6.806039519281917194e+00
8.056924093767376860e+01
-4.595846724849098308e+01
1.826246744108151177e+01
-6.118383459955976633e+01
1.571831475723971039e+02
-2.976826052198677530e+01
-9.752290242234002093e+00
2.510394321549701147e+01
-1.784477288098208021e+02
-2.142838409801475663e+00
-1.994349201791090564e+01
-2.153489312563992897e+01
8.840200215876523160e+00
2.150005826570791001e+01
-6.045800377079498134e+01
-7.649764219968925971e+00
-2.955652218992519664e+01
6.517584075248844044e+01
-7.339585092917975828e+01
7.417818375254138630e+01
6.861891775821400419e-01
2.172647099262387194e+00
1.150197261824162638e+02
7.375668679746432588e+01
-6.297311322441956349e-01
-1.288352913492729357e+01
5.729055425666589940e+01
1.634793209845960860e+01
3.041981153391053638e+01
1.925556279157125772e+01
3.450729859318308712e+01
2.550683873454961770e+01
3.440881983172087821e+00
6.525246666464326495e+00
-3.437337338722159963e+00
-6.209616866931202850e+00
5.806521470274377350e+01
1.679069036450218988e+01
8.175673913533833215e+00
-1.783212960230687827e+01
1.000913361380690603e+01
-1.133785968029395974e+01
-6.215464630268395041e+01
-6.790380483448792859e+00
-2.261440301246511630e+00
-6.162151591734196643e+01
-4.579103394895415846e+00
6.628995246793292040e+01
1.216210749544791447e+01
-1.715940974177856759e+01
-3.723577202303933831e+01
-6.283052033313180118e+01
-5.177112625680753144e-01
9.140329059935492495e-01
-2.075768215934134275e+01
-3.367223681393274148e+01
-1.092792020277710208e+01
3.505222690879305247e+01
1.839992939382812409e+01
-1.552272923372727220e+01
2.379340516114775284e+01
-7.759889463640167406e+00
7.524179720096606161e+01
-8.121332832943481961e+00
7.003047551820399974e+01
-1.025994640325264413e+02
-1.009395337747946186e+01
7.968555846901548279e-02
1.240381660747704728e+01
-8.433461020588735835e+01
-1.429074434512569667e+02
8.600300308468812105e+00
2.369694944282169757e+01
-1.051608625020679710e+01
2.549365819822006429e+01
-8.689247127965423090e+01
-3.203687430762890642e+00
1.088391030033113616e+01
-7.698319216589245784e+00
3.394001419065257608e+01
6.478370084613317204e+01
2.436712822482919094e+00
1.353832343211133349e+01
-5.746551707300832135e+01
2.096381079644852363e+01
6.054063998817317582e+01
8.584671039616599941e+00
4.899284604970344681e+00
-6.489597787468021295e+01
1.082283148496630609e+01
-5.587097907379804163e+00
1.633523657130841755e+01
-7.126538287341334765e+00
1.388482459434086635e+01
4.308284079456691451e+00
2.139452693903680824e+01
1.151639678935510602e+01
5.116054421536291130e+01
7.142250532211094516e+00
1.992422557766050772e+01
-2.160769525920179746e+01
-1.026739796768318769e+01
1.981420935023983176e+01
5.234202125410570972e+01
-1.250736054802716524e+01
-3.161582908842434847e+01
-1.906901491716321928e+01
-1.370610802757226310e+01
1.020830832840161229e+01
-5.083697324586380795e+00
-4.595716870354317507e+01
-5.565196676898887418e+00
-3.260244460745457040e+00
1.238543073316749599e+01
-2.336533518426102418e+01
9.437129516465207146e+00
2.776517210387631707e+01
1.498767699386768371e+01
5.419254470947798552e-01
1.021667081753705730e+02
2.936884850747292219e+00
-5.018368347385064965e+01
6.614625590524855170e+01
2.286985637095898483e+01
-3.650640624564579895e+01
5.028256147933792874e+01
2.608361538634405896e+00
3.029722024889187892e+01
-2.515096743830865123e+00
7.715435300172435973e+01
-2.348972206635621518e+01
5.649114264395206675e+01
4.570502577129132504e+01
7.480788246132707542e+00
-4.224050501364861709e+00
6.000356543192221004e+00
-3.371423380205428089e+01
-4.721071730185269644e+01
2.964137129485150979e+01
-5.991951461345155217e+00
3.545586829898293502e+01
7.950859439386930738e+00
-6.572250751855675333e+01
-7.489088416898296074e+00
-2.544136680754331792e+01
4.813959076626906253e+00
-7.339120493285268054e+00
-4.020493520478651561e+01
-6.634838501029944879e-01
5.076449352052692632e+01
-1.320950049237040957e+01
3.286302279074779342e+00
-6.410177383115231997e+00
-4.332916387555179938e+01
2.490348221645524518e+01
-3.946611323446727049e-01
2.553691432451266152e+01
4.468514379553134575e+01
-7.401536900863236212e+01
2.710101880948782238e+01
4.090219884499607872e+01
-1.388262557404175723e+01
1.129539657420984433e+01
3.866829189551569357e+01
-2.745037206555434750e+01
-1.971127215228973384e+01
-1.042589291144631147e+01
-1.669796282856484737e+00
2.125755390891088226e+01
5.420447575083537117e+01
-7.427895663181701025e+01
2.966680945475194520e+01
6.217023439391846651e+00
3.606831986507565802e+01
-3.056914729729858848e+01
1.138220551732764996e+01
3.929021473851551605e+01
4.207176419117209321e+01
5.223078999935104605e+01
9.306255510474619186e+00
-1.173289277122653971e+02
-1.650843305331993349e+01
5.179296689435614098e+01
-1.617818633155116714e+01
-3.749068100502908862e+01
-5.135144945449477660e+01
3.025174064666727958e+01
-3.160691857052110976e+01
-6.572232371197408440e+01
1.294557774746667533e+01
-7.869693994044297369e+00
2.253390467077933934e+01
-9.416441226657275010e+00
2.403740850143306318e+01
1.039017333190366621e+01
1.567412238169679206e+01
6.159859682634822775e+01
5.039427326733058266e+01
2.526687101296623439e+01
-1.586356142257243818e+01
1.642439580514977848e+01
-8.489253692149908659e+00
-1.681580260889406020e+01
-1.423714273044624434e+01
-1.288993193044046492e+01
4.835664796123641906e+01
4.474329298994271653e+01
-7.422916628467578448e+01
3.374549197064775541e+01
-4.436055121987543259e+01
2.912171219692728386e+01
-8.231977647087265382e+01
1.485251324739667922e+01
-8.406758385824184643e+01
-1.136266894649696013e+01
3.226482647160669615e+01
4.872075095358503916e+00
-4.342383016620367187e+01
4.402881621398485379e+01
7.393399297433559170e+00
4.849882312175866161e+01
4.390476217229534228e+01
-3.324235416935406473e+00
-3.850910334803828050e+01
4.453818546110131393e+00
4.200590494014527820e+01
3.854138703535591048e+01
1.999229888754118889e+00
5.925115258855657885e+01
-5.145742401740059790e+01
3.403116049641764107e+01
1.490090946957948503e+01
4.737398026013079289e+01
-1.147007463099538427e+01
-8.235673231119822191e+00
7.050056153320028329e+00
2.147075540615007228e+01
9.875699049900729776e+00
-5.697599767622903322e+00
1.927653433514059884e+02
5.065150032662489821e+01
-3.461895942950058469e+01
