-1.000000000000000000e+00
6.482879350216856906e-01
-1.000000000000000000e+00
2.363855737981108707e-01
-8.586220507936304092e-01
7.083150858519586812e-01
-7.239301707125116447e-01
1.000000000000000000e+00
1.668303819376055763e-01
9.451865032677635448e-01
1.711237075523807105e-01
1.825011298270957649e-01
1.000000000000000000e+00
-1.000000000000000000e+00
-9.854108708704933939e-02
-9.074597041044398793e-01
1.000000000000000000e+00
-8.680248555944574118e-01
-1.000000000000000000e+00
-1.000000000000000000e+00
3.106888070331950136e-01
1.000000000000000000e+00
-6.548953548329050633e-01
8.210452404904104995e-01
9.401114322436630033e-01
-2.655505533227789927e-01
-9.294288523498384080e-02
-5.059041222113678238e-01
-1.000000000000000000e+00
6.667448296870124302e-01
-2.769422846883440315e-01
6.719114922981874738e-01
-1.000000000000000000e+00
-6.870652866612250165e-01
5.395725212526845116e-01
-7.685044622909289469e-01
8.188567900661103405e-02
-9.893161666479564076e-01
3.918947820315936692e-01
-2.844013629874320159e-01
5.258294107692085273e-02
7.140768089266891216e-02
4.976179780919680606e-01
1.763030617286013291e-01
-5.835874072229092491e-01
2.155549830911085984e-01
-1.000000000000000000e+00
-1.927047370312449104e-01
-9.443096287616290496e-01
9.192233345279632317e-03
-4.974966616186091706e-01
-3.248711495826672735e-01
1.689922331469295713e-01
1.000000000000000000e+00
3.892401125843614196e-01
-2.463625899104327499e-01
-3.894926046559132882e-01
-2.575285103748489179e-01
9.861815331150391994e-01
1.000000000000000000e+00
1.000000000000000000e+00
-3.665699892218787781e-01
4.039168851142578842e-01
5.167877915645791020e-01
2.906985768109302537e-01
2.052669217320698680e-01
-1.000000000000000000e+00
-6.905563876238501875e-01
-6.098604401802910635e-01
7.145464272127073357e-01
-6.741081234076744533e-01
8.981214065445480843e-01
1.000000000000000000e+00
1.090935552034284495e-01
3.207396501279804468e-01
-3.106433750884652900e-01
8.683975445725213849e-01
1.103995154372127280e-01
-7.705710286462807979e-01
6.566737996550959799e-01
-1.000000000000000000e+00
-4.056494900562268580e-01
6.546177515258677637e-02
-1.000000000000000000e+00
-1.000000000000000000e+00
3.007186862030670760e-01
-1.000000000000000000e+00
1.333098392250908759e-01
4.670197529175683648e-01
1.000000000000000000e+00
-1.577146304699152957e-01
-1.896459826265389226e-01
-2.704758785772520824e-02
-1.000000000000000000e+00
2.208598060838116162e-01
8.591101150539586229e-01
5.317737574411967039e-01
1.915619703719401434e-01
8.446574835341691401e-01
1.000000000000000000e+00
-1.000000000000000000e+00
1.000000000000000000e+00
-1.364166734324472330e-01
5.265436114340993345e-02
-1.000000000000000000e+00
-2.381657376794517056e-01
-1.613375671442389692e-01
6.519720854198136628e-01
6.635863425545753813e-01
-7.916375832978810312e-01
9.204754279718212473e-01
-1.000000000000000000e+00
-3.925192461834212665e-01
9.098352014941546440e-01
4.772626322538087162e-01
7.317825332767819990e-01
-7.010671291193411037e-01
1.000000000000000000e+00
-1.000000000000000000e+00
1.000000000000000000e+00
1.000000000000000000e+00
-9.094965798597676176e-02
-2.339722348056267887e-01
-5.793969741786519911e-02
-1.329084929837907048e-01
-2.594903024791306301e-01
9.317877599564607927e-01
-5.958417129369393272e-01
4.699663593855699650e-01
-6.196898080357524652e-01
-1.000000000000000000e+00
-1.000000000000000000e+00
6.596473443970747308e-01
-4.688833757312966810e-01
-1.000000000000000000e+00
-3.372143740023118008e-01
-1.000000000000000000e+00
-2.726328425902689312e-01
8.254297740169214137e-02
-2.562783396789425350e-02
9.667599054241653445e-01
-1.000000000000000000e+00
1.844726856809388860e-01
-1.000000000000000000e+00
-1.000000000000000000e+00
6.049804740947204440e-01
-9.744234622794925582e-02
5.626121653950151291e-01
1.000000000000000000e+00
3.830667549691395557e-01
-7.121481938415867852e-01
2.743756860748545745e-01
1.000000000000000000e+00
-9.293077256565247524e-01
-1.000000000000000000e+00
-1.000000000000000000e+00
-5.038277943818703086e-02
1.000000000000000000e+00
5.285843028366066232e-02
-1.097785062285397961e-01
-1.000000000000000000e+00
-4.771059096961806079e-01
-6.441769116648179416e-01
-2.094764044878907328e-01
-7.500354723947642022e-01
-4.754870993663249390e-01
7.284525338056995203e-01
-9.431770094000748728e-01
-4.921694103064183090e-01
1.000000000000000000e+00
-2.887670293983330416e-01
1.704050233532443670e-01
-5.807706153654430548e-01
1.000000000000000000e+00
-1.342255938161481810e-01
1.000000000000000000e+00
-2.307338190521759369e-01
-2.441044175468024546e-01
5.592068682361424070e-01
3.675877630102346583e-01
-9.375805502542960967e-01
-1.000000000000000000e+00
6.152675918404404420e-02
-9.755005822552442751e-02
1.000000000000000000e+00
8.995755741139512818e-01
-9.627000690517357739e-01
1.165364881158370558e-01
-6.709605733600462196e-01
-5.012308154585924935e-01
4.734020766312937445e-01
-1.670732606553975153e-01
1.000000000000000000e+00
3.506358703623690953e-01
-8.793925608096313518e-01
-7.075909783642558848e-02
1.000000000000000000e+00
1.000000000000000000e+00
-6.126003007620752783e-01
-1.000000000000000000e+00
-6.018811870356066684e-02
-8.081670272770953289e-01
8.666872191666328273e-01
1.000000000000000000e+00
-4.796041662227472635e-01
-1.000000000000000000e+00
1.000000000000000000e+00
2.584207715728714660e-01
-1.000000000000000000e+00
1.000000000000000000e+00
-1.000000000000000000e+00
8.686306073091962787e-01
-5.897531955646573287e-02
9.337884740054438470e-01
-3.444780785880066087e-01
1.000000000000000000e+00
1.000000000000000000e+00
5.582753819094943282e-01
4.522097826003848020e-01
-6.330681951835153143e-01
4.840735630671628154e-01
-1.000000000000000000e+00
3.386243212696730120e-01
9.142154286315333778e-01
1.000000000000000000e+00
-8.542396090063242298e-01
-6.420789214951561075e-01
-5.325676113221076147e-01
2.451384503284459448e-02
9.298997955704455531e-01
-9.252491475163804324e-01
-7.954186432914680527e-01
1.000000000000000000e+00
-9.161196694942161933e-01
1.000000000000000000e+00
-3.716125098421290129e-01
1.000000000000000000e+00
-2.250354580508299729e-01
-6.678466327440695238e-01
6.289201766975358598e-01
1.000000000000000000e+00
2.152343697114522669e-02
-5.825893201804552834e-01
-5.546185831663024146e-01
4.667329538071099959e-01
-1.000000000000000000e+00
-6.931121956981829424e-01
4.265692751775733704e-01
1.000000000000000000e+00
1.000000000000000000e+00
1.000000000000000000e+00
1.000000000000000000e+00
-2.879074532640095718e-01
8.243046696828280062e-01
8.992604141116933292e-02
-2.253504536229666844e-02
-1.000000000000000000e+00
6.951257022644217187e-01
9.482346639885755879e-01
-1.000000000000000000e+00
-6.043863050996560737e-01
-2.274412024580280689e-01
1.000000000000000000e+00
1.784884938040747215e-01
1.799689980663591315e-01
