-1.000000000000000000e+00
8.390497511556869181e-01
-4.409521029213940846e-01
-4.552967873405444621e-02
-1.000000000000000000e+00
6.627564571126121074e-02
1.000000000000000000e+00
5.076146867480846314e-01
1.000000000000000000e+00
9.599049421186069964e-01
-1.000000000000000000e+00
-4.791107993596147585e-01
-1.000000000000000000e+00
-4.322725049566044087e-01
8.081456386299790129e-01
-1.000000000000000000e+00
-7.329757547814783614e-01
1.000000000000000000e+00
4.293454691434213100e-01
-8.402262163461080569e-01
1.000000000000000000e+00
-6.130724257958026779e-01
4.397641618969798660e-01
-9.692547989501216765e-01
6.460565707315035766e-02
1.000000000000000000e+00
5.583340484655141545e-02
7.948755314770388214e-01
-9.322088515996664881e-01
8.700986379592396958e-01
-7.223916523002391621e-01
-1.000000000000000000e+00
-9.943159303981072838e-01
7.669398437065324536e-01
4.159690850390551642e-02
3.476557055056739287e-01
-2.132280238046628806e-01
-6.567768714844854916e-01
-3.506574384801581790e-01
1.847250060384564296e-01
-1.622136448791171581e-01
-3.974796760227784498e-01
6.030490460095216942e-01
-2.663383784655461994e-01
-1.250008338436541244e-01
-3.967278610040035347e-01
1.871993082361957939e-01
1.000000000000000000e+00
4.868605047046077328e-01
-1.701212150649968891e-01
-4.685739788673993211e-01
6.813421241989942034e-02
1.000000000000000000e+00
4.132137593667424280e-01
-3.113422752905721236e-01
-2.865527961787039946e-01
-2.807760491830955107e-01
-1.000000000000000000e+00
-1.000000000000000000e+00
-1.000000000000000000e+00
8.555290855249113591e-01
-8.277859196442267642e-01
5.229838078087178932e-01
-1.000000000000000000e+00
1.000000000000000000e+00
-9.920992785370588152e-01
6.441600649941128798e-02
1.000000000000000000e+00
1.000000000000000000e+00
-1.889933129578502680e-02
-1.000000000000000000e+00
-8.664176462500929876e-01
9.807192530034019029e-01
1.000000000000000000e+00
1.138090253218211334e-01
-3.312875212305232964e-02
1.000000000000000000e+00
-2.789309363745340331e-01
-6.578847625840645863e-01
-4.029333940637489508e-01
-1.000000000000000000e+00
9.470070878986354135e-01
2.634743368907846994e-01
-2.542677324119697602e-01
-1.000000000000000000e+00
8.134618834826972122e-01
-1.000000000000000000e+00
4.120466949496606190e-01
-6.563666760495594499e-01
9.741686902928652358e-01
8.445775989944037665e-01
4.350560411249877468e-01
-1.037246529930259675e-01
-4.574237487217052145e-01
1.213099097585370600e-01
2.873975562769777170e-01
-9.118097582480411134e-02
1.866579869649491463e-01
5.450754654030560697e-01
-1.000000000000000000e+00
-7.273838448060234718e-01
-1.000000000000000000e+00
-4.185233201891971344e-01
-1.000000000000000000e+00
6.341969664341664537e-01
-4.339914309191051922e-01
-2.087700719769035040e-01
1.000000000000000000e+00
1.000000000000000000e+00
-4.779295239451147870e-01
-1.000000000000000000e+00
1.590166815894156482e-01
-4.461641491927293979e-01
2.949015448589673016e-02
1.000000000000000000e+00
1.000000000000000000e+00
-2.043252366737613457e-02
-3.982949477922135273e-01
-1.000000000000000000e+00
-5.222589294463154674e-01
-8.194920095326978515e-01
1.160028304458137899e-01
-3.484495299590883444e-01
-1.051400373759325824e-01
-1.000000000000000000e+00
1.000000000000000000e+00
-1.000000000000000000e+00
1.000000000000000000e+00
-1.000000000000000000e+00
-1.000000000000000000e+00
1.898026119820450108e-01
-1.000000000000000000e+00
4.311958537656090940e-01
-1.000000000000000000e+00
1.000000000000000000e+00
7.095265155841732341e-01
6.014156815366713538e-01
-1.000000000000000000e+00
-8.276806275039272354e-01
-1.000000000000000000e+00
-3.578517210475301580e-01
9.295308492594605010e-01
-8.490289337784933110e-01
-2.126149475603666961e-01
-1.000000000000000000e+00
4.580402318755106839e-01
9.316890607016443671e-01
7.224826548976783780e-01
-1.115991652261334455e-01
1.000000000000000000e+00
-6.347594073892721678e-01
-3.114099534694534377e-01
1.848752856001033562e-01
2.683639529228231124e-01
7.917376334928241111e-01
3.289160807199629222e-01
-1.756536571203822783e-01
2.499334901685172916e-01
-5.734694022790303158e-01
7.807038832829724662e-01
9.699868469178132280e-01
-7.526058555362629132e-01
-2.037358384690979851e-01
6.820747159711477714e-01
6.298422326917108016e-01
8.423412050125755890e-01
1.000000000000000000e+00
5.433885976146403118e-01
-2.385714286966028608e-02
-5.440552269075935587e-01
-5.292844425330727187e-01
-4.864302765260415384e-01
-6.121108405191633128e-01
-1.062488219488163521e-01
1.000000000000000000e+00
-8.706963292585434555e-01
1.000000000000000000e+00
4.581451895349447079e-01
5.017485765986127166e-01
-4.392611281562071035e-01
-1.000000000000000000e+00
-5.359318157590717835e-01
-4.243647547279514320e-01
-5.116080328586416481e-01
5.478285510912823675e-01
1.000000000000000000e+00
-4.560893271530919169e-02
-1.000000000000000000e+00
-2.642049426946668778e-01
8.377278033207997687e-01
-1.825062653767193233e-01
9.935950996155441528e-01
-1.000000000000000000e+00
6.463004155080231961e-02
-5.768939176482523745e-01
-1.000000000000000000e+00
-2.901964498900794776e-01
1.000000000000000000e+00
-6.366815492584108060e-01
6.975415218422396091e-01
6.881358460334066063e-01
1.601844740521333188e-01
2.866176194406462319e-01
-4.559839302790661963e-01
-8.938834149168850551e-01
3.848923385896685367e-01
7.702212908162757721e-01
1.360396666348240302e-02
3.280098276695975201e-01
-1.000000000000000000e+00
1.000000000000000000e+00
-1.000000000000000000e+00
-1.000000000000000000e+00
2.511891900644088738e-01
-5.413905323233980660e-02
5.661741748393103180e-01
-1.000000000000000000e+00
-6.746918767126280914e-01
5.030978961490217838e-01
-1.000000000000000000e+00
8.838228321391494724e-02
-5.942282013804078833e-01
-3.331720618005284407e-01
-6.173285525565045534e-02
1.906227977257609618e-01
-1.000000000000000000e+00
-8.575111914162341087e-01
1.000000000000000000e+00
1.000000000000000000e+00
-6.335475713953493404e-01
2.109772268463028233e-02
2.984983812876229603e-01
1.000000000000000000e+00
-7.491526171214737406e-01
4.228745361772281441e-01
-5.789743678938414906e-01
3.340239197800328741e-01
6.655785068822832606e-01
2.214617391458617579e-01
1.000000000000000000e+00
-8.196545859075881069e-01
8.269254559913259417e-01
-4.172046892806358098e-01
-1.489869125003731032e-01
3.698415354824176049e-01
-1.000000000000000000e+00
6.447635193570573353e-01
-2.204876996821830692e-02
3.912205082122783839e-01
7.911504154418542711e-01
1.000000000000000000e+00
-3.769332439928088085e-01
9.196353716905063536e-01
5.154411099806919250e-01
1.000000000000000000e+00
8.825117806778168261e-02
-6.488478918818292307e-01
1.000000000000000000e+00
-7.704123975286746306e-01
6.243779531243300873e-01
-9.371582195725899345e-01
1.000000000000000000e+00
4.754182978283030270e-01
-1.000000000000000000e+00
9.682714417329018053e-01
