4.426829642372379636e-01
-9.282671457572888585e-01
-2.074501389741669755e-01
-1.000000000000000000e+00
7.656237911863550405e-02
7.833508094360028817e-01
1.793631444266849395e-02
8.619780415605507451e-02
1.000000000000000000e+00
3.351371781048304577e-01
-5.056141243238569949e-01
1.000000000000000000e+00
-2.505355585288286946e-01
-5.300718874252086099e-01
-1.000000000000000000e+00
1.000000000000000000e+00
6.647616261746966959e-01
8.628938097409157848e-01
6.684939342701068377e-02
-2.087862630587815627e-01
1.000000000000000000e+00
6.800739593934013172e-02
5.685699864636253320e-01
4.410320241169336519e-01
-1.000000000000000000e+00
-5.625374097683137897e-01
-3.400670219367605274e-01
-1.000000000000000000e+00
-1.000000000000000000e+00
-3.299469891528881149e-01
9.508426853432409009e-01
1.447169995400962028e-01
5.352599852367925237e-01
1.000000000000000000e+00
2.554202797286562188e-01
1.000000000000000000e+00
5.509124755156020736e-01
-7.286905448784597450e-01
3.701993457421632883e-01
9.321786843866795014e-01
-8.413662963886250346e-01
-1.239608522746162844e-01
1.000000000000000000e+00
5.560109471777501255e-01
-1.000000000000000000e+00
-6.516200602615900284e-01
2.047063637761110388e-01
6.826695832188147683e-01
1.000000000000000000e+00
-1.000000000000000000e+00
1.000000000000000000e+00
-2.493979155646863788e-03
-1.689611894799818437e-01
-4.780100131481161974e-01
7.923241330196016952e-01
1.000000000000000000e+00
7.670320313102125809e-01
1.000000000000000000e+00
2.690612728698837941e-01
7.911160797476954887e-01
-1.000000000000000000e+00
1.000000000000000000e+00
-5.960731399304908251e-02
-6.457478776317588931e-01
-6.703573226056760426e-01
6.913942413057914127e-01
-2.995578510478522638e-01
-1.000000000000000000e+00
-7.024176340578625055e-01
-1.000000000000000000e+00
6.382620171819266552e-01
7.692845264370915537e-01
-1.000000000000000000e+00
-1.223895208883724883e-01
1.000000000000000000e+00
5.532604648162557925e-01
-7.265847644165290831e-01
-1.000000000000000000e+00
1.000000000000000000e+00
-2.241848076435453141e-01
3.104541531683794320e-01
-1.000000000000000000e+00
4.883617885162545580e-01
-8.957792960820620820e-02
8.859240299565085408e-03
1.000000000000000000e+00
-1.064808555023941672e-01
-9.863103470336220813e-01
-1.000000000000000000e+00
1.000000000000000000e+00
9.387596773359117019e-01
1.000000000000000000e+00
8.605478071995819045e-01
7.618488442808883931e-01
1.158687380541190137e-01
9.447317628399651834e-01
-5.941384391995463421e-01
1.000000000000000000e+00
-1.288544218179701328e-01
1.000000000000000000e+00
1.000000000000000000e+00
-1.000000000000000000e+00
5.537578237551245008e-01
-1.000000000000000000e+00
-1.000000000000000000e+00
-1.000000000000000000e+00
-9.174102330540301331e-02
-1.201286909818627402e-01
-9.216702662808025082e-01
4.237867279702989265e-03
1.000000000000000000e+00
6.178733989642443136e-01
4.868106875368833353e-01
-9.374584784497281831e-01
-7.512064092407422233e-01
-1.341783186383820325e-01
6.552358394943005870e-02
-6.617369607671657050e-01
4.574298214558381037e-01
-1.000000000000000000e+00
6.857944990727937729e-01
2.274914127907663453e-01
3.891083323263860860e-01
-4.135227697956778137e-01
9.598920072323402497e-02
-6.914234417977143110e-01
-3.284076201140103679e-01
-2.437143397019225777e-01
2.985455765688986851e-01
-1.000000000000000000e+00
1.000000000000000000e+00
6.473595869017332305e-01
1.000000000000000000e+00
-1.000000000000000000e+00
3.101657858200184137e-01
-2.358037368500870423e-01
-1.000000000000000000e+00
9.783121071180844730e-02
1.000000000000000000e+00
1.000000000000000000e+00
7.583434347318827040e-01
-8.117374276927364907e-01
-1.331600263988783617e-01
-8.136054633076073017e-02
-1.000000000000000000e+00
-6.236242294621696658e-01
5.258359904758727055e-01
-9.450742359738619758e-01
-4.122830376810697750e-01
-4.916222631358933004e-01
-9.409125562657907338e-01
-1.000000000000000000e+00
1.000000000000000000e+00
-1.000000000000000000e+00
-1.799025911244904741e-01
2.187143352149867326e-02
6.321944821271927584e-01
8.657445214085357499e-02
1.000000000000000000e+00
1.593286461156451228e-01
-6.484033998449600933e-03
-3.463579920777593024e-02
1.353818794360472921e-03
-8.213499750517436748e-01
-2.883204663656475097e-01
-8.924455196038134641e-01
-1.000000000000000000e+00
-9.611388020892674966e-03
6.352783226800224892e-01
1.000000000000000000e+00
-5.019199672730079165e-02
1.889427811151955794e-01
1.382948501963028320e-01
7.405211051956228641e-02
-1.719238191260827886e-01
-7.754173073330679067e-01
5.218402762515659266e-01
-8.097069881529891378e-01
-2.209592650772479461e-01
1.000000000000000000e+00
7.487791101989460518e-01
-9.147940478806091402e-01
3.276692914072842910e-03
-5.803903341303568997e-01
-9.154739981940076543e-01
7.322178310516402888e-02
4.181042080399586247e-01
-4.176259298671674003e-01
-1.000000000000000000e+00
-4.307392047580683725e-01
-5.301034067156620289e-01
-1.000000000000000000e+00
6.862295030445784150e-01
1.000000000000000000e+00
1.668904717485075739e-01
-1.000000000000000000e+00
1.000000000000000000e+00
1.000000000000000000e+00
2.593879731407249256e-01
4.438902182901016680e-02
-1.000000000000000000e+00
1.000000000000000000e+00
-1.000000000000000000e+00
-3.980681359443378753e-01
3.285797115892077347e-01
1.776095748450583489e-01
5.039094647836077634e-01
-5.194722724253455493e-01
-2.831772899696063384e-01
-1.279688896053854386e-01
-7.905299419018045892e-01
1.000000000000000000e+00
-1.000000000000000000e+00
5.726783378588613527e-01
1.000000000000000000e+00
3.260686264916415888e-01
6.892638807714135396e-02
8.302095777467612958e-01
1.000000000000000000e+00
-6.754458784284917972e-01
-9.803814126132597284e-01
-5.678844315774960183e-01
-5.496765729163219927e-01
4.768476597443481180e-01
-3.109303240088228115e-01
-6.854030980096013081e-01
1.000000000000000000e+00
8.536242888571621279e-02
-5.885652796124158925e-01
-8.869089102672799152e-01
-8.881387289152975484e-02
-9.061938271386199562e-01
-4.037663339562012621e-01
-2.453652438121238788e-01
9.662073978385099515e-02
8.687000528085793150e-01
-2.458840286139030162e-02
-4.886865661627326496e-01
-9.024821095619059985e-01
2.576346290276818052e-01
4.933340997267874339e-01
-1.000000000000000000e+00
-3.048410368289401484e-01
-2.449142225542598195e-01
5.012823464062301504e-01
1.576762039035448648e-01
-1.000000000000000000e+00
-6.851849474713074262e-01
3.229720746686869370e-01
6.949379987667716474e-01
7.475558612666907132e-01
7.988467400073492874e-02
-1.000000000000000000e+00
-5.602072119749665902e-01
1.000000000000000000e+00
-7.253478929948904419e-01
9.245770614050408120e-02
-1.000000000000000000e+00
-2.885896936046283834e-02
-3.355870735412055383e-01
1.000000000000000000e+00
-1.000000000000000000e+00
2.442651999559963816e-01
2.131641181829002640e-02
1.000000000000000000e+00
