-1.000000000000000000e+00
5.013517714070412357e-01
1.000000000000000000e+00
-2.634429727496889750e-01
6.196563380089844530e-01
-1.000000000000000000e+00
3.369571926730279277e-01
-4.828378834392756946e-01
-5.741767551733731878e-01
-1.000000000000000000e+00
-1.000000000000000000e+00
1.000000000000000000e+00
1.431505364914518186e-01
-1.000000000000000000e+00
-1.000000000000000000e+00
7.105233108205843973e-01
-5.138037876130056025e-01
-4.519824194033793541e-01
2.608737731789561032e-01
2.648196928741405332e-01
4.548947338736628598e-01
-1.000000000000000000e+00
-1.000000000000000000e+00
1.000000000000000000e+00
-2.791251792824896993e-01
-4.946785017054505795e-01
-1.235038194146074741e-01
-1.000000000000000000e+00
-8.909510120048564907e-01
6.691187358017743891e-01
1.000000000000000000e+00
9.046705788870768039e-02
-3.144648006961465736e-01
-1.000000000000000000e+00
1.312191385858449966e-01
-3.965600113017129225e-01
-1.000000000000000000e+00
-1.000000000000000000e+00
1.000000000000000000e+00
-5.093919207906461022e-01
1.186316075599005426e-01
-1.000000000000000000e+00
4.623317348113608061e-01
-3.394792268743940244e-01
-1.000000000000000000e+00
9.380120179343940379e-01
1.000000000000000000e+00
8.972530284019417657e-01
-1.000000000000000000e+00
-1.000000000000000000e+00
-1.000000000000000000e+00
1.000000000000000000e+00
1.000000000000000000e+00
1.000000000000000000e+00
-4.709742971405488365e-01
-6.582325660677594836e-01
-9.904241189921754174e-01
-8.313573552097063279e-01
4.919419703216345030e-01
-4.865644539935689572e-01
-9.027915756592919116e-01
7.814286524232489928e-01
-1.000000000000000000e+00
1.000000000000000000e+00
2.725038197795743855e-01
-1.971827313305485330e-01
-9.425295328104266179e-01
-7.325000725409878122e-01
8.936504849602331380e-01
6.187740820571462352e-01
-1.000000000000000000e+00
3.594608409519681747e-01
-1.000000000000000000e+00
6.568187043517046408e-01
-1.609853620403265961e-01
4.252563717862241077e-01
-2.463685954257369692e-01
-1.000000000000000000e+00
4.532480877049112067e-01
-1.000000000000000000e+00
-5.407387952990818647e-01
1.000000000000000000e+00
-4.306517948401359375e-01
9.511452071806127950e-01
-1.000000000000000000e+00
-1.894256978816530879e-01
1.000000000000000000e+00
6.819357816803373051e-01
-1.000000000000000000e+00
-1.000000000000000000e+00
-1.000000000000000000e+00
1.000000000000000000e+00
-4.965578686088043536e-01
-1.000000000000000000e+00
8.372081161697428886e-01
-1.000000000000000000e+00
1.000000000000000000e+00
-3.711484342397535219e-01
1.000000000000000000e+00
5.487113263164282717e-01
2.204936482248909257e-01
-2.133788179060720491e-01
-1.852249247854702574e-01
1.000000000000000000e+00
-3.513292296805916592e-01
8.273003680706988439e-01
1.000000000000000000e+00
5.016438028819417694e-01
1.000000000000000000e+00
-1.729998211856323964e-01
-3.841921918065208663e-01
3.425722372141730143e-01
4.939881342934564490e-01
1.000000000000000000e+00
1.000000000000000000e+00
-1.000000000000000000e+00
-1.000000000000000000e+00
-1.886038367855785713e-01
1.991043753027004204e-01
1.404635811579589277e-01
1.000000000000000000e+00
-1.000000000000000000e+00
1.000000000000000000e+00
1.973800857132899100e-01
3.268559974367111209e-01
3.913517816974015906e-02
-1.000000000000000000e+00
-2.525209221889358480e-01
3.291831951851964533e-02
-1.000000000000000000e+00
-1.000000000000000000e+00
-7.736066195199062800e-01
-1.000000000000000000e+00
1.000000000000000000e+00
-7.021091422748725330e-01
4.059171056710703107e-01
-1.000000000000000000e+00
-4.619289318988686333e-01
5.037620113002085898e-01
2.343069290271830030e-01
-3.287501630771234584e-01
-1.000000000000000000e+00
6.616377553431607161e-02
-5.859048077148457101e-02
-3.270411319776003745e-01
8.180871478842288713e-01
-3.836007549897739732e-01
1.000000000000000000e+00
-1.000000000000000000e+00
5.385825212908947890e-01
2.053299313560061345e-02
-1.000000000000000000e+00
1.035341806393624831e-01
6.313938919881798562e-01
7.902822321067963784e-01
-9.508144944427543432e-01
8.896766487160349124e-01
1.000000000000000000e+00
1.000000000000000000e+00
-7.121187736176242122e-01
1.462605745118974454e-01
1.000000000000000000e+00
-5.232007328031347271e-01
6.209613239823238984e-02
-7.257140617379573833e-01
-1.000000000000000000e+00
-1.217108549480796498e-01
-5.930743047363215004e-01
-9.151207313160987233e-01
-1.502641417621558562e-01
1.000000000000000000e+00
8.718483154754996800e-01
-8.227279610855756653e-01
-5.086454150278389985e-01
7.162681498416150205e-01
5.962521425630946670e-01
5.730392078136081757e-02
-2.476357032832857130e-01
8.123939121346286374e-01
-1.000000000000000000e+00
-1.000000000000000000e+00
-9.122019647094692374e-03
2.273046202083959244e-01
-1.000000000000000000e+00
1.000000000000000000e+00
8.265292201523680715e-01
1.094052705004913140e-01
-6.830325989465307890e-01
-4.279660907465441255e-01
6.347986884595184787e-01
-1.000000000000000000e+00
-1.806882045724151897e-01
-3.932711576294293243e-01
-3.928787198011625126e-01
-1.647264034295947699e-01
-7.864934057121604205e-01
7.058633559784064371e-01
6.990530344640630833e-01
-7.794554265532993576e-02
5.290937294144886227e-01
3.210283640799682647e-01
-5.129735572748801431e-01
-4.806966095661910909e-01
-1.297608632792829064e-01
-8.259114328188454923e-01
-7.012726147533376864e-01
5.205178568298498565e-01
-5.638962960886353404e-01
5.659589347888949185e-02
9.560582507994741519e-03
-2.887489962411232680e-01
1.000000000000000000e+00
-9.392626734226191543e-01
1.000000000000000000e+00
-4.667537547061637593e-01
-1.000000000000000000e+00
-3.810807004947909249e-01
-1.000000000000000000e+00
-1.000000000000000000e+00
-1.000000000000000000e+00
1.000000000000000000e+00
-8.726740700372555004e-01
1.000000000000000000e+00
1.000000000000000000e+00
1.000000000000000000e+00
1.000000000000000000e+00
-4.998767441224138963e-01
-1.000000000000000000e+00
-1.000000000000000000e+00
-1.000000000000000000e+00
-1.839140130854921840e-01
9.520523706709234091e-01
-1.000000000000000000e+00
8.759276107289590829e-01
1.000000000000000000e+00
-5.721189582384331729e-01
-1.000000000000000000e+00
7.412634647087110729e-01
3.505241639513734242e-02
1.000000000000000000e+00
7.756115802496714728e-01
-1.000000000000000000e+00
1.601671919751158635e-01
1.638452677292072668e-01
-6.567733961930650732e-01
-1.000000000000000000e+00
-3.438606773619690138e-01
4.416678027041402999e-01
-5.066487459991491082e-01
1.000000000000000000e+00
2.140078857639898247e-01
4.585711702433287185e-01
8.322188280574349672e-02
2.602651739553396570e-01
1.327578115394012492e-01
-1.000000000000000000e+00
-5.189331109074144521e-01
3.672032184214233386e-01
-5.388324637066996825e-01
1.166522783752990122e-01
8.591178022170414819e-01
-1.000000000000000000e+00
-7.145565247601304293e-01
4.491561297652170159e-01
7.070173421542840231e-01
