1.000000000000000000e+00
-2.779016971606607100e-01
7.901854571748651024e-01
-9.665151076816971276e-01
8.379060247783226556e-01
-1.000000000000000000e+00
-4.503819605570659190e-01
7.174664220516384638e-01
2.724314559273213199e-01
3.571073800930052444e-01
-1.000000000000000000e+00
1.000000000000000000e+00
1.000000000000000000e+00
5.657913923296145065e-01
1.120003947031757985e-01
1.000000000000000000e+00
-1.000000000000000000e+00
7.909487695587398282e-01
-1.000000000000000000e+00
-1.000000000000000000e+00
-5.081277847101897116e-01
-1.000000000000000000e+00
1.000000000000000000e+00
9.111986737861296204e-01
1.884152821583177095e-01
8.006784576039198686e-01
-3.473453788495330929e-01
1.000000000000000000e+00
-1.000000000000000000e+00
1.000000000000000000e+00
4.798477563779974808e-01
-1.000000000000000000e+00
-3.019810299570494516e-01
-1.000000000000000000e+00
-5.686493189482738631e-01
1.000000000000000000e+00
-1.000000000000000000e+00
1.530133707327772097e-01
-8.545277912870775650e-01
9.828840056571233053e-01
-1.000000000000000000e+00
1.000000000000000000e+00
3.009844308941446167e-01
-7.598044752713767336e-02
6.981691413315005423e-01
1.000000000000000000e+00
-2.293202072124640445e-01
-1.000000000000000000e+00
3.036282988471028510e-01
9.464436402878846355e-01
-6.357305785714695290e-01
-2.945367827395458660e-01
-4.305693821973519131e-01
1.000000000000000000e+00
-1.000000000000000000e+00
1.000000000000000000e+00
-3.426727037952371213e-01
-1.000000000000000000e+00
7.062984631407773772e-01
2.777012409285833927e-01
-1.000000000000000000e+00
-1.000000000000000000e+00
7.414756014768019154e-01
-4.128855316809066922e-01
1.000000000000000000e+00
-2.249780006733418380e-01
-1.000000000000000000e+00
-3.796271625471235867e-01
-6.834351705735824956e-01
1.000000000000000000e+00
-5.570269057466542550e-01
-7.472648940506225745e-01
3.399242399182204055e-01
-1.000000000000000000e+00
5.364726811587620936e-02
1.000000000000000000e+00
-3.281683186995720813e-01
1.802038382597994648e-01
-3.056095297391564491e-01
-1.000000000000000000e+00
-1.000000000000000000e+00
7.426866909361813374e-01
-1.000000000000000000e+00
4.449339013681786748e-01
7.284803046059984410e-01
1.000000000000000000e+00
-1.621106033718686668e-01
8.602188031053387141e-02
-6.026456175940644311e-01
5.848733450754409757e-01
1.000000000000000000e+00
1.000000000000000000e+00
7.607682341654278257e-01
1.000000000000000000e+00
1.000000000000000000e+00
-8.248610688377732147e-01
-1.000000000000000000e+00
7.923861658663259311e-01
3.064878325956654770e-02
1.000000000000000000e+00
-2.950530785694776004e-01
9.253596605447329537e-01
-1.000000000000000000e+00
-1.000000000000000000e+00
-3.964411714982325474e-01
1.000000000000000000e+00
4.070652176401339251e-01
-1.000000000000000000e+00
8.002208248036307703e-01
2.081171280253399924e-01
8.816131412071019913e-01
1.000000000000000000e+00
6.050103284114713986e-01
-9.075066747785890398e-01
1.000000000000000000e+00
5.425496002368210835e-01
7.359819928582860271e-01
-2.275659034467094610e-01
-1.000000000000000000e+00
-1.000000000000000000e+00
-1.000000000000000000e+00
1.109235144545985818e-01
1.000000000000000000e+00
4.365623152738691282e-01
-8.178692744573136109e-01
-6.569627802861749410e-01
8.531701064136332224e-01
-1.919474665241352462e-01
1.454770450543478866e-01
5.258217322390981163e-01
1.000000000000000000e+00
1.000000000000000000e+00
8.606368547172902339e-01
8.385309080898748491e-01
9.356634782445722998e-01
1.000000000000000000e+00
1.000000000000000000e+00
2.557485807554946700e-01
1.000000000000000000e+00
1.000000000000000000e+00
1.897285151726934571e-01
-2.972099855851673134e-02
1.000000000000000000e+00
1.000000000000000000e+00
-1.000000000000000000e+00
-7.102015324873329760e-01
7.613465657678355480e-01
4.336996521522531456e-01
1.000000000000000000e+00
5.031929722841983477e-01
-1.000000000000000000e+00
3.043376608905923320e-01
8.702306371870984769e-01
1.000000000000000000e+00
7.929493770317822543e-01
1.294337893405564932e-01
-1.000000000000000000e+00
6.234902384188760749e-01
5.445428711723689919e-01
1.000000000000000000e+00
6.147714519587054172e-01
-2.471677539039318638e-03
1.000000000000000000e+00
1.000000000000000000e+00
-7.315867909682167713e-01
-1.000000000000000000e+00
-8.854335147945416873e-01
1.000000000000000000e+00
-1.000000000000000000e+00
3.376700009302154859e-01
-6.603122069196356581e-01
-1.255742176390257647e-01
-1.000000000000000000e+00
-1.000000000000000000e+00
-5.788253640375442544e-01
-1.317270852082325916e-01
-1.000000000000000000e+00
1.692942301782895953e-01
4.214793414067612431e-01
2.055568214249148262e-01
1.698073880176398376e-04
-1.000000000000000000e+00
-1.000000000000000000e+00
-1.000000000000000000e+00
-1.000000000000000000e+00
-9.167659409478643440e-01
-1.000000000000000000e+00
-6.466410582511459282e-01
4.012146384487036421e-01
1.000000000000000000e+00
-1.000000000000000000e+00
-4.755360681446645366e-01
5.002288672053256668e-01
-1.000000000000000000e+00
4.224380010572459931e-01
1.000000000000000000e+00
9.644294469418834836e-02
-8.451101871450232839e-01
6.648602770906286707e-03
-1.000000000000000000e+00
-1.000000000000000000e+00
2.829753853647966610e-01
-7.790539093295807405e-01
6.022462069754501712e-01
6.881158936503042334e-01
1.125548468669601565e-01
-7.730202274124560180e-01
-7.339053017483090358e-01
-1.000000000000000000e+00
2.025586377122843285e-01
-5.405636961298031506e-01
-1.000000000000000000e+00
1.000000000000000000e+00
8.377669953260717950e-01
1.550591853715680424e-01
-8.441843598841848317e-01
-1.000000000000000000e+00
1.000000000000000000e+00
1.972029609730774902e-01
1.421538319800882966e-01
-4.918208417419644984e-02
-5.318316449733136997e-01
-3.044316749690565427e-01
1.000000000000000000e+00
-1.381198470048035087e-01
-9.092083407637864267e-01
1.727344197068121368e-01
2.605079644676316919e-01
-6.973888880542526980e-01
4.835741908633931496e-01
-5.885185624146200833e-01
-1.000000000000000000e+00
-1.000000000000000000e+00
1.000000000000000000e+00
-1.000000000000000000e+00
6.160197502133726299e-01
1.000000000000000000e+00
1.000000000000000000e+00
1.000000000000000000e+00
1.000000000000000000e+00
1.166717593017820853e-01
1.000000000000000000e+00
1.000000000000000000e+00
1.000000000000000000e+00
1.000000000000000000e+00
-1.000000000000000000e+00
-1.000000000000000000e+00
-1.331003314284201489e-01
8.912952600304172579e-01
1.000000000000000000e+00
-7.730796522236125234e-01
-1.407990294343073323e-01
-1.000000000000000000e+00
1.610471447607124684e-01
1.000000000000000000e+00
-6.597720798396555786e-02
-1.000000000000000000e+00
1.000000000000000000e+00
7.632050290245300239e-01
-1.000000000000000000e+00
-1.000000000000000000e+00
3.867273170604562660e-01
1.000000000000000000e+00
1.801550097929794925e-01
1.894986994639500377e-01
