7.708750426686192814e-01
8.357514917744632843e-01
-6.881234222446828142e-01
7.495733515312203998e-01
4.034128875022159333e-01
-9.456877079795433794e-01
-9.212407211455619915e-01
6.854205893684122142e-01
-1.000000000000000000e+00
-1.000000000000000000e+00
3.336067122422942122e-01
1.000000000000000000e+00
7.167407974973203366e-01
8.478182807792036257e-01
-3.167686336695635374e-01
7.202990831835234253e-01
1.000000000000000000e+00
-1.000000000000000000e+00
1.000000000000000000e+00
-1.000000000000000000e+00
-3.914801744322660149e-01
-5.190334392070725666e-01
1.000000000000000000e+00
-7.173393673807658688e-01
-8.030133866699904477e-01
-2.612185420523788215e-01
1.000000000000000000e+00
-8.902449829235026257e-02
6.751839980964520205e-01
-1.000000000000000000e+00
-1.000000000000000000e+00
-1.000000000000000000e+00
6.962874385504922436e-01
-5.721848293022286924e-01
-1.000000000000000000e+00
-6.467201022162087920e-01
-7.796998388495705035e-01
-5.562501845889871177e-01
1.000000000000000000e+00
1.672596250462697887e-01
-1.000000000000000000e+00
9.944255904074408292e-01
-9.784386386785165479e-03
-5.755436262546078652e-01
-9.795348803782385483e-01
-2.193598775621588004e-01
-1.000000000000000000e+00
-1.000000000000000000e+00
-3.253215249453929037e-01
4.519781677866470115e-01
1.110939772238250800e-02
-5.042641579282266528e-01
-9.080858074775429722e-01
5.529673115401740890e-01
1.000000000000000000e+00
1.000000000000000000e+00
-8.628969823761005742e-01
1.000000000000000000e+00
-4.162654524853772742e-01
-1.000000000000000000e+00
1.000000000000000000e+00
6.022940502690197206e-01
1.000000000000000000e+00
-4.675529433646132826e-01
1.803482217208949301e-01
-1.000000000000000000e+00
-1.000000000000000000e+00
-1.000000000000000000e+00
1.000000000000000000e+00
2.072589203505601496e-01
6.145428742392606836e-01
1.000000000000000000e+00
-1.000000000000000000e+00
-1.000000000000000000e+00
-1.000000000000000000e+00
1.000000000000000000e+00
8.727972156657441971e-01
-1.000000000000000000e+00
1.000000000000000000e+00
-1.794301979008595116e-01
-2.225567741240662145e-01
6.471152020209116618e-01
-9.200614317635138484e-01
-8.922410548673069819e-01
-1.388175838240243432e-01
1.000000000000000000e+00
1.000000000000000000e+00
8.867419478980997916e-02
-7.650945547098796373e-01
1.000000000000000000e+00
-1.000000000000000000e+00
1.000000000000000000e+00
-5.434114794924329583e-01
2.867258706499974941e-01
1.000000000000000000e+00
-8.885606081382713128e-02
1.000000000000000000e+00
1.000000000000000000e+00
5.777092880659654428e-01
4.715914198264015145e-01
1.000000000000000000e+00
4.221087569341066548e-01
-5.619851520041629911e-01
-6.829348365333192117e-01
1.000000000000000000e+00
-2.462410798746632601e-01
-1.000000000000000000e+00
-1.000000000000000000e+00
-1.000000000000000000e+00
1.410344696023156930e-01
-4.926359646944937776e-01
-1.000000000000000000e+00
9.982534952589108279e-01
-2.506616014011575633e-02
1.000000000000000000e+00
-8.043851069229058792e-01
-1.000000000000000000e+00
-1.000000000000000000e+00
7.960456231917729664e-01
-1.000000000000000000e+00
-5.367828919273551769e-01
-3.018482714362883401e-01
5.104602167568745852e-01
-2.241632149102305016e-01
-2.049823749394148464e-01
-6.793364300676570100e-02
9.496840891212454672e-01
-4.097682209827419042e-01
-7.716582109990998140e-01
1.000000000000000000e+00
1.000000000000000000e+00
6.468464603018795334e-01
-2.970314034030274719e-02
-2.760062750473928350e-01
-6.779858715774566003e-01
-1.000000000000000000e+00
-6.467780903215317734e-01
1.000000000000000000e+00
-3.528046787879750568e-01
-1.000000000000000000e+00
-1.000000000000000000e+00
-1.000000000000000000e+00
2.200861421326282263e-01
-1.000000000000000000e+00
-9.151044238233870809e-01
1.000000000000000000e+00
-1.850938147150806290e-01
-1.000000000000000000e+00
-6.369281710970595700e-01
1.197458360497365426e-01
8.144869181245998346e-01
-1.846637997267203124e-01
-1.000000000000000000e+00
-1.000000000000000000e+00
-1.900866182054113951e-01
-1.000000000000000000e+00
1.000000000000000000e+00
-2.973748663631736733e-02
1.000000000000000000e+00
-2.279266444337065822e-01
8.514326541048453656e-01
4.217365367333691939e-01
8.379287580293457438e-01
1.000000000000000000e+00
-5.120959163673362013e-01
-9.153567887751443699e-01
-2.452298057661073116e-02
-1.867800721376495776e-01
2.419133540850286757e-01
-1.000000000000000000e+00
-2.388534673866549163e-01
-1.000000000000000000e+00
7.156995643693850884e-01
9.282037931121264185e-01
1.139649647844846320e-01
3.077792719558019030e-01
4.475286965151914487e-01
2.209974731704213990e-01
7.547884812236600460e-01
8.720075633906926305e-02
1.000000000000000000e+00
3.311567092977047988e-01
-1.000000000000000000e+00
-7.005567398929373191e-01
1.000000000000000000e+00
-1.000000000000000000e+00
9.015249635368204340e-01
1.000000000000000000e+00
7.928487238924015745e-01
1.000000000000000000e+00
-4.175480261246862224e-01
1.000000000000000000e+00
2.191310134748138960e-01
-1.000000000000000000e+00
-1.000000000000000000e+00
-8.140306917629769323e-02
-1.000000000000000000e+00
1.618570484473036419e-01
-1.000000000000000000e+00
1.000000000000000000e+00
3.791002259246447625e-01
-4.949055957773054182e-01
1.000000000000000000e+00
-1.000000000000000000e+00
-9.940567005446756532e-01
6.214232528493637275e-01
1.000000000000000000e+00
1.000000000000000000e+00
-9.831562887217470958e-02
9.011298842834918332e-01
-3.322376092491553523e-01
1.024895373316666025e-01
1.000000000000000000e+00
1.000000000000000000e+00
8.452033470316412389e-01
-1.989438202972683145e-01
2.432197685485586458e-01
-1.000000000000000000e+00
1.000000000000000000e+00
8.293327945738648843e-02
2.668419587911285973e-01
-5.918834405630338802e-01
-2.962650470853184781e-01
3.191526503937053283e-01
4.487539236047735081e-01
-9.695922302859402153e-01
1.000000000000000000e+00
1.000000000000000000e+00
7.728313878578815244e-01
4.129522868459570839e-01
8.532362136283615506e-01
-1.000000000000000000e+00
-1.000000000000000000e+00
-1.000000000000000000e+00
6.986099820994789988e-01
4.231415990328486476e-01
-1.000000000000000000e+00
6.405677755979100052e-01
1.279213269762242700e-01
-9.324500704334851564e-01
8.996961049819397760e-02
-4.968078186213759073e-01
-1.000000000000000000e+00
4.750964107240884804e-01
8.317249102548731621e-01
-1.000000000000000000e+00
1.000000000000000000e+00
1.000000000000000000e+00
9.959173271303942698e-01
-7.600651972980405624e-01
-7.816285106698566132e-01
-5.374642147165584749e-01
2.194620600048692305e-01
1.388336746078845663e-01
7.719704190263453336e-01
1.000000000000000000e+00
-1.000000000000000000e+00
9.008226530264666909e-01
6.021488491114074249e-01
7.140470012290015545e-01
-8.065977372826451663e-01
1.000000000000000000e+00
1.000000000000000000e+00
-3.609334786113460591e-01
6.042839080868636081e-01
