1.000000000000000000e+00
-8.342839135934115857e-02
1.000000000000000000e+00
3.603220102024079496e-01
-3.032637178405117595e-02
-6.125520868648783868e-01
-5.554407216376413547e-01
7.806865237492508491e-01
-4.211820546791195108e-01
8.605712074665162747e-01
3.763024977025786200e-02
1.000000000000000000e+00
-1.000000000000000000e+00
1.000000000000000000e+00
8.016633467766760557e-01
-1.000000000000000000e+00
-6.421027517525217387e-01
-6.254172148003598330e-01
-1.000000000000000000e+00
1.000000000000000000e+00
2.266196669156254895e-01
-1.000000000000000000e+00
1.000000000000000000e+00
-1.000000000000000000e+00
-1.000000000000000000e+00
-3.206779704117820318e-01
3.086399777223691743e-01
-2.879346947922214461e-01
1.563257422091402227e-01
-6.620201521154975843e-01
-1.200956061791766949e-01
6.180016201940219389e-01
6.400283571697140683e-02
-5.288725357612096278e-01
-4.204457489501888245e-01
1.000000000000000000e+00
1.021896830865973715e-01
1.000000000000000000e+00
4.355192550345629576e-01
-3.701847303598232442e-01
1.000000000000000000e+00
-7.015027946061764830e-01
-4.681000383526667807e-01
1.000000000000000000e+00
1.000000000000000000e+00
-5.216502778225320380e-01
-9.138540288303481640e-01
-3.809191365717236044e-01
-5.583139586593963699e-01
1.000000000000000000e+00
-1.000000000000000000e+00
1.000000000000000000e+00
4.228929474020703960e-01
-9.023744308317414031e-01
1.000000000000000000e+00
-3.735208086657653137e-01
-1.000000000000000000e+00
1.000000000000000000e+00
1.000000000000000000e+00
1.000000000000000000e+00
-1.000000000000000000e+00
-1.000000000000000000e+00
-1.000000000000000000e+00
4.224368259571763540e-01
1.000000000000000000e+00
8.036369259192899239e-01
1.000000000000000000e+00
7.970732107768447872e-01
-4.949484810530755396e-01
-1.000000000000000000e+00
7.477828761505068700e-01
-5.578395905212155670e-01
9.974771269894051606e-01
-1.019688899506240726e-01
4.149886409130769671e-01
1.000000000000000000e+00
-1.000000000000000000e+00
-6.823190902224741672e-01
9.864138616482238664e-01
-5.414076757292904940e-01
-2.584802618761461446e-02
-7.853623389009828371e-01
-3.231115309323491225e-01
1.000000000000000000e+00
-1.000000000000000000e+00
-7.971122688634834086e-01
3.496194687008069568e-01
6.081194721273665005e-01
4.136256733498594462e-01
-1.000000000000000000e+00
6.344828083044633527e-01
-1.000000000000000000e+00
-1.000000000000000000e+00
-5.113417963326062354e-01
1.000000000000000000e+00
1.000000000000000000e+00
1.000000000000000000e+00
1.000000000000000000e+00
1.000000000000000000e+00
-8.409595727947385413e-01
-1.722123215853096356e-01
-1.000000000000000000e+00
7.154559789179713025e-01
1.000000000000000000e+00
-3.486326872211356620e-01
5.640276850633261230e-01
-1.000000000000000000e+00
1.000000000000000000e+00
1.000000000000000000e+00
6.952975970785988391e-01
1.000000000000000000e+00
6.433752521413524939e-01
4.607509029070624429e-01
-3.705299934047748822e-01
9.748901485123547817e-01
9.626642167369080516e-01
5.091714519734361621e-01
-1.000000000000000000e+00
1.000000000000000000e+00
9.834644097534364082e-01
3.576219787967869768e-01
-1.000000000000000000e+00
1.000000000000000000e+00
1.664056922514460801e-01
-1.000000000000000000e+00
-1.000000000000000000e+00
-9.584626402722193905e-01
7.273917826878090187e-01
-5.857689465419082531e-01
-4.607306319808137651e-01
-1.000000000000000000e+00
8.175628698069565825e-01
2.930797025983583604e-01
8.734827449139095368e-01
6.358940520931565255e-01
1.000000000000000000e+00
7.078994552231989701e-01
6.577831688622730599e-01
1.000000000000000000e+00
-3.872023166224896062e-01
-8.457138873027576498e-01
1.000000000000000000e+00
-9.897346531104420642e-01
-5.929714592413444230e-01
7.926510375619413296e-01
-1.268966290515196882e-01
-2.184273934302811693e-01
1.000000000000000000e+00
2.430169903340129722e-01
-2.377459816648013202e-01
-1.000000000000000000e+00
-5.622803394561562973e-01
-6.399938938770703967e-01
-7.612652472590556441e-01
-8.765679566972732761e-01
-5.304139566305989817e-01
2.871922406230228431e-01
2.875125920499840282e-01
1.000000000000000000e+00
1.000000000000000000e+00
-7.959690661757747865e-01
7.492461591379406816e-01
4.566052125762806724e-01
-1.000000000000000000e+00
6.398309791062062324e-01
-4.395785087690649573e-01
-2.048977703977650222e-02
9.651287936110325427e-01
-1.000000000000000000e+00
-1.011741875969934812e-01
8.232239644027832259e-01
6.735834249442558264e-01
-1.000000000000000000e+00
7.428004521879330024e-01
-8.802528628661356880e-01
1.000000000000000000e+00
-1.000000000000000000e+00
1.000000000000000000e+00
5.966599499123648176e-01
6.397353001724672694e-01
-5.109606167222451312e-01
4.130785450358939181e-01
-1.000000000000000000e+00
1.000000000000000000e+00
-1.000000000000000000e+00
1.000000000000000000e+00
7.358951260488117985e-01
2.566428424429819666e-01
-1.000000000000000000e+00
-1.000000000000000000e+00
-1.000000000000000000e+00
5.214747347804715716e-01
-1.000000000000000000e+00
-4.784071766435996631e-01
1.000000000000000000e+00
5.485437302040407914e-02
2.729009973327213290e-01
-1.303224317657890319e-02
1.000000000000000000e+00
-1.000000000000000000e+00
-9.020427346516814993e-01
1.000000000000000000e+00
-7.460763493122477552e-01
-7.244150685053108996e-01
-1.000000000000000000e+00
-1.000000000000000000e+00
1.000000000000000000e+00
-1.000000000000000000e+00
-2.938757805100176146e-01
-9.417669677253448501e-02
-4.756559444903498690e-01
4.553492871250995888e-01
8.552468963528856438e-01
1.181770020166681423e-01
2.745617613182318451e-01
-5.606418879926411414e-01
-3.949440171868839888e-01
2.533373638516267512e-01
-1.897045252652972414e-01
4.597725588039216493e-01
-7.977922810859853220e-01
9.519795682976317508e-02
1.000000000000000000e+00
1.000000000000000000e+00
8.806046201462165435e-01
8.182488365077192904e-01
-2.637703491049990800e-01
-7.183531978607033963e-01
6.974658194780809506e-01
1.000000000000000000e+00
-8.429907174571731332e-01
9.843798220648369846e-01
-8.716508125650912486e-01
3.626585691988726268e-01
8.537087807148502350e-02
-4.116887750876900842e-01
-4.533212323054922610e-01
1.000000000000000000e+00
2.551265993361998552e-01
1.000000000000000000e+00
-1.000000000000000000e+00
5.697517647214376257e-01
4.788401752115412635e-01
-1.000000000000000000e+00
1.000000000000000000e+00
-5.851527412468789935e-01
1.000000000000000000e+00
4.521558260582876354e-01
-8.560309077921421927e-01
1.000000000000000000e+00
6.755705064471189125e-01
-1.000000000000000000e+00
1.000000000000000000e+00
-5.332047863045032976e-01
1.000000000000000000e+00
-5.683039231844733141e-02
-2.776712141280247570e-01
-1.000000000000000000e+00
9.644237415004304204e-01
-1.000000000000000000e+00
-1.000000000000000000e+00
-5.879968095621435076e-01
4.864191715735809440e-01
4.838165723596995482e-01
8.384745667799002877e-01
