3.206264356986165964e-02
1.495267217844677421e-01
1.000000000000000000e+00
-8.618948139716754442e-01
8.665897606677948062e-01
-1.000000000000000000e+00
-1.000000000000000000e+00
-9.395383941167878561e-01
3.973075897034038517e-01
-9.931057965602944071e-01
6.651050201252491911e-01
-2.654128883413148787e-01
-8.613294305491716596e-01
4.177470655540793665e-02
1.000000000000000000e+00
-5.523426962057871314e-01
1.671011959890304488e-01
-6.372202818141068370e-01
-3.612527607724033141e-01
-8.909756055278870157e-01
6.830997040334936266e-01
-9.092747762521296018e-01
1.000000000000000000e+00
7.278776832930212715e-01
5.124676424174161582e-01
-1.000000000000000000e+00
9.089852077726190416e-01
5.568323056212951538e-01
-1.000000000000000000e+00
1.000000000000000000e+00
3.882771304017664238e-01
-1.000000000000000000e+00
-5.550252722461792576e-01
-1.000000000000000000e+00
-6.811478047265038249e-01
4.019657442117078316e-01
-1.000000000000000000e+00
1.000000000000000000e+00
1.000000000000000000e+00
-4.491710091128041649e-01
1.000000000000000000e+00
-1.000000000000000000e+00
8.597885560200073662e-01
2.392867186206784069e-01
1.000000000000000000e+00
2.109563489849968221e-01
5.284943634017407188e-01
-2.672464188765790727e-01
-1.617938386969965947e-01
-3.933955331800702560e-01
-1.000000000000000000e+00
9.443393231850127911e-01
-1.000000000000000000e+00
-3.461068405940223025e-01
3.213493455101769647e-01
-1.000000000000000000e+00
-1.000000000000000000e+00
-2.174439172520561403e-01
8.258364488007858828e-01
3.630126955081506290e-01
1.000000000000000000e+00
3.537033356905411874e-01
6.316265211848486327e-01
1.587756358451072047e-01
-9.712846496594184087e-01
1.000000000000000000e+00
-2.845161328325021000e-01
-4.219858325792165132e-01
-1.000000000000000000e+00
-6.309504449474012677e-01
-6.592030779586477429e-01
-1.000000000000000000e+00
-1.000000000000000000e+00
-1.000000000000000000e+00
-7.679960139695594101e-01
1.000000000000000000e+00
-1.000000000000000000e+00
-9.928388070413107780e-01
-6.973579688620681338e-01
1.000000000000000000e+00
-3.877076020688302038e-01
-1.000000000000000000e+00
1.000000000000000000e+00
-1.000000000000000000e+00
-1.000000000000000000e+00
-1.037557056892179919e-01
1.000000000000000000e+00
1.000000000000000000e+00
-1.000000000000000000e+00
5.562525751377089822e-02
1.000000000000000000e+00
6.579998826823070246e-01
1.000000000000000000e+00
4.999678995755618693e-02
-7.752649789980439188e-01
1.000000000000000000e+00
4.102210144868900787e-01
-4.436739246688588545e-01
5.031203892579392267e-01
7.283844730804700518e-01
4.103196105334104837e-01
7.159130885233864205e-01
6.630918454577592325e-01
-2.116265296418786690e-01
-6.183983012942961821e-01
1.000000000000000000e+00
-1.000000000000000000e+00
1.161011630568016262e-01
1.000000000000000000e+00
1.000000000000000000e+00
-5.374716459451340800e-01
-1.000000000000000000e+00
-9.710965843402459274e-01
1.000000000000000000e+00
1.000000000000000000e+00
-3.542331764140635997e-01
-5.386405883342730849e-01
1.810654236861836131e-01
9.423857157179832411e-03
-8.488932661574416505e-01
1.748016526205617427e-01
-1.000000000000000000e+00
1.000000000000000000e+00
3.200164821678463944e-02
-6.237822041349183610e-01
-9.157535909297507271e-01
-6.908254052444506854e-01
-2.806187332362999332e-01
-1.000000000000000000e+00
-9.244163060098975482e-02
-9.373116341350379299e-01
-6.581489495588894734e-01
-1.000000000000000000e+00
1.000000000000000000e+00
-1.000000000000000000e+00
1.000000000000000000e+00
-5.230966392559990297e-01
-7.487273604679940409e-01
8.373990935606017150e-01
8.571141386936921291e-01
-9.627042100770488720e-01
-5.813713304238474766e-01
9.981910185075688613e-01
-9.759110921334941402e-01
2.905896685762638931e-01
1.000000000000000000e+00
9.454292648157207601e-01
1.000000000000000000e+00
3.532891632805688076e-01
-7.550875546118074322e-01
-1.878367215167433546e-01
9.509971128584973066e-01
-1.161022654027756840e-01
-3.729748905489320698e-01
3.152189949229289301e-01
6.709234506461536629e-02
9.303607891279273012e-01
-2.570820167225280617e-01
-9.540046437966945847e-01
-5.697427163515067505e-02
-1.000000000000000000e+00
2.230190900602758708e-01
5.286307434113970416e-01
1.260829955687527981e-01
-6.817151927500642028e-01
-4.553471147983447764e-01
-5.240020162635175005e-01
1.000000000000000000e+00
-8.692406709471903747e-01
-8.583977430167240019e-01
6.331531584193204054e-01
-5.153744518370775296e-01
8.694250300151031841e-01
5.254933558716574638e-01
7.849830205771410330e-02
-1.000000000000000000e+00
8.282225176869373318e-01
1.208772761214427227e-02
2.126754425960397654e-01
-1.000000000000000000e+00
1.000000000000000000e+00
1.000000000000000000e+00
-4.744896894243244567e-02
-3.445927418363740058e-01
1.407103473631463597e-01
-1.523556962159267614e-01
3.147659713568794482e-01
-7.049924767739697007e-01
-7.412343464287507455e-01
-6.841181313777933148e-01
-7.448466955057986283e-02
-1.617235981928085709e-01
-1.000000000000000000e+00
3.895215702003964608e-01
6.038871944776461609e-01
-1.000000000000000000e+00
4.864132902202865649e-01
1.000000000000000000e+00
-1.000000000000000000e+00
5.196937903335238085e-01
6.200798415023311971e-01
-1.000000000000000000e+00
1.357405860616924809e-01
-8.973271247740033374e-02
-8.650828173974083324e-01
2.354790461476148344e-01
-8.196404858463488541e-01
3.478537961403187495e-01
-1.000000000000000000e+00
-6.260513874697546388e-01
-1.000000000000000000e+00
1.000000000000000000e+00
1.000000000000000000e+00
1.000000000000000000e+00
1.000000000000000000e+00
2.184007187928946880e-01
2.986640905477263574e-01
-1.000000000000000000e+00
5.042005724188052262e-01
1.305289864523495602e-01
6.902590779309598634e-01
-1.000000000000000000e+00
6.939940898649439305e-01
5.248255047738565882e-01
1.000000000000000000e+00
-1.000000000000000000e+00
1.004003421126566792e-01
3.981749651320463101e-01
7.727456302735378202e-01
1.000000000000000000e+00
7.323482116307131751e-01
-3.213973944588774945e-01
1.000000000000000000e+00
-1.169242438364086201e-01
6.881181938378618801e-01
6.001074826738426182e-01
-1.000000000000000000e+00
-6.380644473326495536e-01
9.992094868421204090e-01
7.472126375815906218e-01
1.000000000000000000e+00
1.000000000000000000e+00
-1.000000000000000000e+00
-1.000000000000000000e+00
-1.248500046937468522e-01
8.806166215868418412e-01
-1.000000000000000000e+00
8.593244119060255981e-02
4.341289216106103410e-03
4.103922480299060371e-01
-3.589166392855380749e-02
-9.003204179424068032e-01
-1.000000000000000000e+00
-5.211196316402155748e-01
-1.000000000000000000e+00
9.619692043979619633e-01
-1.000000000000000000e+00
-1.000000000000000000e+00
-1.000000000000000000e+00
1.000000000000000000e+00
8.363638670105035811e-01
-2.157559390084551332e-01
1.000000000000000000e+00
1.883188418424427413e-01
1.000000000000000000e+00
