-1.545721121632438466e-01
3.299193098145325465e-02
1.000000000000000000e+00
-3.302296879910858740e-01
3.924234424749351025e-02
-9.365008264832095364e-01
1.165171589978504230e-01
1.000000000000000000e+00
-6.432795602612015884e-01
1.000000000000000000e+00
-8.686472437500651900e-01
-1.005549444763893518e-01
-1.000000000000000000e+00
-4.289827779524876816e-01
-1.000000000000000000e+00
-3.436745503123717072e-02
5.488857305729455405e-02
-1.000000000000000000e+00
-4.017973965169449602e-02
-1.000000000000000000e+00
1.000000000000000000e+00
-1.000000000000000000e+00
-7.972225829671764075e-01
9.588509766842441273e-01
-5.318641985516974202e-01
-5.012377035424391281e-01
-1.359242117118777404e-01
-5.104825046985401737e-01
1.000000000000000000e+00
2.954197381097646291e-01
-8.794388802390977755e-01
-9.777400448782777032e-01
1.000000000000000000e+00
6.327847817594836055e-01
-1.000000000000000000e+00
-4.884985280969695864e-01
6.908026496696038077e-01
8.938057805963839364e-02
-1.000000000000000000e+00
2.864035163559608410e-02
-5.663575937263227722e-01
-1.000000000000000000e+00
-1.060051704283917762e-01
-7.361360050568600544e-01
-7.846646196738754631e-01
-6.338822131295932527e-01
-1.000000000000000000e+00
-1.000000000000000000e+00
-8.542350522522540457e-02
5.220519467166409022e-01
-6.742147528530910705e-01
-9.184218549194703707e-01
1.000000000000000000e+00
-4.984468150527037178e-01
-1.593511799195405088e-01
1.000000000000000000e+00
4.244650588965590554e-01
-3.015383151565462772e-01
6.114345586899863072e-01
-1.000000000000000000e+00
6.183549928509887161e-01
5.898176578066821607e-01
-3.639084802637366778e-01
5.181607192659173355e-01
-8.058287314163011805e-01
1.000000000000000000e+00
-6.997205794918552879e-01
-1.000000000000000000e+00
3.792103254181200533e-01
1.000000000000000000e+00
-4.622193422618723346e-01
-6.087817876685476248e-01
-1.243233494278908058e-01
-2.433824074918724545e-01
4.713301125825657412e-01
-1.000000000000000000e+00
1.000000000000000000e+00
5.809427079424001050e-03
-4.807452905994826775e-01
-8.188463641494070355e-01
-7.867517748445256309e-01
5.448905048736072398e-01
-1.000000000000000000e+00
-1.509551863287472706e-02
4.377302835209401222e-01
9.802291515091745566e-01
-2.190426565607195286e-02
6.100820777980562326e-01
1.000000000000000000e+00
8.500982343468088676e-02
9.340006633563262550e-01
-1.000000000000000000e+00
-1.000000000000000000e+00
-1.000000000000000000e+00
-5.795302276550621245e-01
8.711125714030353295e-01
-1.715716768656440627e-01
4.042439940953952426e-01
-5.775408197516540554e-01
8.934517073234349294e-01
-6.973773007372452426e-03
-1.000000000000000000e+00
-9.680488583263344715e-01
-1.936913330165692670e-01
8.206346619315874058e-01
2.564468005718376631e-01
-6.278634973725671919e-01
-7.380882870365814696e-01
-3.567070120015114476e-01
7.060068803636709855e-01
7.523977616544320624e-01
-1.000000000000000000e+00
-7.843139962555287781e-01
4.387483320612802773e-01
-5.340314015012559423e-01
-6.592526754295786606e-01
7.240901408026125807e-01
7.446535935608178391e-01
1.000000000000000000e+00
9.239064448380418515e-01
1.000000000000000000e+00
-1.000000000000000000e+00
2.379874895868987483e-01
-1.000000000000000000e+00
-4.644912443453480533e-01
-8.541383434868496938e-01
1.000000000000000000e+00
-5.481125841850493785e-01
3.718921090929456774e-01
-8.217450042653939857e-01
7.365666985787999721e-04
9.769416587843818833e-01
3.805140698202607030e-01
-5.344938439880875247e-02
8.435772434965431721e-01
6.500557217491176321e-02
-1.000000000000000000e+00
4.919609054747720034e-01
1.000000000000000000e+00
2.436298804428601028e-01
-5.346037667904233182e-01
-1.000000000000000000e+00
6.306938099781791429e-01
-1.000000000000000000e+00
5.822165991580487976e-01
-4.247937469863383164e-01
-2.452596945451164245e-01
4.149500955097962795e-01
-1.000000000000000000e+00
-2.611769550097675641e-02
9.783420962211396565e-01
-8.879701488883834370e-01
1.000000000000000000e+00
2.714300991793171525e-01
-1.000000000000000000e+00
4.895317403251785160e-02
-9.261451900749486654e-01
-5.954866692579876553e-01
-5.846512676115109830e-01
8.408270642534318995e-01
-6.493157758735957907e-01
2.148003749297577869e-01
8.708334700339814827e-01
-1.000000000000000000e+00
6.911794810077109830e-02
2.316614606666579368e-01
-1.000000000000000000e+00
1.000000000000000000e+00
2.314618948365168016e-01
1.000000000000000000e+00
-4.235947295090297104e-01
4.929686672592177299e-01
1.000000000000000000e+00
-5.317508716506734734e-01
9.972915565242268521e-02
-1.000000000000000000e+00
-4.573525765488122286e-01
3.021567776198537669e-01
-4.628396642168550734e-01
-7.862547257509806542e-01
-8.308848688160019869e-02
1.000000000000000000e+00
3.448464711437038144e-01
6.041117063530718756e-01
9.046643107174348053e-01
1.840937298152721391e-01
4.488861705571817184e-01
-1.000000000000000000e+00
6.234904955641815683e-01
-1.000000000000000000e+00
-1.000000000000000000e+00
-1.000000000000000000e+00
-4.663323147272623870e-01
1.000000000000000000e+00
3.594246233212607944e-01
-1.000000000000000000e+00
1.000000000000000000e+00
-9.518770096195297015e-01
1.000000000000000000e+00
1.000000000000000000e+00
9.706167676191745919e-01
1.000000000000000000e+00
6.265267131296279324e-01
-1.000000000000000000e+00
-7.564920157824669422e-01
3.177982534424932393e-01
1.609926475647405208e-01
3.817695440743388291e-01
1.816635327229563224e-01
7.599983470312152711e-01
-1.000000000000000000e+00
-7.779164741968576102e-01
1.000000000000000000e+00
-1.000000000000000000e+00
6.241831648815859834e-01
-1.000000000000000000e+00
7.558884054511614270e-01
1.000000000000000000e+00
1.000000000000000000e+00
1.000000000000000000e+00
-5.626973732683351326e-01
1.958210759318667060e-01
-9.318854163358550879e-01
-1.000000000000000000e+00
-1.000000000000000000e+00
-2.555375056919209076e-01
1.000000000000000000e+00
-8.994412271317565599e-01
-1.000000000000000000e+00
1.000000000000000000e+00
-3.975915364193438606e-01
-1.000000000000000000e+00
-6.702994192001561213e-01
1.000000000000000000e+00
1.819586755727726768e-01
1.305949524476088808e-01
6.174440683403981112e-01
-3.402242399692818609e-01
6.751113120730134476e-01
-1.000000000000000000e+00
1.000000000000000000e+00
-6.487861333554167942e-01
3.416565358340665770e-01
9.418246290138189147e-01
1.000000000000000000e+00
-9.240954933669682791e-01
-9.563985944851879362e-01
-4.735390683285676805e-01
1.205783453324738574e-01
-7.247281070184297125e-01
-3.022047683942621354e-01
-2.903245198527764082e-01
-1.000000000000000000e+00
-1.000000000000000000e+00
-1.000000000000000000e+00
4.489017312112830171e-01
-1.000000000000000000e+00
1.347625560683061718e-01
1.000000000000000000e+00
-2.683707172132893115e-01
-9.375148106676185478e-01
1.000000000000000000e+00
1.000000000000000000e+00
1.000000000000000000e+00
8.768179417105059770e-02
