-1.000000000000000000e+00
-1.000000000000000000e+00
1.193583643730045107e-01
1.000000000000000000e+00
2.113718017469556898e-02
1.000000000000000000e+00
-7.985935190749335888e-01
1.000000000000000000e+00
-5.642530890934915888e-02
-9.193767959837200188e-01
5.139047538994434561e-01
1.000000000000000000e+00
-1.000000000000000000e+00
-1.000000000000000000e+00
4.406776671808897428e-01
2.958629344394846372e-01
3.711556049688091719e-02
3.536732046166467247e-02
-6.749485787896949418e-01
-6.477176328472089573e-02
1.000000000000000000e+00
1.038050990573582411e-01
-5.179036351058385890e-02
-3.844375302078294476e-01
6.677702967464940187e-01
8.409153067130584747e-01
1.000000000000000000e+00
-5.593439361360086348e-01
-9.535064467248416387e-01
1.000000000000000000e+00
1.000000000000000000e+00
1.000000000000000000e+00
1.000000000000000000e+00
-1.000000000000000000e+00
-9.435145168256802162e-01
-1.000000000000000000e+00
-1.000000000000000000e+00
-3.248563442713763294e-01
-1.678841656405310467e-01
5.528228391719252066e-01
-1.000000000000000000e+00
1.000000000000000000e+00
-5.248053262108669514e-01
-1.000000000000000000e+00
9.127411631311996842e-01
-1.418686315937744968e-01
4.274552669325831777e-01
-1.000000000000000000e+00
-1.000000000000000000e+00
-2.406514227252062321e-01
-3.907731789321837734e-01
1.000000000000000000e+00
-1.000000000000000000e+00
-9.796085619275445300e-01
6.057312934124172710e-01
1.000000000000000000e+00
-1.000000000000000000e+00
-8.706377187516783911e-02
-1.000000000000000000e+00
1.000000000000000000e+00
-1.000000000000000000e+00
-1.000000000000000000e+00
7.963410035752447325e-01
1.000000000000000000e+00
-5.417257418910047528e-01
6.678019631014058266e-01
6.328127614723166872e-01
-1.774513681981682023e-02
1.000000000000000000e+00
7.406331959552483468e-01
-4.257866689450606756e-03
-1.000000000000000000e+00
-5.931001916013334263e-01
-1.000000000000000000e+00
6.469060349588243719e-01
1.000000000000000000e+00
-4.177595412161221877e-01
1.000000000000000000e+00
3.180398548030734518e-01
2.047989482602458056e-02
1.000000000000000000e+00
-4.954450098822680837e-01
1.000000000000000000e+00
-1.431264770362864480e-01
-1.000000000000000000e+00
1.000000000000000000e+00
1.000000000000000000e+00
-7.365543213633499731e-01
5.981567270901456679e-01
1.000000000000000000e+00
-1.000000000000000000e+00
1.000000000000000000e+00
3.743005116890215644e-01
-5.672410621758205984e-02
4.862119797874607241e-01
-1.000000000000000000e+00
5.552210423837933284e-01
-1.000000000000000000e+00
1.000000000000000000e+00
-3.066430443245187765e-01
1.000000000000000000e+00
-7.553193870542911359e-01
1.000000000000000000e+00
-1.000000000000000000e+00
-5.639911377099460221e-01
1.000000000000000000e+00
1.924211907329795856e-01
-1.000000000000000000e+00
5.302682084123302442e-01
-6.945155270508355239e-01
7.139245510281133633e-02
9.455254474357386307e-01
-1.472879152518682400e-01
-1.000000000000000000e+00
8.874026030987774982e-01
-1.000000000000000000e+00
1.543110555062906508e-01
-1.222800790583955521e-01
-1.000000000000000000e+00
1.000000000000000000e+00
1.000000000000000000e+00
-1.424076357604375787e-02
-6.775201029748103565e-01
-4.290471157448028094e-01
1.316761530866573660e-01
-1.000000000000000000e+00
1.000000000000000000e+00
-7.565694497259842222e-02
-4.744882499063834969e-01
-2.618540782397902333e-01
-1.000000000000000000e+00
1.000000000000000000e+00
-1.000000000000000000e+00
4.212661970324057537e-01
1.091514022660715622e-01
-1.000000000000000000e+00
-2.097756894270388361e-01
-1.000000000000000000e+00
-1.000000000000000000e+00
8.012825510739597368e-01
-8.559051692472801065e-01
-9.576431748328040339e-01
-6.207745670968436436e-01
-3.498958819488310890e-01
4.076173343403132199e-01
5.799425233720432171e-01
1.000000000000000000e+00
-7.021770222843426446e-02
-6.212400803030149188e-01
-4.139995978483308470e-01
2.644342360357203603e-01
1.000000000000000000e+00
-3.122465801248722750e-01
-3.463160297709065860e-01
1.000000000000000000e+00
-4.586545299706660250e-01
5.530648630310153191e-02
-4.115786215100252221e-01
1.240532875450202355e-02
-2.211710897102854290e-01
-7.013336358686983463e-01
1.000000000000000000e+00
3.502344890900642160e-01
5.905196112088364480e-01
-4.119044685444774312e-01
1.000000000000000000e+00
-7.320051828982609976e-01
3.860690413742247640e-01
9.982481212169823648e-01
-4.971714033428746293e-01
-4.436257587158918270e-01
1.000000000000000000e+00
2.754551617018493048e-01
-7.594088297138829047e-01
-8.606578560701402258e-01
1.000000000000000000e+00
2.325381146744805450e-01
-7.968349402343657406e-01
1.000000000000000000e+00
1.000000000000000000e+00
5.500766958607338220e-01
1.000000000000000000e+00
1.000000000000000000e+00
1.000000000000000000e+00
-5.733383840302332946e-01
-1.000000000000000000e+00
2.171274699990883850e-01
-8.043225302181113978e-01
-8.553210695297841504e-02
1.000000000000000000e+00
3.850063312727791676e-02
3.690417867608070113e-01
1.000000000000000000e+00
-1.000000000000000000e+00
7.523781427944030709e-01
1.000000000000000000e+00
1.000000000000000000e+00
-1.000000000000000000e+00
3.603741008785837363e-01
6.079384373334653091e-01
4.593081326176539081e-01
-1.892778583248227453e-01
-4.745373408546974536e-01
-1.275634822710323135e-01
-1.000000000000000000e+00
-6.741557721424668026e-01
1.000000000000000000e+00
-1.303011865699921223e-01
6.034044114214220933e-01
7.417700476883619665e-01
4.250085106102448329e-02
-1.000000000000000000e+00
1.000000000000000000e+00
4.266895576705048709e-02
-3.447432203753372226e-01
-8.651987275728589832e-02
-1.000000000000000000e+00
-6.420342777620678953e-01
1.000000000000000000e+00
-7.252892707104772185e-01
-7.184720519690679374e-01
1.000000000000000000e+00
-3.157033973488699852e-01
-3.026053147389875519e-01
1.000000000000000000e+00
-8.682577750332881594e-01
9.198862372898901629e-01
5.157474377478846739e-01
-3.706432070499687814e-02
5.331087964612868380e-01
5.797313701247530648e-01
2.234451613654563351e-01
1.000000000000000000e+00
1.000000000000000000e+00
1.000000000000000000e+00
1.000000000000000000e+00
-1.000000000000000000e+00
1.000000000000000000e+00
-5.704148520732525984e-01
9.159137582743160921e-01
9.065945402625662508e-01
-1.000000000000000000e+00
-6.847572864155959671e-02
1.000000000000000000e+00
-1.000000000000000000e+00
-1.000000000000000000e+00
7.410128291856927785e-01
-1.000000000000000000e+00
1.000000000000000000e+00
9.545290810992363983e-01
1.295610187795257495e-01
1.196197955135012703e-01
7.392683037102615318e-02
1.000000000000000000e+00
-1.000000000000000000e+00
-5.293568522294347378e-01
-9.093426396498452413e-02
-9.799243196098502695e-01
-1.000000000000000000e+00
-1.000000000000000000e+00
2.970615448520824708e-01
6.266131657567650670e-01
9.852029372758043246e-01
-3.103538126734692870e-01
-4.687917882420786775e-01
