6.073198660671617972e+02
-8.061781828678590500e+02
1.111073648296973261e+04
-5.101234146694468109e+03
1.241564760088567164e+04
3.479156913458911049e+02
2.667588986648977880e+03
2.171161117061618825e+03
-2.666781105546077015e+03
3.224199016650800331e+00
3.027804599269936858e+01
-1.715918982752790498e+03
-1.694845948864203137e+03
-8.839178287896922939e+02
-4.895066312982931777e+03
9.518599286582930290e+02
-2.820244522583258458e+03
4.106040144946202417e+03
-2.737808936777157669e+02
7.026740691143322692e+03
1.892002043220519454e+02
-4.262821756493118301e+03
3.390595480412798111e+02
7.919287283326883653e+02
-4.826500079974690379e+03
-2.925933032507879261e+02
-2.961951083813456535e+03
6.439174935412115701e+02
6.985694776882851329e+02
-1.239207960025142256e+03
-1.800081711362960777e+04
6.204640343943974585e+02
4.525104390503976902e+03
6.569307534230574674e+02
3.582086517871290994e+02
2.536542718670410068e+03
-4.530662535742358159e+02
7.603242216854173421e+02
4.301400066822735653e+02
-1.242197742613352887e+02
5.121937472058245476e+03
3.531132737169451730e+01
-2.028313389888260474e+02
2.037726657232455182e+04
9.148952640242451935e+02
-5.826434252555784042e+03
7.025437604370293911e+02
-5.862766508744996941e+01
-1.015676399787317337e+03
1.577191248856290713e+03
1.099114410169787334e+03
7.809130045645849805e+01
-5.208613523400656959e+03
7.831885856288286050e+02
4.230935539344478457e+03
-8.624431825138140084e+02
-4.733623660804605606e+03
1.121557860989607661e+03
-4.291640371167901321e+03
1.644216815859260237e+02
1.626108464925961471e+03
1.076368218410869304e+03
-1.892995339410275903e+02
-3.570745250573658041e+02
-2.693882701584896495e+03
-1.726545709811876441e+04
4.822965149926458253e+03
-7.285455698358766313e+03
-1.208311616288643336e+03
1.216851033426497906e+03
2.272615925666093517e+02
2.009340151252042460e+03
2.456472687731634323e+03
-1.850855814712781921e+03
-1.071349721954953225e+02
-2.283548574369238395e+03
-6.058375816639584173e+02
4.141747103278580653e+03
1.210183687607706815e+03
1.160441488883166841e+02
-3.729922096567023573e+02
-8.049492805592756213e+02
7.002773946697782321e+02
-9.629623418846992990e+02
-3.470368537823117663e+02
-2.347521300832234374e+03
1.130894647254889060e+04
3.249609144811194710e+03
2.883807431417389466e+01
-4.980675659142254517e+03
-7.600567077341796107e+01
-2.146097408051455488e+02
-1.244737567721486471e+01
1.054589146812316585e+03
6.129455849008278392e+02
8.943531058288303029e+03
-2.436858671112803677e+03
2.194558198956183332e+03
6.569061118348807895e+02
-1.651249590173634488e+03
-2.022637640494864115e+02
-2.916179503141178429e+03
2.836650464024046869e+03
-1.151656137806402512e+03
1.526724104100890997e+02
-1.388879704771329443e+03
-1.806694105477602307e+03
-2.870346883752640224e+03
1.808482440332994372e+02
4.390385789567683787e+03
3.528750379141754365e+02
4.654369398695736891e+03
1.420556256026981714e+02
-6.725906630512865377e+03
2.640646839120624350e+02
2.670031266143006360e+04
-6.277508206939739921e+02
-1.160774670315271578e+03
-8.040606985464642094e+02
-8.497445780850845267e+02
-3.912396285383186978e+01
-1.836413183651711961e+03
-2.486647845506483350e+02
1.100076624906136203e+04
-1.555605997273093863e+03
-4.283182854966809145e+02
-8.735763002284328422e+02
1.197363902260550049e+03
4.947113491211065593e+03
-1.758210661873510503e+02
5.898240439744006380e+02
-2.053930005378123496e+03
1.203562133749800068e+03
2.910307945289498093e+03
-4.099998717451823183e+01
-1.450458359443132849e+03
6.191443067137583967e+02
-4.711961934307992692e+02
-1.554106117990445455e+02
-2.802772297315019614e+02
-1.887418795294473966e+03
6.170560868387692608e+02
1.312156510195129522e+04
8.768367484853213227e+02
-1.028032271582887461e+03
-6.607328435764010464e+03
-7.491486852427128724e+02
-4.547340035001174328e+03
5.480817921807820312e+03
-4.883649872118394342e+01
-6.144877269871112730e+02
1.333609776029774821e+03
-4.468241049692820525e+03
-2.399348190141586201e+02
-4.574167895007428797e+01
7.184766506659553897e+01
-1.489968813642303212e+04
1.855070926596208665e+03
4.458490942356307869e+02
-1.280519637216303408e+03
-2.003676773523996189e+03
3.757106155922100697e+03
-1.461801445759290118e+03
-1.751142641331488221e+03
5.054582808049491973e+02
-7.152035250100658232e+03
-1.205503199319015494e+03
-8.698505673465397194e+02
3.266967904213394149e+02
-8.926458228048345518e+02
1.794901353181605828e+03
6.562408476219363820e+02
9.297667998847493436e+03
1.005826498025211890e+02
-2.733255065340286819e+03
-4.023453415413293328e+02
-2.958363894403078120e+02
-1.647587486829516638e+04
-8.324496789437841926e+02
-1.686545245899787460e+03
4.359413068002140790e+02
-6.199370142039547318e+03
5.501014915975730446e+01
2.323613480128000788e+02
-2.466642113107420755e+03
9.093584782707512204e+02
1.737460578834039552e+03
-4.992451179666095413e+03
3.487099685562448485e+03
-6.204867684700993777e+02
7.600173038268485470e+01
1.501231498073431794e+03
7.358017857813426872e+02
-1.597295647678270143e+02
-4.377542333279566265e+03
1.221415729703895749e+02
-6.470321598017407041e+02
4.427491613278863269e+02
4.317857205493920105e+02
2.239068216257101540e+03
-2.841638263106348177e+02
-5.378947709032231614e+02
6.839004401541411653e+02
2.177530670013169129e+03
1.044026789045501573e+02
3.880125835234009628e+02
1.691814993784636272e+03
-1.425441126904681539e+02
2.014483494092571618e+02
5.779028049235764684e+02
-1.025662280346804209e+03
2.973791679850102696e+02
-4.916473646242466771e+02
2.910248012422422107e+03
2.852866716412762344e+03
-1.026464411957141692e+03
-3.786558189699845570e+03
1.124441574440380464e+03
1.117410359555553441e+03
3.064770429989814602e+02
6.698244076522927060e+01
-1.337121380158665261e+03
-2.068708098313839855e+03
3.743219532376960501e+02
2.990519803132076959e+03
-2.699794974793948313e+03
1.485442879397243701e+02
1.932629321135479404e+04
1.448402847379836203e+03
9.088038688922083566e+02
-3.498228226024180003e+03
9.629464479002586813e+03
2.788619279487711083e+03
1.046231987946399749e+04
-9.999448552781119304e+01
-6.209049837862961795e+03
-1.301601503357736146e+04
-4.431581055795662110e+02
9.780603605688230573e+02
-1.282382972646954840e+03
2.430093405872148651e+03
2.280765840524490500e+02
4.745713241409941929e+01
-1.334975500483893711e+02
1.874807347993548206e+02
3.550482934872421538e+03
3.399255409243533904e+03
5.807796484678598290e+02
-3.405064241578531437e+03
5.529221959601734397e+02
1.218433449865862258e+03
-3.160510259101346946e+03
-2.424614307441977417e+03
5.582191922551581229e+03
-7.230553491657175073e+03
4.519717222844855087e+01
4.541902943488137794e+02
1.707082001610078578e+03
3.967895610985772237e+02
-3.437616858534108815e+03
-5.218492317279867621e+00
5.026004376023682312e+02
6.789749738443895239e+02
-3.038778066718597074e+03
2.924942702717755196e+02
