1.000000000000000000e+00
-5.083025791522512993e-01
-6.672883391605824999e-01
1.000000000000000000e+00
6.298415610543570686e-01
2.106106413795207910e-01
2.120601203771333987e-01
-1.000000000000000000e+00
-1.000000000000000000e+00
1.000000000000000000e+00
2.048335712554868460e-01
-1.000000000000000000e+00
-1.000000000000000000e+00
-1.000000000000000000e+00
8.002137916662525052e-01
-8.026007220222189931e-01
2.631246693702606887e-01
-5.317723315853108979e-01
6.036808611353221554e-01
-1.000000000000000000e+00
-1.000000000000000000e+00
1.000000000000000000e+00
1.000000000000000000e+00
-4.582593876216000672e-01
1.000000000000000000e+00
-1.000000000000000000e+00
-1.000000000000000000e+00
7.902408532916880279e-01
1.057166307585060139e-01
-1.000000000000000000e+00
-8.413810958110620186e-01
4.946745470998845651e-01
1.000000000000000000e+00
-5.659878806146186880e-01
3.872286768232184873e-01
-5.869919393402127650e-01
9.574021080905892322e-02
9.630487598210488720e-01
-1.000000000000000000e+00
-6.656967051939574054e-01
1.620540338090907806e-01
1.000000000000000000e+00
1.545187474385349979e-01
5.611066205736510160e-01
9.480875151375527388e-01
-1.000000000000000000e+00
-1.482170870660612927e-01
-8.564411160600632344e-01
-5.975450631231746801e-01
-7.934048003314713160e-01
8.341878445554695709e-02
-1.000000000000000000e+00
1.101144237078910681e-01
1.000000000000000000e+00
-1.034785421464473609e-01
-3.699315194960004494e-01
5.625550889890074124e-01
8.202167172017587049e-01
-1.825441969965324596e-02
1.000000000000000000e+00
9.440027461962769983e-01
1.000000000000000000e+00
-1.000000000000000000e+00
-1.000000000000000000e+00
-1.333350759384254736e-01
-1.000000000000000000e+00
-1.000000000000000000e+00
-3.325766248981991691e-01
-4.381751823967987569e-01
1.047793699729762107e-01
-1.162766852862397449e-01
1.000000000000000000e+00
-1.000000000000000000e+00
5.861804914937378541e-01
-1.000000000000000000e+00
-8.617265939611060688e-01
-7.139655694973032762e-01
-8.033467807338892097e-01
1.000000000000000000e+00
-1.000000000000000000e+00
1.000000000000000000e+00
-1.000000000000000000e+00
1.000000000000000000e+00
-5.135942960687043257e-01
1.509451940437536166e-01
4.060117048635936143e-01
1.000000000000000000e+00
-1.684832359036588789e-01
-1.376679964397671263e-01
-4.063039155045660156e-01
-1.000000000000000000e+00
-8.658385915986188675e-01
1.000000000000000000e+00
-1.000000000000000000e+00
-1.359478761116766632e-01
-6.674224943206541472e-01
-1.000000000000000000e+00
4.026056257869001787e-01
-9.327907208815866547e-02
9.886138364074652518e-01
-8.883923151121997375e-01
5.937221852141860712e-01
-6.625004661869537959e-01
1.000000000000000000e+00
-6.443886425219955694e-01
-1.000000000000000000e+00
-2.723134007957228597e-01
1.000000000000000000e+00
6.523198027945732724e-02
-4.078526621522149398e-01
-4.112174740102787496e-01
3.900987321185318546e-01
-1.000000000000000000e+00
-1.000000000000000000e+00
-5.873603519367520676e-02
9.206580040604017690e-02
1.000000000000000000e+00
-2.387392802214029497e-01
-1.000000000000000000e+00
-1.000000000000000000e+00
-5.214807757831418922e-01
-2.147213660746642994e-01
-2.732554873624667424e-01
1.000000000000000000e+00
-4.794127217938231600e-01
1.000000000000000000e+00
-1.000000000000000000e+00
7.760032972271280194e-01
1.000000000000000000e+00
1.000000000000000000e+00
-1.000000000000000000e+00
-6.586712741819384931e-01
-1.000000000000000000e+00
1.000000000000000000e+00
2.550458067545767205e-01
-5.275152465191490503e-02
-3.777200270207858868e-01
-4.210882136550932464e-01
1.000000000000000000e+00
-9.259747904963373522e-01
5.131771280534165314e-01
-2.510587775868200477e-01
7.343085687777628490e-01
3.057786652377458836e-01
-1.000000000000000000e+00
-1.000000000000000000e+00
-1.000000000000000000e+00
5.620762585139948975e-02
3.028108422458838378e-01
1.000000000000000000e+00
-6.540914805257888043e-01
9.677252488089804761e-01
-6.402577167682064196e-01
-5.956571048305389082e-01
-6.511034424554651423e-02
2.614369703240138065e-01
-4.367471255000487385e-01
1.000000000000000000e+00
-1.000000000000000000e+00
-1.000000000000000000e+00
-2.282424602963659677e-01
6.429205582506030137e-01
-7.747537816725846849e-01
2.238892331169485272e-01
-1.000000000000000000e+00
-1.000000000000000000e+00
-2.257876330833357148e-01
-1.000000000000000000e+00
1.000000000000000000e+00
1.000000000000000000e+00
9.936780731401456679e-01
-1.000000000000000000e+00
-8.062387707326771347e-01
-5.132991598966667457e-01
-4.750220472444530717e-01
2.206081599505436142e-01
9.493104779052763398e-02
9.062552161459971334e-01
8.149813341476217499e-01
8.180434105162373015e-01
-4.969735639336776423e-01
1.268525861254080067e-01
7.271027787821912058e-01
-1.000000000000000000e+00
1.000000000000000000e+00
1.000000000000000000e+00
-1.000000000000000000e+00
-4.880840332559344130e-01
1.000000000000000000e+00
8.235999456372625760e-01
8.211495727976254599e-01
1.000000000000000000e+00
1.000000000000000000e+00
2.965548537959270536e-01
3.470921034911099157e-01
4.217279230906831877e-01
-6.640720406865281422e-01
-1.395226702959169729e-01
9.093529296807767448e-01
-2.223898283922725039e-01
-2.582737398798640172e-02
-5.658575353547392606e-01
1.000000000000000000e+00
7.325955142045061930e-01
-1.000000000000000000e+00
-9.224872621013283647e-01
-4.621871126182313105e-01
1.000000000000000000e+00
-3.850681230742336592e-01
-1.000000000000000000e+00
4.623504130127585876e-01
-3.165755070945541760e-02
2.852009168827711605e-01
8.319977742665261022e-01
1.082909915524492561e-01
-4.756182463876301725e-01
-3.951459493455148353e-01
-8.893655165464334766e-01
-2.329833832743729571e-01
-1.943576960272366261e-01
-1.000000000000000000e+00
-3.955886567548125843e-01
-1.849126370182438972e-01
3.024113557813802311e-01
-5.484805543914705872e-02
9.398058654999932315e-01
5.174963900671314398e-02
-2.826398094068692801e-01
2.143675755367099311e-01
2.820955327777277533e-01
3.747572562716779965e-01
7.752891093774343378e-01
1.000000000000000000e+00
8.841236932036814489e-01
9.337984847856128923e-02
-1.000000000000000000e+00
-1.000000000000000000e+00
-7.436839380836204327e-01
1.000000000000000000e+00
1.000000000000000000e+00
9.255420766553668077e-02
-8.139054239495742138e-01
-1.000000000000000000e+00
-1.000000000000000000e+00
1.000000000000000000e+00
-1.000000000000000000e+00
-1.000000000000000000e+00
6.105556334043704680e-01
-3.903317578133769228e-02
-2.779621597979512471e-01
3.527837495702041415e-01
1.702139052150937193e-01
1.000000000000000000e+00
1.000000000000000000e+00
2.117242203113121057e-01
-6.818194171263782799e-01
2.958341179700406665e-01
1.000000000000000000e+00
1.000000000000000000e+00
4.179321115253538110e-01
-7.303780776155608390e-01
-1.000000000000000000e+00
7.601347015855312028e-01
2.306062388746998870e-01
-1.000000000000000000e+00
