-9.990166095426820103e-01
1.000000000000000000e+00
5.571266109148478307e-01
-1.000000000000000000e+00
1.000000000000000000e+00
3.550247065359680709e-01
3.528812808773178489e-01
-3.170875137646567699e-01
4.895284318847156757e-01
-1.000000000000000000e+00
-6.952290161768147625e-01
9.232488496131584510e-01
-1.000000000000000000e+00
-2.726460468460102371e-01
1.000000000000000000e+00
8.057966449580761248e-01
-8.318762531137904315e-01
-8.086740442500555126e-01
-5.694846736269292276e-01
8.059484410159420409e-02
-1.748863520783608960e-01
-1.000000000000000000e+00
8.365919118240772168e-01
2.291280385833462385e-01
-1.000000000000000000e+00
1.000000000000000000e+00
1.000000000000000000e+00
-3.267235804684667233e-01
-1.000000000000000000e+00
7.074678648916465917e-01
-1.000000000000000000e+00
7.494832882524271600e-02
-7.049032498607329389e-01
1.000000000000000000e+00
5.012010996232877380e-01
7.485876025346254181e-01
1.000000000000000000e+00
-1.000000000000000000e+00
-1.000000000000000000e+00
-4.804239612440682761e-01
2.002452040307809433e-01
-1.000000000000000000e+00
1.000000000000000000e+00
7.859348588319656770e-01
1.000000000000000000e+00
6.468045714007860658e-01
-9.501188919844969494e-01
-1.000000000000000000e+00
-1.000000000000000000e+00
1.000000000000000000e+00
-1.000000000000000000e+00
5.778404502054641512e-01
-1.024163940063800293e-01
-1.000000000000000000e+00
-1.000000000000000000e+00
5.345028359579822030e-01
-3.405868873564919519e-01
9.423720267247481797e-01
-3.604514897573082299e-01
-1.404536797394282388e-01
1.000000000000000000e+00
-1.000000000000000000e+00
2.552345855450424139e-01
1.246016410231365334e-01
6.580691487758034697e-01
-4.235168042048547132e-01
-9.952519825681451771e-01
-1.428758532886126309e-02
-1.000000000000000000e+00
1.000000000000000000e+00
4.685944105473190957e-01
-1.000000000000000000e+00
-1.383846896239687707e-02
1.102559657064596105e-01
-1.000000000000000000e+00
-8.062960839907039601e-01
8.466500046260176937e-01
-8.227940677215295207e-01
1.000000000000000000e+00
-3.362275618735375282e-01
-7.438296654597322810e-01
3.298102091182830709e-02
5.624247864717912826e-02
1.000000000000000000e+00
1.000000000000000000e+00
7.930968677827234803e-01
-1.000000000000000000e+00
-1.489582688199768690e-01
-1.000000000000000000e+00
1.000000000000000000e+00
-1.000000000000000000e+00
1.000000000000000000e+00
-4.262547588377587626e-01
4.322940877968073359e-01
7.405224706785102917e-01
-7.371329518284358562e-02
-3.788429233100560900e-01
-1.000000000000000000e+00
-7.914618105918743707e-01
-2.492693303942867811e-01
1.656334482624454152e-01
-3.519880316234713646e-02
9.214006239646568286e-01
-3.835755413633983313e-01
-8.771280290035299299e-01
-1.000000000000000000e+00
-4.076093007046521777e-01
5.525684372444802372e-01
-8.548296735482758812e-01
2.967497050193279584e-03
-4.435020905067149632e-02
-1.000000000000000000e+00
1.000000000000000000e+00
3.379554936393994735e-01
-1.000000000000000000e+00
3.419814560562164374e-01
-8.528827966899346080e-01
9.999247373655428817e-03
3.927181778881390639e-01
-4.707977881542224630e-02
1.526222794484657364e-01
-1.000000000000000000e+00
-3.257038523396230678e-01
-3.810120464580644128e-01
-3.657915003466776227e-01
-5.186468449279448834e-01
-5.181563753890139346e-01
-2.436583480314488126e-01
8.608389428208615968e-01
1.000000000000000000e+00
1.000000000000000000e+00
-5.817530795665736276e-01
-1.000000000000000000e+00
-1.000000000000000000e+00
1.000000000000000000e+00
8.139959504532474632e-01
3.488559493030023440e-01
6.680133131417491654e-01
-1.000000000000000000e+00
-1.000000000000000000e+00
8.899230751885680579e-01
1.012563826120289612e-01
1.462620910309406219e-01
-1.812716826052866992e-01
5.898615429366095286e-01
-4.913297971662536900e-01
-1.000000000000000000e+00
1.956553590843465862e-01
-8.766883134552974077e-01
7.930358560131270940e-01
1.205211840236623533e-01
-6.157414627954738151e-02
-6.941585718646394731e-01
-2.361245835196668086e-01
1.000000000000000000e+00
-4.316044219915580737e-01
-1.000000000000000000e+00
6.144007480647988295e-01
1.000000000000000000e+00
7.377760659648008312e-01
4.980560480609239615e-01
-1.000000000000000000e+00
-3.764242761090070832e-01
-9.090606355186243714e-01
-1.570332784873744725e-01
1.000000000000000000e+00
-9.024836836138143692e-01
-8.347154302330728193e-02
-1.000000000000000000e+00
1.000000000000000000e+00
1.000000000000000000e+00
-1.000000000000000000e+00
5.352023386672778438e-01
-1.000000000000000000e+00
9.104308841598449664e-01
1.000000000000000000e+00
-1.000000000000000000e+00
-1.000000000000000000e+00
1.000000000000000000e+00
1.511623307185218645e-01
-1.000000000000000000e+00
-9.482858937460526549e-01
1.000000000000000000e+00
-8.053728611382933167e-01
-1.248730111661573994e-01
9.079710663469461318e-01
-8.156035310069900124e-01
-1.000000000000000000e+00
-1.000000000000000000e+00
-1.114008014985540251e-01
1.838744272497256915e-01
9.212890793792009037e-01
5.173375662246559870e-02
-1.000000000000000000e+00
-1.000000000000000000e+00
1.000000000000000000e+00
4.830434176149789316e-02
6.162163682234893525e-01
6.013636819159695612e-02
-9.711071035412999208e-01
-1.000000000000000000e+00
-5.976288973817510675e-01
-3.893673974988894892e-01
5.473791934509328883e-01
6.772948853994763541e-01
1.000000000000000000e+00
7.223895972719585057e-01
4.852295189124072872e-02
-6.665688599430616978e-01
1.000000000000000000e+00
-1.000000000000000000e+00
-1.000000000000000000e+00
-5.344700577474625902e-01
1.000000000000000000e+00
6.880855939190921866e-01
5.245205213429344759e-01
-5.567801164591636987e-01
1.000000000000000000e+00
2.217377481559177355e-01
-5.887137069647221388e-01
1.000000000000000000e+00
-1.000000000000000000e+00
9.908064214577125828e-01
7.064033564664184972e-02
4.678239226574109066e-01
-1.000000000000000000e+00
8.631112956850512941e-01
-7.952870846272053207e-03
7.586464710937390610e-01
1.000000000000000000e+00
4.350710468517789975e-01
5.541194893761041129e-01
7.024617463654858618e-01
-1.000000000000000000e+00
1.000000000000000000e+00
8.973676631824940575e-01
4.122926405460616284e-01
1.000000000000000000e+00
1.000000000000000000e+00
1.000000000000000000e+00
4.268374801124407147e-01
-8.029799055237927252e-01
-8.443388881082786179e-01
2.637022526630871111e-01
7.564827568115990442e-01
-1.000000000000000000e+00
1.433899112316108226e-01
-1.000000000000000000e+00
-1.000000000000000000e+00
-4.540312292933667560e-01
5.496264737237210873e-01
7.208997055736091619e-01
-1.000000000000000000e+00
5.640053141138032800e-01
-5.614792551140564969e-01
4.571681623399950212e-01
1.000000000000000000e+00
9.022763170653128606e-01
8.411259605451840704e-01
2.242997102533441922e-01
-7.400118879902994884e-02
9.724946089638198954e-01
1.000000000000000000e+00
1.000000000000000000e+00
1.000000000000000000e+00
