1.000000000000000000e+00
-4.909959597217494753e-02
-1.000000000000000000e+00
-7.248618790464307349e-01
6.516750563512958561e-01
1.000000000000000000e+00
-6.431395649089111100e-01
-8.419888435555340778e-02
-1.000000000000000000e+00
1.000000000000000000e+00
1.000000000000000000e+00
1.000000000000000000e+00
1.000000000000000000e+00
-3.717063950333338029e-01
-1.000000000000000000e+00
3.157900986547665934e-01
-1.852263835572177109e-01
3.046003046818577253e-01
-1.000000000000000000e+00
-1.000000000000000000e+00
-1.000000000000000000e+00
-1.000000000000000000e+00
5.248083095753452998e-01
1.338725671086149482e-02
4.635388588106978958e-01
-9.914143974217095590e-01
1.000000000000000000e+00
-7.997147494738120477e-01
-1.000000000000000000e+00
-2.624506932076921539e-01
-2.709013953729572100e-02
2.778607713117429157e-01
7.221286350756856987e-01
2.629481081723137881e-01
9.355749408089975017e-01
-2.109606744520853561e-01
-1.815492421329859551e-01
3.174536926687228089e-01
-1.000000000000000000e+00
2.750621194335161057e-01
-9.493376093135416083e-01
3.290517078654193739e-01
1.907835922422241870e-01
1.000000000000000000e+00
4.987726533164710263e-01
1.858218640095052887e-01
5.701099167207401841e-02
-9.138526400537472227e-01
-8.161421896526674935e-01
1.000000000000000000e+00
4.130125595892187862e-01
-1.000000000000000000e+00
-1.484621213844186105e-01
-1.000000000000000000e+00
1.000000000000000000e+00
-5.053205830288161060e-01
1.000000000000000000e+00
1.000000000000000000e+00
1.000000000000000000e+00
1.000000000000000000e+00
8.182703871163123921e-01
-2.113021834270716326e-01
2.483705328700073212e-01
-6.991667350937478265e-01
-1.000000000000000000e+00
-6.736988828341656799e-01
-1.000000000000000000e+00
3.120649194846870644e-01
-6.498041841208459513e-01
-7.143638392137012794e-01
1.000000000000000000e+00
3.219408954368003783e-01
-1.000000000000000000e+00
-2.740122919308318750e-01
-1.000000000000000000e+00
-1.000000000000000000e+00
-1.000000000000000000e+00
1.959697721644670376e-01
-4.438530549161423533e-01
7.871038426812952959e-01
9.715972242913326062e-02
-1.000000000000000000e+00
-2.145951926190609593e-01
-6.553115165250400498e-02
-3.193459624907910577e-01
1.000000000000000000e+00
1.000000000000000000e+00
1.000000000000000000e+00
-1.000000000000000000e+00
1.000000000000000000e+00
1.000000000000000000e+00
3.960918460787590245e-01
-2.958393686933882272e-01
-7.211935553129817933e-01
3.977146652202859789e-01
-3.122825882035802358e-01
-1.000000000000000000e+00
1.000000000000000000e+00
5.002236544690757958e-01
1.000000000000000000e+00
-9.375080957934089909e-01
-2.903803378665357204e-01
1.000000000000000000e+00
5.092959878937997065e-02
-1.000000000000000000e+00
-1.000000000000000000e+00
-1.333260525522042550e-01
-1.000000000000000000e+00
9.439460190505416515e-01
5.184678898288843651e-01
1.000000000000000000e+00
-1.000000000000000000e+00
5.105210699045250600e-01
6.136480194743999528e-01
6.560481190708404853e-01
1.662561116838875419e-01
1.000000000000000000e+00
1.000000000000000000e+00
8.330288500458388201e-01
9.120702138326021169e-01
2.157913376734899025e-01
3.631248694690368262e-01
1.000000000000000000e+00
-8.221049883063249464e-01
-1.000000000000000000e+00
4.941875729375669324e-02
-4.071456121183004706e-01
1.000000000000000000e+00
-8.520327749406180207e-01
9.112605726220540658e-01
-2.822608625394116832e-01
-1.046747758750725676e-01
-4.259322359145787940e-01
1.000000000000000000e+00
3.176630285815138510e-01
1.000000000000000000e+00
-4.203657958803359573e-01
-2.211885064361098774e-01
-1.000000000000000000e+00
4.636726965524179400e-01
3.578750332099539522e-01
9.756717990324610401e-01
-9.696655808565940449e-01
-6.427341144970399878e-02
9.468849765208968705e-01
1.000000000000000000e+00
-1.113963891567503195e-01
4.378399960448420281e-02
1.000000000000000000e+00
1.000000000000000000e+00
-1.000000000000000000e+00
-6.232740981610543907e-01
8.747857621142736129e-01
8.914041338063806164e-01
6.830008143734955794e-02
-4.762308710541873769e-01
-6.956407023356365737e-01
-3.167544644976094670e-01
-1.000000000000000000e+00
9.540152508629555772e-01
1.000000000000000000e+00
-1.000000000000000000e+00
-1.000000000000000000e+00
-3.771471621221453852e-01
5.202858067191538094e-01
8.163953055917498869e-01
-1.452800639144837813e-01
-1.000000000000000000e+00
1.000000000000000000e+00
8.828374235098486178e-01
-8.751842665161152501e-01
2.302762030426114270e-01
-4.978513625752687410e-01
1.000000000000000000e+00
9.828039700023276648e-01
-5.075441117805435942e-01
-1.000000000000000000e+00
1.000000000000000000e+00
1.000000000000000000e+00
1.000000000000000000e+00
-1.000000000000000000e+00
-3.282350889693219087e-01
-1.000000000000000000e+00
1.000000000000000000e+00
-8.514259378274439127e-01
-1.000000000000000000e+00
1.543663042502783078e-01
-8.979908086647119259e-01
-1.000000000000000000e+00
6.190519109224579264e-01
-6.729475479370184976e-01
4.523443924204056388e-01
3.266233712908162001e-02
1.000000000000000000e+00
1.000000000000000000e+00
-1.000000000000000000e+00
-1.911589895666182815e-01
-1.545059928372871649e-01
-4.298564112444854812e-01
9.660696985924746016e-01
-4.128648265398373596e-01
-1.000000000000000000e+00
1.000000000000000000e+00
3.433479343772215531e-01
1.000000000000000000e+00
-4.954148279850503211e-01
1.000000000000000000e+00
-7.436224262349591108e-01
-1.000000000000000000e+00
1.000000000000000000e+00
-6.866063832889006679e-01
-1.207213341471189416e-01
-5.807607736805098231e-02
1.000000000000000000e+00
7.671691428538807145e-02
1.000000000000000000e+00
-4.586185031315384020e-01
-5.073152721934948151e-01
1.000000000000000000e+00
1.000000000000000000e+00
4.842791776644184143e-02
-1.000000000000000000e+00
1.000000000000000000e+00
-1.000000000000000000e+00
-1.000000000000000000e+00
-2.798010067258713818e-01
7.783866560431895731e-01
7.618320185423370638e-01
-9.225723490857715703e-01
1.000000000000000000e+00
1.000000000000000000e+00
1.000000000000000000e+00
-1.000000000000000000e+00
-8.378944457589704298e-02
-4.238980589979592928e-01
-7.156866070683651770e-01
9.083435958069271399e-01
6.138803251971991504e-01
1.000000000000000000e+00
-3.841250835719095535e-01
-1.000000000000000000e+00
-1.000000000000000000e+00
-1.000000000000000000e+00
1.000000000000000000e+00
6.289842963065239712e-01
-1.000000000000000000e+00
-1.000000000000000000e+00
3.916771955412694517e-01
-3.995098909572329937e-01
-2.037312633389036787e-01
-6.912043282651418874e-01
-8.116540135250481791e-01
1.000000000000000000e+00
1.000000000000000000e+00
1.000000000000000000e+00
1.589371684395127771e-01
1.896824769385723197e-01
-3.529486746557702892e-01
1.000000000000000000e+00
7.118406309252309772e-01
-7.288285121438977665e-01
-1.000000000000000000e+00
-8.488856743806172389e-03
1.000000000000000000e+00
1.000000000000000000e+00
