-1.265607673484482332e-01
6.436414381605797264e-01
7.046989343567281461e-01
-4.489957777830984598e-01
-8.094331166056878413e-01
-3.946386002332454845e-01
8.839245891159768220e-01
-7.102253593524732178e-01
1.000000000000000000e+00
1.000000000000000000e+00
-1.000000000000000000e+00
2.962673768345125414e-01
-1.898522229198243982e-01
1.000000000000000000e+00
7.459459134522199442e-01
9.601961451109276569e-01
5.027135257525485734e-01
-1.000000000000000000e+00
1.000000000000000000e+00
9.745485649007129547e-01
-1.000000000000000000e+00
8.147554390955880077e-01
6.658222341085329177e-02
1.000000000000000000e+00
-1.000000000000000000e+00
7.684444899361229098e-01
2.818156214309469054e-01
7.477557672978456527e-01
1.436808994330968092e-01
-1.000000000000000000e+00
-1.000000000000000000e+00
-8.300139360978184833e-01
1.000000000000000000e+00
5.305318823373759152e-01
1.607110653192715954e-01
-1.000000000000000000e+00
1.000000000000000000e+00
-1.000000000000000000e+00
3.520145401753417280e-01
-4.386945966999518109e-01
-2.499049411031069035e-01
-7.371120734265381724e-01
-9.724732000636016060e-01
8.342135526770591003e-01
-1.000000000000000000e+00
1.000000000000000000e+00
-3.042156109289668731e-01
-8.710420036764842111e-01
-1.000000000000000000e+00
-1.000000000000000000e+00
-1.000000000000000000e+00
-9.152825886475324246e-02
5.650724536653943808e-01
-4.596524670780599564e-02
-8.534218486510936064e-01
-9.923057056976896106e-01
-1.000000000000000000e+00
1.000000000000000000e+00
1.000000000000000000e+00
-1.000000000000000000e+00
-7.510156675178815411e-02
5.820257219234473700e-01
-1.000000000000000000e+00
-8.689225323792815203e-01
1.000000000000000000e+00
8.233553460030760274e-01
8.158633580318549461e-01
-1.000000000000000000e+00
-4.740187732631105932e-01
-3.376060023003334409e-01
-3.521493697168542880e-02
1.000000000000000000e+00
8.509446563271542141e-01
-8.065744682341389193e-01
-8.672766757413106209e-01
-1.000000000000000000e+00
6.579568891941097730e-01
-7.617144356020736362e-01
-1.000000000000000000e+00
-1.000000000000000000e+00
-1.000000000000000000e+00
-1.000000000000000000e+00
1.000000000000000000e+00
1.000000000000000000e+00
-1.000000000000000000e+00
1.305766127054255876e-01
1.000000000000000000e+00
1.000000000000000000e+00
-1.818060963346157521e-02
-3.866187817083426292e-01
-1.000000000000000000e+00
2.590847134651704797e-01
1.000000000000000000e+00
-1.000000000000000000e+00
1.000000000000000000e+00
1.000000000000000000e+00
5.745773126265700803e-01
-1.000000000000000000e+00
-1.000000000000000000e+00
1.000000000000000000e+00
-8.653650142164472925e-01
-1.000000000000000000e+00
2.687692809187429699e-01
-5.505522912754201581e-01
6.171365537703354942e-01
-2.788829597683678552e-01
-8.214867238393862570e-01
5.185820023159743997e-01
8.942220588092553157e-01
-9.932413096011660780e-01
-8.113587987103383359e-01
3.552782657789801402e-01
3.015160715386517865e-01
-1.000000000000000000e+00
-1.213196156589757546e-01
-1.871817677041225370e-01
6.141329338143273198e-01
-1.000000000000000000e+00
1.000000000000000000e+00
-1.614646322605682860e-01
6.927491905701244068e-01
-1.000000000000000000e+00
-3.464294905764864207e-01
5.682349710774289298e-01
-4.429257551670173765e-01
-1.218894525260471595e-01
1.000000000000000000e+00
2.641911137014671951e-01
1.198248501928919629e-01
-1.000000000000000000e+00
-3.254822764140170022e-01
5.042441115926782347e-01
-6.873283210755798400e-01
-1.000000000000000000e+00
1.000000000000000000e+00
-1.000000000000000000e+00
-1.000000000000000000e+00
-6.563965588595004341e-01
7.770089096359544811e-01
1.000000000000000000e+00
-1.988236147638378082e-03
-6.466348234932018935e-01
1.000000000000000000e+00
-1.000000000000000000e+00
-1.000000000000000000e+00
-7.326533710963407664e-01
1.000000000000000000e+00
2.146175570943299471e-01
-9.726793823821225926e-01
1.269571700003950809e-01
1.000000000000000000e+00
1.000000000000000000e+00
7.922149410317615992e-01
1.000000000000000000e+00
-1.000000000000000000e+00
2.089386699044104567e-02
-7.377228546713037183e-01
-2.996698483032623761e-01
-1.000000000000000000e+00
-3.025655110940688175e-01
-1.000000000000000000e+00
-3.602189450999221387e-01
-1.000000000000000000e+00
-2.064970136035907122e-01
-3.818883708329806614e-01
1.000000000000000000e+00
1.000000000000000000e+00
-1.811906059156236370e-01
8.100871814675824067e-01
-1.000000000000000000e+00
-3.745472410148589226e-01
5.906089726601059242e-01
7.651954543549137622e-01
4.186178681035836457e-01
1.000000000000000000e+00
-5.269873588830886746e-01
-4.840160031748201863e-01
7.006355059324500534e-01
-1.413974543295131170e-01
1.000000000000000000e+00
-3.695351565791564208e-01
7.632889119587994431e-01
1.545815021894012542e-01
9.103370912606170151e-01
8.644632101456073414e-02
1.000000000000000000e+00
1.206908880371074799e-01
1.000000000000000000e+00
1.000000000000000000e+00
2.829001888428905875e-01
7.946349246130004484e-01
-5.382632313294551940e-01
-1.000000000000000000e+00
-8.714762045371915455e-02
-4.253684494799944149e-01
2.364019395156069514e-01
1.000000000000000000e+00
-1.000000000000000000e+00
4.033630422090654921e-01
-1.000000000000000000e+00
8.745645369804178060e-01
1.000000000000000000e+00
-8.926989712917074993e-01
-1.000000000000000000e+00
-5.245419309009062836e-01
-1.000000000000000000e+00
-1.000000000000000000e+00
3.874201226571682977e-02
1.000000000000000000e+00
3.575991260745341460e-01
3.371126284204062351e-01
-8.610038782259483714e-01
1.000000000000000000e+00
5.213240021293819026e-02
1.000000000000000000e+00
1.000000000000000000e+00
-1.000000000000000000e+00
7.334731254087660801e-01
9.855595576265148150e-01
4.408140598617804606e-01
9.822447390306088266e-01
4.090049510887033835e-01
6.258633332944256722e-01
-7.108485413866587610e-01
-7.875100770695818431e-02
-7.149939580869671962e-01
-1.000000000000000000e+00
1.000000000000000000e+00
1.000000000000000000e+00
1.359061121561463414e-01
-1.468524367058376967e-01
7.450779273270731196e-01
-5.005951937874364432e-02
1.000000000000000000e+00
-2.558374740729354446e-01
-1.000000000000000000e+00
1.701611800640887573e-01
3.597084584009619945e-01
-2.978158927562668534e-01
1.000000000000000000e+00
-6.253427917275413694e-01
2.710741217783473322e-01
9.500355238038862282e-01
1.000000000000000000e+00
3.106030833371908884e-03
-1.000000000000000000e+00
4.004921307126714236e-01
1.000000000000000000e+00
1.000000000000000000e+00
-2.140743075898381420e-01
1.000000000000000000e+00
-7.217982039144390516e-01
1.000000000000000000e+00
-4.347301139168784356e-01
6.521822128174667998e-01
-1.000000000000000000e+00
1.000000000000000000e+00
1.000000000000000000e+00
1.000000000000000000e+00
1.000000000000000000e+00
-5.789286152630344073e-01
-1.000000000000000000e+00
-4.094567346383679585e-01
1.925244325356296748e-01
-4.581886937589654263e-01
