4.959050868054750150e-01
-9.661385992017035296e-01
-1.000000000000000000e+00
8.723282003872296908e-01
-1.000000000000000000e+00
3.979321378987832336e-02
-3.862761910264580489e-01
1.000000000000000000e+00
1.000000000000000000e+00
-5.048588234215037884e-01
5.024671027191859318e-01
-1.000000000000000000e+00
-5.891119044784739467e-01
-1.297656651224571300e-02
-1.254006582414367577e-01
-1.000000000000000000e+00
1.000000000000000000e+00
-1.000000000000000000e+00
-1.000000000000000000e+00
-3.778969547524940742e-01
-4.575904460719533162e-01
-1.000000000000000000e+00
1.000000000000000000e+00
-4.221458689385183538e-01
-1.000000000000000000e+00
-9.947650386876374373e-01
1.000000000000000000e+00
-9.892332474657261621e-01
1.000000000000000000e+00
2.206331392079957654e-01
1.000000000000000000e+00
8.836696637732158743e-01
-1.000000000000000000e+00
-5.515942979000120205e-01
-4.025179195923763720e-01
5.835023987627510067e-01
6.994453535159483870e-01
7.342030177544802694e-01
1.000000000000000000e+00
-8.806162300148523414e-02
-1.000000000000000000e+00
-1.000000000000000000e+00
-4.799836352908159465e-01
-3.682360437133922471e-01
-1.000000000000000000e+00
-1.000000000000000000e+00
3.242165472755840772e-01
1.000000000000000000e+00
1.000000000000000000e+00
-8.671366693802529113e-03
9.083633671383213315e-01
-8.474181034975383220e-01
-6.144139679550064681e-02
8.898587261933633696e-01
1.000000000000000000e+00
1.000000000000000000e+00
-8.896330101213956176e-02
-5.880519141221811630e-01
2.864589179093270932e-01
1.000000000000000000e+00
-8.899733846065467358e-01
-2.695652460917477011e-01
7.692519020192130075e-01
8.042740710036080376e-01
-4.508913436329558544e-01
-1.000000000000000000e+00
5.781358252085175842e-01
-3.141978096468740489e-01
-6.188678414744452905e-01
-1.000000000000000000e+00
8.251283178086937786e-01
-1.000000000000000000e+00
-8.103341334002873708e-01
7.668670539540636266e-01
-5.761181439451437125e-01
1.000000000000000000e+00
-1.000000000000000000e+00
-1.000000000000000000e+00
1.000000000000000000e+00
1.000000000000000000e+00
-8.748048974673903189e-01
-5.234961424717238243e-01
4.072755381168046140e-01
-4.511627562053266427e-02
1.000000000000000000e+00
-1.000000000000000000e+00
-1.000000000000000000e+00
1.000000000000000000e+00
-1.007896337440168377e-01
1.000000000000000000e+00
1.000000000000000000e+00
-1.063393169248261216e-02
1.000000000000000000e+00
-4.439956434981076061e-01
-1.484874536491931352e-01
-1.000000000000000000e+00
-1.000000000000000000e+00
-1.000000000000000000e+00
-1.000000000000000000e+00
-1.000000000000000000e+00
-1.000000000000000000e+00
2.660131478026157570e-01
-5.011473729434524627e-01
-8.137130006048308717e-01
1.000000000000000000e+00
-4.738588738151409685e-01
8.655113285842574999e-02
-8.750763557143920179e-02
3.507484375711544811e-01
1.000000000000000000e+00
-7.429146047740491365e-01
1.000000000000000000e+00
-1.000000000000000000e+00
5.112102944332553855e-01
-1.000000000000000000e+00
7.746339760230604998e-01
9.276806885246013934e-03
1.000000000000000000e+00
-1.000000000000000000e+00
-5.728719383843960955e-01
-1.000000000000000000e+00
-4.963151486274377522e-01
9.980731950624217585e-01
5.250219618042095693e-01
-9.908873543383539539e-01
-4.933803456768750539e-01
-1.000000000000000000e+00
2.948961150828834921e-01
1.000000000000000000e+00
1.653289116612797205e-01
1.000000000000000000e+00
-8.842220390673719566e-01
7.630584522222452204e-01
4.121480409419640001e-01
1.000000000000000000e+00
-3.548223583143996773e-01
-1.329031821679736991e-01
-1.000000000000000000e+00
1.000000000000000000e+00
8.171858335329404976e-01
-6.857068665551276920e-01
-1.000000000000000000e+00
-4.528755017413764739e-01
-1.000000000000000000e+00
-1.000000000000000000e+00
-1.003370195804785814e-01
-2.367570501733831934e-01
-5.500496754706016844e-01
7.504308209635442983e-01
-1.000000000000000000e+00
-7.966792556374047152e-02
-1.000000000000000000e+00
-4.401379969260769132e-01
1.000000000000000000e+00
-1.000000000000000000e+00
9.104663190434811870e-01
-9.128537125532046881e-01
-1.525030379735130559e-01
1.000000000000000000e+00
-5.769701552477288775e-01
-1.000000000000000000e+00
-1.000000000000000000e+00
-1.198851338954869394e-01
-1.000000000000000000e+00
3.607423983425396274e-01
7.747539664016227512e-01
1.000000000000000000e+00
-2.953378695928862707e-01
-4.675872429890173265e-01
1.000000000000000000e+00
8.619169555672617777e-02
-7.748877246685903497e-01
-7.667871824109955270e-01
6.970122290643728791e-01
-4.334736379579051668e-01
-1.472814955045398944e-01
1.000000000000000000e+00
-1.000000000000000000e+00
-5.514273028028721102e-01
-1.711986372587273597e-01
-1.000000000000000000e+00
5.680453963491409741e-01
1.000000000000000000e+00
6.468049086046878671e-02
-8.757644821263939061e-01
-6.312023299726970960e-01
2.585176866765227510e-01
-9.143880421011970627e-01
-1.089252585120288330e-01
-5.627875173599503622e-01
-8.847225822449658050e-01
-1.000000000000000000e+00
-7.464901812595543529e-01
-3.116630336391537637e-01
6.622670628766103018e-01
2.618512018294108512e-01
-7.667175186026148337e-01
-1.000000000000000000e+00
1.000000000000000000e+00
-9.785629307820826739e-01
1.232768890982856025e-01
1.627011664839296268e-01
-1.063690835455477768e-01
-9.125345498030990044e-01
1.000000000000000000e+00
-7.174628149789278320e-01
-5.670530763678487407e-01
-9.952734862867231858e-01
-6.135282259708267905e-01
6.049620057988764898e-01
-1.000000000000000000e+00
7.873041315242184091e-01
6.126600866752962560e-01
1.000000000000000000e+00
8.624893661644981169e-01
-4.837111038735478763e-01
-1.000000000000000000e+00
-4.933797376765776121e-01
5.666330424022377743e-01
1.704902504963325960e-01
-3.305338880438826177e-01
-1.000000000000000000e+00
-5.731212935062739433e-01
-1.000000000000000000e+00
6.734969221407666184e-01
1.326583444853202121e-01
-3.481107539020842356e-01
-1.308406499912061483e-01
1.000000000000000000e+00
1.000000000000000000e+00
1.000000000000000000e+00
-1.000000000000000000e+00
1.712653942453893074e-01
5.568639559596674227e-01
1.000000000000000000e+00
-1.000000000000000000e+00
5.089858712324393242e-01
1.000000000000000000e+00
8.511945837325218811e-01
3.292438579892205119e-01
-6.834737675923359124e-01
-7.625303248628090280e-01
1.000000000000000000e+00
-9.241793340249406796e-01
-8.606487821671651162e-01
-1.124417366921753869e-01
-1.000000000000000000e+00
6.987657093920510709e-01
-6.729650789062913141e-02
1.000000000000000000e+00
-1.000000000000000000e+00
8.577516953370808439e-01
1.699116893455994148e-01
-9.933118451572905405e-01
1.000000000000000000e+00
-1.000000000000000000e+00
2.406336260268593374e-02
1.000000000000000000e+00
2.325657852689072547e-02
-3.981334476941454925e-01
2.425662433127063755e-01
1.227717825679732755e-01
-1.000000000000000000e+00
2.921904023166833619e-01
3.530722159690438122e-01
