5.143072750779061897e-01
3.652702372672478326e-01
-1.000000000000000000e+00
-3.886531021538138786e-01
1.000000000000000000e+00
1.142094102603352646e-01
-6.845895849545426959e-01
-9.667185843087805486e-01
1.000000000000000000e+00
-5.227680174536496471e-01
1.588013136449988871e-01
-4.372400323468651484e-01
3.433494935766046585e-01
-1.000000000000000000e+00
-2.932702307806434039e-02
-8.215437360539268319e-02
-6.537238306338080118e-01
-1.000000000000000000e+00
-8.902721789938908836e-01
9.061837178063160136e-01
5.758843033309952730e-01
4.313692612724379094e-01
1.541873529488643757e-01
-1.000000000000000000e+00
-4.253019822822667884e-01
-1.000000000000000000e+00
1.773280760175867110e-01
-6.494875754627996711e-01
-3.717406351926138552e-01
7.862993661371397991e-01
7.869089202768133617e-01
-9.173705590490545125e-01
-1.831759800431528862e-01
8.544419595339070028e-01
2.696813081495287867e-01
1.000000000000000000e+00
7.214213321407778601e-01
1.000000000000000000e+00
-8.583196717033279022e-01
-1.000000000000000000e+00
5.332849010399012268e-01
-3.546378538201366837e-01
-8.036918345405321684e-01
9.743073623590081667e-02
9.995602516648716129e-02
-1.101539626189058652e-01
-4.961000832932895843e-01
2.629047780545142321e-01
-1.123075248720087904e-01
7.140207008488974605e-02
1.000000000000000000e+00
-6.597604816806222905e-01
-3.508496826316293005e-01
-8.156440767097365985e-01
1.000000000000000000e+00
8.708166025988360870e-01
-2.247386856268369648e-01
-6.515553518037264791e-01
1.000000000000000000e+00
1.373477895165012841e-01
-1.000000000000000000e+00
-1.000000000000000000e+00
2.532120663517066772e-01
-4.581607064472570379e-01
1.706993108074395804e-01
9.133399016653959146e-02
-3.161128183933571423e-01
-6.658499912852127167e-01
4.766867237116588774e-01
-1.376706205065886257e-02
-1.000000000000000000e+00
1.000000000000000000e+00
-5.915742581939784639e-01
4.886063861236864536e-01
-3.966353952924739357e-01
1.000000000000000000e+00
-1.000000000000000000e+00
4.632607612913708373e-02
-1.000000000000000000e+00
7.783487414688317063e-03
4.241192622686479341e-01
-8.848359260252181002e-02
1.970656735289296746e-01
-9.405205619316225896e-01
4.248431011371477384e-01
6.447181293509839373e-01
1.000000000000000000e+00
1.000000000000000000e+00
1.000000000000000000e+00
-1.000000000000000000e+00
6.015082491404802889e-01
-1.363127034321953701e-01
-4.957809401924249126e-01
-1.000000000000000000e+00
6.268388454892325212e-01
-1.000000000000000000e+00
7.515226171381406139e-01
2.238086033936675934e-01
-3.552191313939540018e-01
1.000000000000000000e+00
6.416475163163573026e-01
-1.000000000000000000e+00
-4.927729561282250259e-01
4.892615744913371145e-01
-1.000000000000000000e+00
1.420098808258234424e-01
-7.582539405072058480e-03
-6.241650096749985499e-01
1.000000000000000000e+00
3.459460026260552379e-01
5.369810303559860998e-01
6.510133435071883135e-01
-1.000000000000000000e+00
-1.000000000000000000e+00
-1.000000000000000000e+00
-5.357702891287698943e-01
1.000000000000000000e+00
-7.139229117285360582e-01
1.000000000000000000e+00
-1.000000000000000000e+00
-1.000000000000000000e+00
5.731779301220309986e-01
-1.000000000000000000e+00
7.383815423967590164e-01
-3.144783212723963328e-01
1.000000000000000000e+00
1.000000000000000000e+00
-6.807765477835830970e-01
-1.000000000000000000e+00
-2.452267367859933267e-01
-1.000000000000000000e+00
-1.000000000000000000e+00
-3.325236896685819232e-01
4.090401502066566275e-01
-1.000000000000000000e+00
1.000000000000000000e+00
-1.000000000000000000e+00
-8.362901796432405943e-01
-1.000000000000000000e+00
-4.155071561427078342e-01
-9.232810117596892407e-01
-7.121305881216758449e-01
-1.000000000000000000e+00
-3.853641573975443713e-01
7.945231897870399518e-01
1.000000000000000000e+00
1.000000000000000000e+00
5.857998719766421836e-01
7.988117498157576435e-02
-5.047547332206858695e-01
5.590688483721408808e-01
1.000000000000000000e+00
1.000000000000000000e+00
-4.939363462973844210e-01
-1.000000000000000000e+00
-1.000000000000000000e+00
-1.000000000000000000e+00
1.000000000000000000e+00
5.255371497064083020e-01
6.934212779801005588e-01
1.000000000000000000e+00
-5.274500404290516364e-01
6.970687334110816646e-01
3.965820952862725290e-02
3.412024340675405831e-01
-6.912108869326858418e-01
3.556191209206610582e-01
1.000000000000000000e+00
4.959676542345831662e-01
-1.000000000000000000e+00
1.000000000000000000e+00
7.842449068218102504e-01
4.558647226603085301e-02
-1.000000000000000000e+00
-4.369634038599232717e-01
-3.146086815034208617e-01
1.000000000000000000e+00
4.765118625671829755e-01
-3.070912833734269487e-01
1.000000000000000000e+00
-1.000000000000000000e+00
3.980133749449218938e-01
2.501280958907766694e-01
1.371061202472563245e-01
1.000000000000000000e+00
-1.000000000000000000e+00
3.201680127534589637e-01
-1.000000000000000000e+00
-8.246336484260008426e-02
2.799515065998637864e-01
1.000000000000000000e+00
1.000000000000000000e+00
-6.199829069606301868e-01
5.789422814888555147e-01
1.000000000000000000e+00
6.147008386488779230e-01
-1.000000000000000000e+00
6.964446680535312240e-01
1.714884567918245617e-01
-9.296446987839945830e-02
1.000000000000000000e+00
4.610805963646824601e-03
1.000000000000000000e+00
-7.657691550838205963e-01
4.447930341804924304e-01
1.000000000000000000e+00
4.546252945014824243e-01
1.000000000000000000e+00
1.000000000000000000e+00
-2.640765441705898997e-01
-1.000000000000000000e+00
1.874945676842816322e-01
3.597079128614596444e-01
1.000000000000000000e+00
-6.715792106141499351e-01
4.731976020585142440e-01
1.000000000000000000e+00
3.861641414252275917e-01
1.689371128714538262e-01
4.722552496706369785e-01
-1.579630074622402347e-01
-1.000000000000000000e+00
4.337338355935238532e-02
-7.698605030705876207e-01
-9.019789643593609796e-01
-6.053440928868150106e-01
-1.000000000000000000e+00
1.000000000000000000e+00
1.000000000000000000e+00
1.000000000000000000e+00
-1.000000000000000000e+00
-1.000000000000000000e+00
7.914769189028943996e-01
5.513724218644485697e-01
4.378961629319336746e-01
-1.000000000000000000e+00
1.000000000000000000e+00
9.528879324800019202e-01
6.001949422007086810e-01
9.754144034497748139e-01
-1.000000000000000000e+00
-1.000000000000000000e+00
1.000000000000000000e+00
8.656775680623636227e-01
-3.537335069658416042e-01
-1.000000000000000000e+00
9.807354677211854721e-01
7.081966492105346012e-01
-1.000000000000000000e+00
3.536106915825203978e-01
9.362473851497142840e-01
-8.784978809874941508e-01
2.150446862759531341e-01
-1.000000000000000000e+00
-3.267620531883888013e-01
-2.537392493091498169e-01
-9.764485059770626751e-01
7.691246612492399493e-01
1.000000000000000000e+00
1.000000000000000000e+00
-1.000000000000000000e+00
-5.444584196999447956e-01
-9.227552542291435067e-01
-1.000000000000000000e+00
-1.000000000000000000e+00
