-5.973945167334491213e-01
-5.702503482807741442e-02
5.052875904727744949e-01
6.623242824641253357e-01
-1.000000000000000000e+00
1.234764414167264235e-01
5.842357412568384145e-01
3.153622307099321898e-01
-2.369621714906555709e-01
-3.808919508337875737e-01
4.122972645790137225e-01
-1.000000000000000000e+00
1.000000000000000000e+00
-1.996040034706983990e-01
-6.526556324393506525e-01
4.513403305072222205e-02
9.344672894350232184e-01
-5.634541786673457064e-01
7.376598563168050848e-01
4.510030309681312133e-02
1.512295995957928518e-01
-8.628903221913852839e-01
4.884471676545640850e-01
5.825987900484133064e-01
6.186779409311926603e-01
1.000000000000000000e+00
-6.710987000184414075e-01
-3.696263632769607455e-01
-9.003638364673942629e-01
9.534626873427733962e-01
-1.000000000000000000e+00
8.923688378529632814e-01
-6.459441855102678876e-01
1.780900076786120501e-01
-5.581004588011519996e-01
8.152848069986995405e-01
-4.704706825256130820e-01
-6.019107957434342016e-01
-2.237697561842550975e-01
-1.000000000000000000e+00
-5.706124839189818942e-01
6.165119044803573090e-01
3.992451555781584283e-02
1.000000000000000000e+00
1.000000000000000000e+00
1.000000000000000000e+00
-8.494530307118826062e-01
6.507286375437737469e-01
-7.944199065614759858e-01
1.962897483388640896e-01
9.853292686392067790e-01
8.683100941309522813e-01
1.000000000000000000e+00
6.080482585379154425e-01
-2.122328053491406852e-01
-3.103240937166220625e-01
-1.478774804322142700e-01
8.036680754547309569e-02
7.573377815940892654e-01
3.941803034487258994e-01
6.992183142592529599e-01
9.118039804693702788e-01
-9.706796893584921371e-01
-1.000000000000000000e+00
-7.403451172094903665e-01
3.653626053897790493e-01
8.392217106212607192e-01
-8.443114203140583696e-01
-1.295972606741693234e-01
3.733207109881983565e-01
2.637215007915947318e-01
7.375208225571543430e-01
7.878781871040203555e-01
7.069099622011036921e-01
6.206039625443451335e-01
1.160517643218004213e-01
-7.363201141240782732e-01
-5.698560871069336953e-01
1.000000000000000000e+00
1.636691468925204340e-01
-9.715385854951594791e-01
-9.533884221804294068e-01
-7.387479862544130693e-01
-9.175930871305904013e-01
2.892008094263678331e-01
-2.203554658280093559e-01
-6.761681061010109683e-01
9.086805582624926103e-01
6.864489251341499010e-01
-3.442962629699284349e-01
9.659007652858688786e-01
2.034223596481159468e-01
-7.659232852763806498e-01
-2.393113769899448684e-01
-8.149523229158783799e-02
7.515732978656912699e-01
-7.171962320806621882e-01
1.563606433401876217e-02
5.522273198014904239e-01
4.702339710194527456e-01
-1.000000000000000000e+00
-7.628966484860870700e-01
-3.725100305080984997e-01
2.105751187889151055e-01
7.645754243739200096e-02
-8.743337151945254071e-01
-1.663494978736546059e-02
-7.136160423696158439e-01
8.729309122912469743e-01
9.457749648142477206e-01
-5.631669365206690703e-01
-8.404456494744777517e-01
-8.605370067265836198e-01
-5.330788385339870761e-01
-5.043089189043892251e-01
8.467776367214416844e-01
-3.868944752475036442e-01
-3.599433457726868291e-01
-8.805390456596713378e-01
-8.221132288373615982e-01
5.348100257106915834e-01
2.940647724083369496e-01
4.302297753255983626e-01
9.792053665168023446e-01
-9.893580711320300036e-01
-7.813914689543750569e-01
1.794713162430472408e-01
1.000000000000000000e+00
1.000000000000000000e+00
-5.186875146223315358e-01
3.771084460437332808e-01
2.305586388619957905e-01
-5.244136974561066644e-01
5.138820576532348028e-01
-5.680522405440846523e-01
-9.739190423570833754e-01
-1.978955317718609219e-01
-7.518881328238649076e-01
-9.661391556006460046e-01
-2.657212783473719697e-02
6.606626549897260947e-01
3.209149695493038745e-01
-5.463128136470001284e-01
2.852006830743714083e-02
1.007301430418250376e-01
1.000000000000000000e+00
8.214249115529086431e-01
2.204165683031085177e-01
-1.000000000000000000e+00
-8.196631601344768203e-01
1.342076646987347410e-01
8.065157798084601204e-01
2.917499580696056860e-01
-6.023117765657672873e-01
5.043426591510928869e-01
-7.270758004071915526e-01
-6.006691442688216753e-02
-6.775777535565961074e-01
-1.000000000000000000e+00
-9.518481092013253431e-03
6.664320102870775475e-01
-7.759280422549419409e-01
8.548780152708834734e-01
-3.653554182252087279e-01
-5.091139326884341898e-01
2.502778104766447687e-01
2.956726478987725670e-02
-4.855873436183333336e-01
-1.000000000000000000e+00
-1.000000000000000000e+00
-9.778553564398417830e-01
-6.316201818404854063e-01
4.805741791797906171e-01
1.289872385874590854e-01
7.304892591861931184e-01
7.161779168165731679e-01
-4.140074279642376176e-01
1.514529292106194802e-01
4.076507062222349820e-01
-9.949540997337220638e-01
-1.000000000000000000e+00
-8.817572976091980763e-01
8.718405503066064544e-01
5.251063002289022563e-01
1.651508907146738703e-01
9.737154700160297605e-01
-1.862057341279443889e-01
-5.140381825724176235e-01
-9.631812905577470385e-01
-1.000000000000000000e+00
-7.540623447338594687e-01
6.681219393661579353e-01
3.774969409776303131e-01
7.325814179279666050e-01
6.130213631415100117e-01
-3.567826973692833636e-02
-1.000000000000000000e+00
1.000000000000000000e+00
1.000000000000000000e+00
2.693925218819855916e-01
-1.000000000000000000e+00
2.631923594336518235e-01
-7.309525709799022941e-01
-1.000000000000000000e+00
-5.520835410865494453e-01
-7.662447229680544591e-01
-4.519531078596250584e-01
9.555581481035213542e-02
4.139340675660490021e-01
-2.470337440021035391e-01
-7.336069895794496976e-01
7.265601851274807732e-01
-5.058860417565282930e-01
9.540392733710016948e-01
5.533077280919473928e-02
-4.084296859211831165e-01
-8.810067905799909838e-01
-4.397229500900696753e-01
-3.637735726675501713e-01
3.077576500864093179e-01
-1.897735527349493356e-01
-1.000000000000000000e+00
8.624363975837188168e-01
4.766486893602362440e-01
-5.991724828727933438e-01
-1.108394640038299350e-01
-2.308861408535069562e-02
-8.473385786510743145e-01
9.062676584177371542e-01
-3.905132727536870796e-01
7.032604237590007745e-01
-1.733764633948120526e-02
6.430108113279469073e-01
-7.235821199490813926e-01
7.369225326190942393e-01
6.597857565074811692e-01
9.084012067787314848e-01
-9.344196644472619884e-01
9.386926795881267438e-03
1.000000000000000000e+00
1.604230926779825483e-01
-5.448927695571004204e-01
3.259245893822271256e-02
-1.409003520805829357e-01
7.365419394539320930e-01
4.048526005504570202e-01
-1.137673843958102449e-01
1.000000000000000000e+00
5.605135518801840355e-01
-6.130820634712074169e-01
-3.722129599228021224e-01
-9.655703416925842664e-01
1.000000000000000000e+00
-2.027710351958023072e-01
-5.491068352425745314e-01
-7.424179250081259784e-01
4.586536083745027526e-01
1.000000000000000000e+00
-3.516304984480835838e-01
3.163526772148692601e-01
-9.847737065059072314e-01
8.381360579119079279e-01
3.127588621068120300e-01
7.613091557807660781e-01
-5.240430143194261259e-01
