-1.000000000000000000e+00
1.000000000000000000e+00
-6.227071105452036681e-02
3.762573761564254049e-01
1.000000000000000000e+00
5.252334537758989175e-01
-5.770130801219510719e-01
-5.420205479993766007e-01
-6.679442644708222243e-01
1.374598765808917600e-01
-4.344603574334646723e-01
-1.000000000000000000e+00
1.706456429451082002e-01
-4.395528236425699786e-01
-8.355444919125942782e-01
5.819650339097501845e-01
-1.000000000000000000e+00
-5.175466743675146697e-01
3.723512045791255720e-01
-1.000000000000000000e+00
-6.172039137049467605e-02
-2.343553218974614993e-01
1.000000000000000000e+00
-2.795533767281567217e-01
-1.000000000000000000e+00
-1.000000000000000000e+00
-1.000000000000000000e+00
1.000000000000000000e+00
1.000000000000000000e+00
2.634625541264465909e-01
1.000000000000000000e+00
1.000000000000000000e+00
3.819771608329820545e-01
5.210822116906608237e-01
-6.375839568823652437e-01
6.255579802440554005e-01
9.194729240917227653e-01
5.394029520492242824e-01
-1.000000000000000000e+00
-1.000000000000000000e+00
-1.000000000000000000e+00
-1.850730251655522407e-01
-5.936898215839627735e-01
-5.540753162913201191e-01
1.000000000000000000e+00
-1.000000000000000000e+00
6.434267400502220458e-01
-3.662432319185878749e-01
-4.604124256017947392e-01
-7.847104414972817521e-01
6.766018721240141254e-01
1.000000000000000000e+00
-1.000000000000000000e+00
-3.797494435376117528e-01
5.349830406633091506e-01
-1.000000000000000000e+00
-4.538086723379131104e-01
-3.657840962202374424e-01
8.750048487685173626e-01
4.730345054004623795e-01
-3.835485256329627113e-01
4.269163206054031878e-01
-2.210333610903192358e-02
-1.000000000000000000e+00
1.000000000000000000e+00
6.076884535130089304e-01
1.000000000000000000e+00
-9.004249593973117083e-01
-4.771816075570314286e-01
-1.000000000000000000e+00
-1.000000000000000000e+00
-1.000000000000000000e+00
7.700077328928515152e-01
4.703297099859979347e-01
-8.429554360228004584e-02
-6.045423025325169508e-01
-1.000000000000000000e+00
-4.488681143549229091e-01
1.000000000000000000e+00
4.447049206186926562e-01
4.547234516405257443e-01
-2.675752472845462915e-01
-7.536239575446161965e-01
-4.767610602158220412e-02
-4.791281696802853762e-01
6.349251697837288155e-01
5.378410819580570212e-01
-9.729237453020489479e-01
5.691401948575027792e-01
1.000000000000000000e+00
1.000000000000000000e+00
6.548872245893817556e-01
3.996575839499230121e-01
-1.000000000000000000e+00
4.025723026248895220e-02
-3.045480806377987015e-01
-4.294288919842445540e-02
6.579499173042082649e-01
3.828339460301208308e-01
1.000000000000000000e+00
-3.754133987848071730e-01
-4.607755835277100864e-01
1.000000000000000000e+00
-9.221671529865782535e-01
1.000000000000000000e+00
-5.330549938260893406e-01
-9.645100418900888206e-01
-5.159631849428167882e-01
1.000000000000000000e+00
-1.000000000000000000e+00
9.830744896283627465e-01
-5.118913949938433960e-01
1.000000000000000000e+00
-1.000000000000000000e+00
-1.000000000000000000e+00
-1.000000000000000000e+00
-1.000000000000000000e+00
5.752607546422554563e-01
-1.000000000000000000e+00
-3.507508491538418038e-01
-1.000000000000000000e+00
-4.215671539041376814e-01
-1.167886977791077752e-01
1.132243768618860225e-01
-8.240973935238566916e-01
-1.000000000000000000e+00
1.000000000000000000e+00
-5.081246886747378122e-01
5.034985541615712989e-01
7.595688662643795830e-01
9.207233085865018651e-03
4.491793945123647713e-01
-1.000000000000000000e+00
-1.000000000000000000e+00
6.101330163685072527e-01
-6.346374442675839500e-01
-6.157414349110863494e-01
-8.499874428209922561e-01
1.000000000000000000e+00
-3.711197321113126613e-01
1.000000000000000000e+00
6.477657823604541232e-01
-5.446828746154142031e-02
1.118320573815671515e-01
-1.000000000000000000e+00
-8.676266158316092714e-01
1.000000000000000000e+00
-3.832759219635897274e-01
-1.000000000000000000e+00
-1.954662150754299388e-01
-9.390780772303179980e-01
-1.000000000000000000e+00
6.056857889656559468e-01
9.355916336120255750e-01
1.519934679518544218e-01
-1.000000000000000000e+00
-1.000000000000000000e+00
1.000000000000000000e+00
4.596181476797162047e-01
-2.018737915799940774e-01
2.020338233132853434e-01
-5.175015203222745885e-01
-8.018236566074943283e-02
1.000000000000000000e+00
-3.943579567503900929e-01
-1.000000000000000000e+00
-1.000000000000000000e+00
3.429844255745273518e-02
2.862849743924749113e-01
6.975120456779561051e-01
-6.161939062237017373e-01
-9.124902457237215048e-01
1.000000000000000000e+00
-1.000000000000000000e+00
-3.292877144403538736e-01
-4.532405435818285255e-01
1.752529574177132954e-01
7.334886221587482158e-01
9.971612262787369341e-01
2.863981629533141060e-02
-1.000000000000000000e+00
-6.208096405249181604e-01
9.548932549776226741e-01
1.000000000000000000e+00
1.000000000000000000e+00
3.735754236126296313e-01
-5.936678526380654297e-01
-1.000000000000000000e+00
-8.765457643599792181e-01
1.838023762046546716e-01
-7.438768488135349966e-01
6.336973315801828210e-01
8.490303822773608289e-01
1.000000000000000000e+00
1.000000000000000000e+00
7.531907050355290956e-01
-1.855820591042260936e-01
1.000000000000000000e+00
-9.501817360756222852e-01
-3.774113036833273704e-02
1.948061794685524983e-01
-1.000000000000000000e+00
3.854310865460860436e-01
-4.718199255535494574e-01
8.068177314579306758e-01
9.373940085541141443e-01
-1.000000000000000000e+00
8.588650575291152389e-01
-6.981588808446559380e-01
-1.000000000000000000e+00
-1.000000000000000000e+00
3.817403937628185417e-01
1.484089666548380482e-01
-1.728360828428091300e-01
6.252843685267386320e-01
-8.774486903106630820e-01
-1.000000000000000000e+00
-5.879731077707175402e-01
-1.466672885658897307e-01
-4.784214704504218263e-01
1.000000000000000000e+00
-7.153406182419175252e-01
8.890539638953712798e-01
9.974789910006234273e-01
-1.000000000000000000e+00
3.107426669327343904e-01
1.000000000000000000e+00
1.000000000000000000e+00
6.434372926075228039e-01
1.000000000000000000e+00
-2.996662670418136498e-01
-1.000000000000000000e+00
-1.000000000000000000e+00
5.406807994383592275e-01
9.868026254934976205e-01
-6.967334327902323654e-01
-6.442806878402074222e-01
5.563351490183092718e-01
-1.000000000000000000e+00
1.000000000000000000e+00
3.296244260026016670e-01
7.307992062135792999e-02
-1.488283378124250489e-01
1.000000000000000000e+00
1.000000000000000000e+00
4.748908807480478611e-02
-1.000000000000000000e+00
4.786171051051990033e-01
8.813038066517659974e-01
1.000000000000000000e+00
-6.374252521683889672e-01
5.555923939133706746e-01
-1.000000000000000000e+00
8.306628764240702179e-01
3.781751578228597088e-01
1.000000000000000000e+00
-1.000000000000000000e+00
3.362171984427277938e-01
1.000000000000000000e+00
1.000000000000000000e+00
2.934563925016918651e-01
2.503186797114723139e-01
1.000000000000000000e+00
1.796075714986090643e-01
1.000000000000000000e+00
