7.925094313665365098e-01
-6.175440113724732782e-01
3.987157644925065636e-02
1.000000000000000000e+00
-4.879771081166735525e-01
1.000000000000000000e+00
-9.687345830601663543e-01
-1.000000000000000000e+00
-2.699879168928109863e-04
-1.000000000000000000e+00
6.485410586119414456e-01
-4.402937821700647625e-02
-1.000000000000000000e+00
-6.783389677004714180e-01
1.000000000000000000e+00
3.759903094347587516e-01
4.087058376375325430e-01
1.000000000000000000e+00
1.000000000000000000e+00
9.689312685293297034e-02
-1.000000000000000000e+00
4.397449754657982712e-01
-2.011130603926276628e-01
8.909202116533398996e-01
-1.000000000000000000e+00
1.000000000000000000e+00
-8.131524549603659224e-01
1.000000000000000000e+00
-1.000000000000000000e+00
-3.941935696265042033e-02
1.000000000000000000e+00
-5.088492039479598494e-01
-1.000000000000000000e+00
3.255609138449594431e-01
-1.000000000000000000e+00
9.474684413829081997e-01
1.000000000000000000e+00
-8.823322400025981338e-01
-1.000000000000000000e+00
1.000000000000000000e+00
-5.732344336685830655e-01
-8.511315163464693301e-01
7.952051544781231218e-01
-1.000000000000000000e+00
9.787680909542547658e-01
-6.753534864923528280e-01
4.630434861019044890e-01
1.000000000000000000e+00
4.841043658959121032e-02
-1.000000000000000000e+00
-1.000000000000000000e+00
-1.000000000000000000e+00
1.000000000000000000e+00
7.146342326560570779e-01
-1.000000000000000000e+00
-1.000000000000000000e+00
1.394434720022086349e-02
-1.000000000000000000e+00
7.500462467865842697e-03
4.363980222395901776e-01
-1.000000000000000000e+00
-1.000000000000000000e+00
-1.000000000000000000e+00
3.189471417969269584e-01
-8.946836102948976244e-01
1.000000000000000000e+00
-1.000000000000000000e+00
7.641050132187808819e-01
4.864071724499396954e-01
-3.301459154964458964e-01
3.961431398904360357e-01
-9.963570252716383857e-01
-3.065660572205172740e-01
-4.709746669812719944e-02
-4.861790439831539246e-01
4.304258857617835332e-01
-1.000000000000000000e+00
1.000000000000000000e+00
-1.000000000000000000e+00
-1.000000000000000000e+00
-4.686974417333100718e-01
-1.000000000000000000e+00
-1.000000000000000000e+00
-8.005672607955913733e-01
-6.683687531697757311e-02
3.405850519091542794e-01
1.000000000000000000e+00
-4.239661749255342338e-01
6.767401995107282797e-01
-1.000000000000000000e+00
6.658787941264456833e-01
-3.576723975006172451e-01
3.507751685865757030e-01
-3.016858868007624705e-01
-1.000000000000000000e+00
2.350256816094068446e-01
1.000000000000000000e+00
-8.250278106305575232e-01
9.642564743192310051e-01
-1.000000000000000000e+00
9.988396136274809711e-01
-1.212888656535763277e-01
-5.146796181317772056e-01
-1.000000000000000000e+00
1.239900482136925275e-01
-1.101728985938743299e-01
1.109236417020131316e-01
-1.000000000000000000e+00
-1.000000000000000000e+00
-1.000000000000000000e+00
-6.052797053212923828e-01
-5.355906407153088189e-01
-1.000000000000000000e+00
6.460781855461363854e-01
1.000000000000000000e+00
-1.000000000000000000e+00
3.698614642151525356e-01
-6.437814398059156229e-01
-1.000000000000000000e+00
7.773522101326422185e-01
-9.026609275440273805e-01
-1.000000000000000000e+00
9.829354935291310102e-01
-1.980104410479269494e-01
9.944280311634005054e-01
1.320335235841518795e-04
1.000000000000000000e+00
-1.000000000000000000e+00
-1.000000000000000000e+00
8.156138400041099690e-01
-1.000000000000000000e+00
-2.702453959126290828e-01
-8.462549728942287963e-01
1.000000000000000000e+00
-4.640640716208144223e-01
-8.716238613424504011e-02
1.000000000000000000e+00
-1.000000000000000000e+00
1.000000000000000000e+00
6.267312525263759593e-01
7.603917115148755013e-01
-2.368936635688047021e-01
-3.570684980833704891e-02
1.203232901872048899e-01
-1.000000000000000000e+00
-8.471173279304246018e-01
1.000000000000000000e+00
-6.224613370748927066e-01
-1.000000000000000000e+00
6.812483304329843836e-01
-9.776568240296067414e-01
-1.000000000000000000e+00
2.049244617403518376e-01
-7.117725489434429953e-01
-1.000000000000000000e+00
4.837645011560181563e-01
-5.594097734827161439e-01
2.192885255161594049e-01
1.000000000000000000e+00
3.130760773725722590e-01
1.000000000000000000e+00
-1.000000000000000000e+00
-1.000000000000000000e+00
8.370387004259045582e-01
-4.419122678444711849e-01
1.000000000000000000e+00
-1.000000000000000000e+00
-2.705429857019471251e-01
7.894144896621433372e-01
-4.563031991964994205e-01
2.685371633017613613e-01
-1.000000000000000000e+00
2.151968333791609567e-02
-3.631830959214322752e-01
6.652733475203542746e-01
1.878381202955868579e-01
-6.828840102614527341e-01
-1.000000000000000000e+00
-9.150930752801722523e-01
1.764260518727757132e-01
-9.961940453587629918e-01
-1.000000000000000000e+00
2.613461831734100738e-01
-4.098521850565939317e-02
-5.213303472439005937e-01
8.264055584136867916e-01
3.461141346073383085e-01
6.124183784119225926e-01
-1.000000000000000000e+00
4.522380401313342846e-01
1.000000000000000000e+00
-4.836767557904566583e-01
4.280794442263552435e-01
-1.000000000000000000e+00
1.000000000000000000e+00
6.669131529311864703e-01
1.000000000000000000e+00
-1.975572064976541808e-01
1.000000000000000000e+00
-1.882512383437818793e-01
1.000000000000000000e+00
8.691331412173652904e-01
-8.579674064289954938e-01
5.832830807950500907e-01
-1.000000000000000000e+00
-1.000000000000000000e+00
-1.000000000000000000e+00
1.000000000000000000e+00
-4.512773020607856456e-01
-1.000000000000000000e+00
-8.734124884496174968e-01
-1.000000000000000000e+00
-2.923712672408942392e-01
1.000000000000000000e+00
-5.235486961459954180e-01
1.000000000000000000e+00
1.000000000000000000e+00
1.000000000000000000e+00
-3.352976622825838970e-01
1.000000000000000000e+00
-9.670975353148403286e-02
-1.000000000000000000e+00
-1.000000000000000000e+00
1.000000000000000000e+00
1.000000000000000000e+00
-1.000000000000000000e+00
-1.000000000000000000e+00
7.896392777885652414e-02
1.000000000000000000e+00
1.000000000000000000e+00
2.105391034933798977e-01
6.014005305942416585e-02
1.000000000000000000e+00
-3.892690596268023606e-01
-1.000000000000000000e+00
-8.873358621331748353e-01
1.000000000000000000e+00
1.000000000000000000e+00
5.820605311653375136e-01
-1.000000000000000000e+00
-2.407188681180225664e-01
-1.000000000000000000e+00
1.000000000000000000e+00
1.000000000000000000e+00
-7.103155138412275971e-02
-1.000000000000000000e+00
1.000000000000000000e+00
9.642982679303777616e-01
1.000000000000000000e+00
1.000000000000000000e+00
1.000000000000000000e+00
7.035272750282860477e-01
-1.000000000000000000e+00
7.237893636356165228e-01
1.000000000000000000e+00
6.359501952914687894e-01
1.000000000000000000e+00
-4.232574708005871766e-01
1.000000000000000000e+00
-2.341750860133329226e-02
-1.000000000000000000e+00
6.473051737720083576e-01
1.000000000000000000e+00
2.553487190534866613e-01
1.000000000000000000e+00
