-1.000000000000000000e+00
-3.443318282348589165e-01
-1.000000000000000000e+00
1.000000000000000000e+00
-4.661880960251507666e-01
5.355503897689619652e-01
2.014917965294477087e-01
-1.000000000000000000e+00
7.278301352792151402e-01
1.000000000000000000e+00
-2.219321235640407952e-01
-5.367507134247659906e-01
2.196260262916267525e-01
8.744821469456275365e-01
5.061044492975652620e-01
1.000000000000000000e+00
3.658558443843589192e-01
-1.000000000000000000e+00
7.383614612402538135e-01
1.000000000000000000e+00
8.352347885928202986e-01
1.000000000000000000e+00
1.000000000000000000e+00
4.122546641377493604e-01
-6.347649222403026759e-01
-8.825107297504948545e-02
5.630064516358801452e-01
2.587867038353575122e-01
-1.334882701818090878e-01
-1.000000000000000000e+00
-1.000000000000000000e+00
3.194357695508784345e-01
7.224213909002130674e-02
-3.797631822806129542e-01
2.835047284817011626e-01
4.373230503304482708e-01
1.770246265158583743e-01
1.000000000000000000e+00
1.000000000000000000e+00
4.032021437696424737e-01
1.961611580892590467e-01
-2.024744169850569708e-01
3.582766076220456064e-02
1.000000000000000000e+00
-4.121733785223673507e-01
-1.000000000000000000e+00
-4.693067509014641203e-01
-1.000000000000000000e+00
3.172633229444207226e-01
4.215337339827420760e-01
-1.000000000000000000e+00
1.000000000000000000e+00
-5.602969955934828938e-01
-1.000000000000000000e+00
-1.000000000000000000e+00
-3.719533370291537855e-01
-1.000000000000000000e+00
-5.860891873115893214e-01
6.483413641091710922e-01
1.000000000000000000e+00
9.811332143713559217e-01
-5.871505303739457116e-01
1.000000000000000000e+00
-4.613805876777732351e-03
1.219850955645229718e-02
1.000000000000000000e+00
-1.000000000000000000e+00
-8.976609750038089253e-01
5.562393297338110720e-01
-7.126526064025497931e-01
-4.039200530578789250e-01
1.000000000000000000e+00
2.303407695783205034e-02
-1.000000000000000000e+00
1.000000000000000000e+00
1.000000000000000000e+00
-4.659834339874386333e-01
1.000000000000000000e+00
7.475300168651988209e-02
1.415644888865431605e-01
-1.000000000000000000e+00
-1.000000000000000000e+00
-1.917511230256077059e-01
-3.215342238269369712e-01
-2.004036693856857121e-01
-1.000000000000000000e+00
1.000000000000000000e+00
9.522896127383824183e-01
1.000000000000000000e+00
5.127230858886678844e-01
7.659286363225645267e-02
-1.000000000000000000e+00
-1.000000000000000000e+00
-9.419208706951752719e-01
6.945243055249727959e-01
-7.244267405110271785e-01
-5.317520172028774583e-01
7.249209518978870781e-01
-5.870862270690928586e-01
9.117843613047802442e-01
1.904426430317467389e-01
-1.000000000000000000e+00
-1.000000000000000000e+00
1.582901703733463616e-01
-1.000000000000000000e+00
-8.567329110231576283e-01
2.731730631309348123e-02
1.000000000000000000e+00
-1.000000000000000000e+00
-1.000000000000000000e+00
1.166345970777245000e-01
1.000000000000000000e+00
-4.770525301482786418e-01
-3.643958123308495556e-01
5.565231780000942097e-01
1.000000000000000000e+00
1.000000000000000000e+00
8.396318907327227077e-01
-2.596272018860573683e-01
-8.405812963499446067e-01
1.000000000000000000e+00
-8.010915617223077767e-01
1.668447744023562329e-01
1.000000000000000000e+00
-1.000000000000000000e+00
-4.125344536914488103e-02
-1.000000000000000000e+00
6.399722809738072060e-01
-2.267905225503475675e-01
-6.820463502687533763e-01
-7.457282670676455005e-01
1.000000000000000000e+00
-1.000000000000000000e+00
-6.894772921087196638e-01
-1.000000000000000000e+00
8.873310382180483735e-01
-1.000000000000000000e+00
-2.815871929012461194e-01
1.000000000000000000e+00
2.369212473312272138e-01
-1.000000000000000000e+00
1.000000000000000000e+00
-6.714814361196430603e-01
-1.000000000000000000e+00
1.000000000000000000e+00
1.000000000000000000e+00
-1.000000000000000000e+00
1.000000000000000000e+00
-8.017348457662907268e-01
-1.000000000000000000e+00
1.082718047743125300e-02
-1.000000000000000000e+00
9.048488020492844175e-01
1.000000000000000000e+00
1.000000000000000000e+00
-1.000000000000000000e+00
1.000000000000000000e+00
1.000000000000000000e+00
1.000000000000000000e+00
-6.119635893128657633e-01
1.063085892230082319e-01
1.867955021237873714e-01
-6.762649006730715451e-01
-3.619538040004200430e-01
-1.197207371354510608e-01
-1.000000000000000000e+00
4.331057239150614691e-01
-2.794381232414256955e-01
-1.802639690609849632e-01
4.438461743696382467e-01
1.000000000000000000e+00
2.311161870706041066e-01
-1.847040607026642633e-01
-1.240610287915199228e-01
-6.760597714929656998e-01
8.892628641842725834e-01
1.000000000000000000e+00
1.000000000000000000e+00
-6.810205227005738937e-01
1.000000000000000000e+00
-1.000000000000000000e+00
1.460681804579796461e-01
5.297531152197202386e-01
-3.761763731737869931e-01
-2.821901302575635095e-01
1.000000000000000000e+00
-1.000000000000000000e+00
1.000000000000000000e+00
-2.342797848245232739e-01
1.527579987235326842e-01
-1.000000000000000000e+00
1.000000000000000000e+00
-9.921966712171004232e-01
-1.000000000000000000e+00
-1.000000000000000000e+00
1.595089279051841724e-01
-1.000000000000000000e+00
7.457030157980517604e-01
-7.049584334429082055e-02
8.761560302384641119e-02
7.455521131018069125e-01
-1.000000000000000000e+00
9.393843462480078177e-01
4.880013395519324781e-01
-8.061776683175988500e-01
1.000000000000000000e+00
-1.000000000000000000e+00
9.351961179445020811e-01
-2.859668953283502901e-01
1.301890336817811411e-01
-6.058504691727882585e-02
-4.968584924934632552e-01
-2.971605457032311381e-02
7.415305181468494489e-01
3.958404185933072084e-01
1.000000000000000000e+00
2.632566332373876827e-01
1.000000000000000000e+00
-1.000000000000000000e+00
-1.000000000000000000e+00
-7.619654072192997285e-01
-1.000000000000000000e+00
-9.793301711954418565e-01
3.507498032919432740e-01
1.000000000000000000e+00
-7.316613934568027000e-01
-2.411445256903239909e-01
1.000000000000000000e+00
3.984042214527172554e-02
-2.339397366260328459e-01
3.112483324680359598e-01
1.000000000000000000e+00
-3.659992693298639299e-01
-1.000000000000000000e+00
9.148501296283100270e-01
1.000000000000000000e+00
-1.000000000000000000e+00
8.121477226631675927e-01
-1.000000000000000000e+00
-6.059184179136802850e-01
-4.257392588411618162e-01
8.334090839321023347e-01
3.987260599932194172e-01
7.508075799491715774e-01
1.000000000000000000e+00
-1.000000000000000000e+00
1.000000000000000000e+00
-5.203302961815091665e-01
3.031197519441259924e-01
6.939801812600079334e-01
8.589190995971534015e-01
1.000000000000000000e+00
1.000000000000000000e+00
1.000000000000000000e+00
1.000000000000000000e+00
4.730152907886031599e-02
-1.000000000000000000e+00
1.000000000000000000e+00
-1.000000000000000000e+00
5.083355613550106789e-01
-1.000000000000000000e+00
-1.000000000000000000e+00
5.971198839923126389e-01
3.081089226709419759e-01
-7.419938613541013916e-01
